# states in shortest path from s to t
12

# shortest path from s to t
4	-4	4	1	0
5	-4	4	1	0
6	-4	4	1	0
7	-4	4	1	0
8	-4	4	1	0
9	-4	4	1	0
10	-4	4	1	0
11	-4	4	2	1
13	-3	4	2	1
15	-2	4	2	1
17	-1	4	2	1
19	0	4	1	0

# cost of shortest path
3.986

# Line i represents a sample taken at time i. The sample corresponds to a discrete state.
# Line Format: [sample ID] [x] [y] [z] [x-component of yaw] [y-component of yaw] [U: marginal coverage]
#              [sample ID of nearest neighbor 1] [shortest path cost to nearest neighbor 1] [shortest path cost from nearest neighbor 1]
#              ...
#              [sample ID of nearest neighbor k] [shortest path cost to nearest neighbor k] [shortest path cost from nearest neighbor k]
0	15	-3	4	0	-1	70	155	0.250	0.250	252	0.375	0.375	63	0.750	0.750	135	0.780	0.780	222	0.875	0.750	
1	-5	-1	4	-1	-2	18	418	0.250	0.250	398	0.479	1.280	317	0.500	1.125	150	0.625	1.250	399	0.625	0.875	
2	13	-4	4	-1	-2	5	151	0.250	0.250	158	0.375	0.375	20	0.500	0.500	323	0.625	0.625	117	0.750	0.875	
3	6	-1	4	-1	-1	37	160	0.125	0.125	376	0.125	0.125	106	0.500	1.375	420	0.500	1.000	39	0.604	1.714	
4	4	-2	4	0	-1	4	200	0.125	0.125	39	0.375	0.375	360	0.375	1.125	422	0.625	0.780	123	0.729	1.714	
5	-5	2	4	-1	2	4	379	0.125	0.125	77	0.250	0.250	56	0.375	1.125	488	0.375	1.250	339	0.479	1.405	
6	-2	1	4	1	-2	45	456	0.375	0.375	74	0.500	1.375	27	0.500	0.875	390	0.500	0.500	81	0.559	1.589	
7	-6	1	4	-2	-1	40	306	0.375	0.375	186	0.655	0.655	71	0.750	0.750	418	0.839	0.839	234	0.875	0.875	
8	-5	-2	4	-1	1	4	399	0.479	1.155	49	0.500	1.000	330	0.500	0.500	86	0.604	1.155	150	0.604	1.530	
9	13	-1	4	1	2	28	152	0.500	1.375	480	0.500	0.500	240	0.559	1.589	26	0.625	0.625	245	0.625	0.625	
10	19	-2	4	-1	-1	30	346	0.479	1.280	115	0.530	0.530	359	0.625	1.375	367	0.625	0.625	227	0.964	0.964	
11	0	-4	4	2	1	5	251	0.125	0.125	100	0.500	1.375	384	0.500	0.500	258	0.500	1.125	468	0.655	0.655	
12	-1	-1	4	0	-1	15	81	0.125	0.125	354	0.250	0.250	263	0.500	1.000	479	0.500	1.250	110	0.729	1.714	
13	10	-2	4	1	0	36	233	0.625	1.030	116	0.625	0.625	26	0.729	1.714	374	0.750	0.905	143	0.750	1.125	
14	-5	1	4	-1	2	0	19	0.250	0.250	379	0.375	1.000	5	0.500	1.125	402	0.500	0.500	77	0.500	1.375	
15	-5	-6	4	1	0	3	324	0.375	1.375	205	0.500	0.500	131	0.625	0.780	137	0.780	0.780	319	0.854	1.464	
16	6	-4	4	0	1	10	286	0.250	1.250	170	0.375	0.375	91	0.375	0.375	334	0.500	0.500	264	0.500	1.250	
17	5	2	4	-2	-1	32	142	0.375	1.000	451	0.479	1.405	83	0.479	1.155	322	0.625	0.625	336	0.625	0.750	
18	-3	3	4	-1	0	12	129	0.375	1.000	132	0.625	0.625	445	0.750	0.905	234	0.854	1.479	379	0.854	1.339	
19	-5	1	4	-2	1	1	14	0.250	0.250	402	0.250	0.250	306	0.375	1.000	7	0.500	1.375	5	0.625	0.875	
20	13	-4	4	2	-1	19	158	0.125	0.125	151	0.250	0.250	2	0.500	0.500	138	0.750	1.750	34	0.875	1.280	
21	11	0	4	-1	-2	18	471	0.125	0.125	226	0.500	1.125	461	0.625	0.625	338	0.625	0.625	233	0.625	1.000	
22	-4	2	4	2	1	8	413	0.250	0.250	93	0.375	1.250	331	0.500	0.875	445	0.500	0.500	430	0.625	0.625	
23	6	-1	4	2	1	27	97	0.250	0.250	368	0.500	0.875	388	0.655	0.655	207	0.684	1.464	308	0.684	1.714	
24	-3	-1	4	-1	1	0	218	0.375	0.375	201	0.604	1.155	186	0.604	1.589	198	0.655	0.655	295	0.750	0.750	
25	4	-1	4	-1	0	107	255	0.250	1.125	39	0.500	0.500	266	0.500	0.500	385	0.625	0.780	428	0.625	0.625	
26	12	-1	4	1	2	2	355	0.375	0.375	127	0.500	0.875	9	0.625	0.625	245	0.625	1.250	211	0.750	0.750	
27	-2	0	4	2	-1	14	111	0.375	0.375	447	0.500	1.125	74	0.500	0.500	12	0.604	1.375	187	0.625	0.625	
28	-6	-4	4	2	1	7	285	0.500	0.500	156	0.500	0.500	181	0.500	0.500	495	0.500	0.500	288	0.604	1.375	
29	-2	3	4	-1	0	9	18	0.250	1.375	363	0.250	0.250	199	0.375	0.375	129	0.625	1.375	321	0.780	0.780	
30	-4	-3	4	-2	-1	9	458	0.500	1.125	353	0.500	0.875	120	0.625	0.750	220	0.750	0.625	195	0.750	0.875	
31	10	1	4	-2	1	4	280	0.500	0.500	370	0.500	0.500	492	0.500	0.500	48	0.604	1.375	312	0.625	0.625	
32	3	-3	4	1	0	0	360	0.250	1.125	422	0.250	0.250	291	0.500	0.500	268	0.500	0.500	347	0.750	0.750	
33	4	0	4	2	-1	13	98	0.125	0.125	388	0.375	1.250	37	0.479	1.280	262	0.500	1.125	23	0.559	1.589	
34	14	-3	4	1	2	8	222	0.479	1.375	313	0.625	0.625	135	0.729	1.479	139	0.854	1.250	489	0.875	1.030	
35	4	-1	4	1	-2	0	266	0.125	0.125	4	0.375	1.250	64	0.479	1.375	200	0.500	1.375	39	0.500	1.125	
36	8	-4	4	0	-1	2	493	0.250	0.250	411	0.750	0.625	157	0.875	0.875	287	0.875	0.750	310	1.000	1.000	
37	5	-1	4	2	-1	0	64	0.500	0.500	97	0.500	1.125	23	0.500	1.375	262	0.625	0.625	232	0.729	1.714	
38	19	0	4	1	-2	54	382	0.250	0.250	383	0.375	0.375	10	0.625	1.625	183	0.625	0.750	409	0.875	1.000	
39	4	-2	4	-2	-1	24	200	0.250	0.250	4	0.375	0.375	25	0.500	0.500	360	0.625	1.250	255	0.750	0.655	
40	0	-1	4	-1	1	5	423	0.375	0.375	325	0.625	0.750	298	0.750	0.750	257	0.854	1.354	433	0.854	1.339	
41	0	-2	4	-1	2	4	172	0.125	0.125	212	0.375	0.375	40	0.375	1.000	325	0.479	1.280	298	0.500	0.500	
42	16	2	4	1	-1	19	239	0.125	0.125	94	0.354	1.405	497	0.479	1.155	375	0.604	1.839	125	0.625	0.625	
43	12	-2	4	-1	1	4	197	0.125	0.125	417	0.125	0.125	277	0.625	0.750	355	0.625	0.875	448	0.655	0.655	
44	0	1	4	-1	-1	6	335	0.125	0.125	414	0.375	0.375	133	0.500	0.875	393	0.530	0.530	321	0.530	0.530	
45	-6	1	4	1	0	2	71	0.125	0.125	296	0.125	0.125	234	0.375	1.000	405	0.500	0.500	145	0.625	0.780	
46	15	-2	4	-1	-2	3	380	0.250	0.250	0	0.375	1.250	155	0.375	1.000	252	0.500	0.875	222	0.625	0.625	
47	14	2	4	-1	1	2	141	0.500	1.375	449	0.625	1.250	491	0.625	0.625	124	0.625	0.875	391	1.000	1.375	
48	9	2	4	0	1	0	188	0.250	0.250	299	0.500	0.500	51	0.625	0.625	76	0.625	0.625	289	0.750	0.905	
49	-5	-1	4	-1	2	0	412	0.500	0.500	418	0.500	0.500	86	0.625	0.625	306	0.729	1.714	430	0.729	1.604	
50	4	-4	4	-1	0	31	377	0.125	0.125	123	0.500	1.250	347	0.854	1.280	291	0.875	1.125	39	0.875	0.875	
51	9	2	4	-2	-1	20	188	0.375	0.375	177	0.479	1.155	343	0.604	1.280	48	0.625	0.625	407	0.625	0.625	
52	14	-1	4	1	2	5	480	0.125	0.125	389	0.375	0.375	485	0.500	0.500	352	0.500	1.125	9	0.625	0.625	
53	11	-2	4	-1	-1	4	469	0.250	0.250	404	0.500	0.875	143	0.604	1.530	169	0.604	1.714	277	0.625	0.625	
54	19	2	4	-1	0	15	300	0.250	1.250	72	0.375	1.375	460	0.604	1.155	256	0.625	1.500	406	0.729	1.375	
55	7	0	4	-1	-1	4	315	0.125	0.125	477	0.250	0.250	376	0.354	1.405	160	0.479	1.405	303	0.500	0.875	
56	-5	3	4	-1	2	1	435	0.250	0.250	488	0.375	0.375	194	0.750	0.750	339	0.750	0.750	467	0.875	0.875	
57	16	-1	4	-1	1	0	307	0.250	0.250	431	0.625	0.625	410	0.729	1.714	484	0.750	0.750	126	0.750	1.125	
58	-6	-1	4	2	1	0	86	0.250	0.250	274	0.250	0.250	412	0.500	1.125	150	0.625	0.625	290	0.729	1.604	
59	3	2	4	1	2	0	284	0.250	0.250	185	0.375	1.000	329	0.375	0.375	254	0.500	0.500	327	0.625	0.625	
60	11	-3	4	0	1	0	448	0.125	0.125	374	0.125	0.125	499	0.375	0.375	344	0.375	1.375	277	0.500	1.250	
61	2	-4	4	2	1	1	291	0.500	1.375	476	0.500	0.875	360	0.684	1.464	422	0.875	0.905	32	0.875	1.155	
62	17	-1	4	-1	0	11	246	0.125	0.125	227	0.375	0.375	307	0.375	1.375	57	0.375	1.125	431	0.500	0.500	
63	13	-3	4	0	-1	0	219	0.125	0.125	151	0.250	1.250	158	0.375	1.125	20	0.500	1.000	2	0.500	1.250	
64	5	-2	4	1	0	0	271	0.500	1.000	302	0.500	0.500	37	0.500	0.500	174	0.604	1.589	190	0.604	1.839	
65	4	2	4	1	2	0	217	0.625	0.750	284	0.625	0.625	59	0.625	0.625	185	0.750	0.655	254	0.875	0.875	
66	-1	3	4	1	1	0	294	0.250	0.250	318	0.625	1.375	199	0.750	0.750	314	0.964	0.964	130	0.964	0.964	
67	12	-3	4	2	1	4	472	0.125	0.125	489	0.604	1.280	63	0.625	1.000	253	0.625	0.625	453	0.625	0.625	
68	5	-3	4	1	2	0	271	0.479	1.280	302	0.500	0.500	106	0.625	1.625	264	0.625	0.625	286	0.625	0.625	
69	19	-1	4	0	1	4	486	0.125	0.125	434	0.125	0.125	409	0.250	0.250	372	0.375	1.250	183	0.500	0.500	
70	9	-2	4	0	1	0	305	0.375	0.375	419	0.375	0.375	320	0.729	1.714	345	0.750	0.905	482	0.750	0.905	
71	-6	1	4	2	-1	20	45	0.125	0.125	296	0.250	0.250	234	0.500	0.875	270	0.604	1.375	405	0.625	0.625	
72	18	2	4	-1	0	13	300	0.125	0.125	256	0.250	1.125	90	0.375	1.125	206	0.500	0.500	460	0.500	0.500	
73	9	3	4	1	0	10	114	0.250	1.125	439	0.375	0.375	165	0.625	1.155	168	0.625	1.375	84	0.750	1.125	
74	-2	0	4	-1	-2	11	27	0.500	0.500	187	0.500	1.125	301	0.500	0.875	263	0.729	1.604	478	0.750	1.125	
75	1	2	4	0	-1	1	189	0.375	0.375	427	0.375	0.375	237	0.500	0.500	213	0.500	0.500	293	0.604	1.589	
76	10	2	4	-1	1	0	492	0.250	0.250	407	0.479	1.155	114	0.500	1.375	51	0.625	1.250	289	0.625	1.000	
77	-5	2	4	1	2	0	5	0.250	0.250	379	0.375	0.375	56	0.375	1.375	488	0.375	1.000	413	0.625	1.125	
78	4	3	4	-1	-2	18	142	0.375	1.000	336	0.625	1.250	357	0.854	1.479	17	0.875	0.780	322	0.875	0.500	
79	-3	-5	4	0	-1	74	283	0.125	0.125	261	0.500	0.875	487	0.604	1.589	131	0.625	0.625	164	0.750	0.750	
80	16	1	4	-2	1	0	365	0.500	1.125	498	0.625	0.875	90	0.655	0.655	47	0.729	1.714	410	0.750	0.875	
81	-1	-1	4	-1	-2	1	12	0.125	0.125	354	0.375	0.375	479	0.500	1.125	263	0.500	1.125	82	0.625	1.250	
82	-2	-1	4	-1	1	0	301	0.375	0.375	295	0.479	1.405	24	0.500	0.875	111	0.500	1.375	403	0.604	1.155	
83	4	1	4	-1	0	2	451	0.250	0.250	142	0.625	0.625	327	0.729	1.714	385	0.729	1.280	59	0.729	1.375	
84	10	3	4	-1	-1	8	192	0.125	0.125	193	0.500	0.875	161	0.530	0.530	51	0.604	1.405	492	0.625	0.625	
85	-6	-3	4	1	-1	1	495	0.250	0.250	195	0.750	0.750	353	0.750	0.750	156	0.750	1.000	28	0.750	0.750	
86	-6	-1	4	1	2	0	58	0.250	0.250	150	0.375	0.375	274	0.500	0.500	14	0.559	1.589	306	0.625	1.625	
87	17	0	4	2	-1	2	209	0.500	0.500	497	0.625	0.625	409	0.684	1.464	183	0.684	1.714	375	0.750	0.905	
88	6	0	4	-1	0	6	333	0.125	0.125	113	0.250	1.250	160	0.500	0.500	309	0.500	0.500	266	0.604	1.589	
89	14	-4	4	-2	1	5	396	0.375	0.375	323	0.375	1.000	313	0.479	1.500	2	0.500	1.125	34	0.625	1.125	
90	17	2	4	-1	1	0	378	0.250	0.250	256	0.500	0.500	460	0.655	0.655	483	0.750	0.750	498	0.750	0.750	
91	5	-4	4	0	1	0	68	0.250	1.250	16	0.375	0.375	264	0.750	0.905	170	0.750	0.625	23	0.809	1.832	
92	11	-4	4	2	-1	0	253	0.500	1.125	248	0.839	0.839	313	0.854	1.354	67	0.875	1.030	453	0.875	1.125	
93	-3	2	4	1	-1	11	6	0.354	1.405	390	0.479	1.155	132	0.500	0.500	121	0.530	0.530	331	0.625	0.625	
94	17	1	4	1	-2	0	483	0.500	0.500	87	0.500	0.875	497	0.500	0.500	406	0.625	0.625	115	0.684	1.464	
95	9	-1	4	2	-1	7	179	0.125	0.125	419	0.625	0.625	426	0.625	0.625	13	0.750	1.155	351	0.750	0.655	
96	13	0	4	0	-1	0	395	0.250	0.250	245	0.375	1.125	389	0.604	1.250	438	0.625	1.030	471	0.750	0.750	
97	6	-1	4	2	-1	0	23	0.250	0.250	368	0.500	1.125	376	0.500	0.500	3	0.625	0.625	279	0.684	1.714	
98	4	0	4	1	-1	0	33	0.125	0.125	37	0.479	1.405	388	0.500	1.375	428	0.500	0.500	262	0.500	1.000	
99	2	-1	4	-1	1	0	429	0.500	0.875	276	0.500	1.250	133	0.604	1.589	281	0.655	0.655	236	0.729	1.030	
100	1	-4	4	2	-1	0	258	0.250	0.250	167	0.500	0.500	61	0.500	1.375	32	0.729	1.464	476	0.750	1.500	
101	10	0	4	0	1	0	370	0.250	1.250	31	0.375	1.000	386	0.375	0.375	280	0.500	0.500	48	0.604	1.589	
102	7	2	4	-1	-2	3	55	0.625	1.375	401	0.625	0.875	309	0.684	1.714	465	0.684	1.464	207	0.729	1.714	
103	8	-3	4	1	-1	0	287	0.250	0.250	493	0.500	0.875	279	0.625	0.625	424	0.625	1.375	411	0.655	0.655	
104	-4	-6	4	-2	-1	47	487	0.500	0.500	176	0.625	0.625	324	0.875	0.875	164	1.000	0.750	481	1.125	1.714	
105	-2	3	4	1	0	6	294	0.250	1.375	121	0.250	0.250	66	0.250	1.125	318	0.500	1.500	199	0.625	0.625	
106	5	-1	4	-1	1	0	442	0.125	0.125	392	0.354	1.405	420	0.375	0.375	388	0.500	1.375	385	0.604	1.589	
107	3	0	4	1	-1	0	373	0.125	0.125	35	0.354	1.405	266	0.479	1.280	255	0.500	1.375	385	0.500	0.500	
108	9	0	4	-1	-1	1	426	0.500	0.875	320	0.625	1.250	95	0.625	1.250	122	0.625	0.625	179	0.750	1.125	
109	16	-4	4	1	-1	0	173	0.750	1.125	387	0.854	1.339	381	0.875	0.655	128	0.875	0.905	316	1.000	1.000	
110	-2	-3	4	-2	-1	10	459	0.250	0.250	432	0.625	0.875	191	0.625	1.250	120	0.729	1.714	283	0.729	1.589	
111	-2	0	4	1	1	0	27	0.375	0.375	231	0.500	1.000	447	0.500	1.250	162	0.530	0.530	140	0.655	0.655	
112	5	-3	4	-2	-1	8	377	0.750	1.280	302	0.750	0.750	123	0.854	1.839	360	0.875	1.000	39	0.875	0.780	
113	5	0	4	-2	1	3	428	0.375	1.250	392	0.500	0.875	420	0.625	0.625	442	0.625	0.625	385	0.625	1.625	
114	10	3	4	1	1	0	425	0.250	0.250	289	0.375	0.375	340	0.500	0.875	165	0.750	0.750	168	0.750	1.250	
115	18	-1	4	-1	-1	2	246	0.500	1.000	10	0.530	0.530	421	0.604	1.714	484	0.604	1.714	227	0.750	0.750	
116	10	-2	4	-1	-2	4	143	0.375	1.000	469	0.500	0.500	169	0.604	1.500	13	0.625	0.625	426	0.655	0.655	
117	12	-4	4	-2	-1	10	278	0.375	1.250	453	0.750	0.750	499	0.750	1.030	253	0.750	0.750	151	0.875	0.875	
118	3	1	4	0	1	0	457	0.125	0.125	59	0.250	1.250	273	0.500	0.500	284	0.500	1.250	327	0.625	1.155	
119	7	-3	4	-1	0	3	292	0.125	0.125	454	0.250	0.250	157	0.375	0.375	264	0.500	1.000	271	0.729	1.375	
120	-4	-4	4	-1	-1	0	164	0.479	1.280	131	0.500	1.375	176	0.625	0.750	241	0.625	0.625	462	0.625	1.250	
121	-2	3	4	1	-1	5	105	0.250	0.250	363	0.500	0.500	66	0.500	1.375	93	0.530	0.530	29	0.750	0.750	
122	8	0	4	0	-1	0	207	0.250	0.250	308	0.500	0.500	315	0.500	0.500	179	0.604	1.250	426	0.625	0.780	
123	3	-4	4	-2	-1	8	347	0.750	0.750	291	0.750	0.750	436	0.750	1.500	61	1.000	1.000	360	1.155	0.854	
124	13	2	4	-1	1	0	491	0.250	0.250	141	0.500	0.500	391	0.500	1.000	210	0.604	1.714	369	0.625	1.250	
125	16	3	4	1	0	6	371	0.375	1.250	206	0.604	1.589	42	0.625	0.625	463	0.750	1.125	256	0.750	1.250	
126	15	-1	4	-1	0	10	380	0.500	0.500	328	0.625	0.625	342	0.625	0.625	152	0.729	1.714	43	0.854	1.875	
127	12	0	4	2	1	0	395	0.375	1.250	260	0.625	0.625	485	0.729	1.589	163	0.729	1.714	152	0.750	0.875	
128	17	-3	4	2	1	0	381	0.250	0.250	443	0.500	0.500	173	0.500	0.500	362	0.854	1.375	358	0.875	0.780	
129	-4	3	4	-1	-2	25	413	0.625	1.125	234	0.729	1.589	132	0.750	0.655	93	0.750	1.155	145	0.750	0.905	
130	0	1	4	2	1	0	441	0.125	0.125	269	0.250	0.250	257	0.375	1.250	473	0.375	0.375	314	0.479	1.500	
131	-4	-5	4	1	-1	2	261	0.354	1.280	79	0.625	0.625	104	0.625	1.250	164	0.625	0.625	176	0.625	0.625	
132	-3	2	4	-1	-1	1	93	0.500	0.500	456	0.530	0.530	19	0.604	1.714	18	0.625	0.625	445	0.625	1.250	
133	0	0	4	-1	-1	3	293	0.250	0.250	81	0.354	1.405	12	0.479	1.280	301	0.604	1.714	423	0.625	0.750	
134	15	2	4	1	-1	0	42	0.625	0.875	494	0.625	0.625	497	0.729	1.714	239	0.750	0.750	227	0.913	1.979	
135	16	-2	4	1	-1	0	128	0.479	1.155	381	0.479	1.405	443	0.625	1.125	484	0.625	0.625	46	0.750	0.750	
136	2	2	4	1	-1	8	237	0.125	0.125	189	0.250	0.250	273	0.354	1.280	297	0.500	1.250	225	0.500	0.875	
137	-6	-5	4	1	1	0	259	0.125	0.125	285	0.250	0.250	181	0.500	1.250	481	0.500	0.500	462	0.604	1.155	
138	15	-4	4	2	1	0	109	0.375	1.250	316	0.479	1.500	381	0.559	1.589	128	0.854	1.839	348	0.854	1.604	
139	13	-2	4	-2	-1	19	43	0.375	1.250	489	0.500	0.500	417	0.500	1.125	197	0.500	1.375	499	0.559	1.589	
140	-1	-1	4	1	2	0	325	0.250	0.250	354	0.625	0.625	212	0.655	0.655	473	0.684	1.714	349	0.729	1.604	
141	13	2	4	-1	-1	4	449	0.125	0.125	124	0.500	0.500	397	0.500	1.375	369	0.625	1.000	391	0.625	1.250	
142	4	2	4	-1	-1	2	336	0.250	0.250	284	0.625	1.250	83	0.625	0.625	326	0.854	1.714	65	0.875	0.875	
143	10	-3	4	-1	-1	2	169	0.500	1.000	214	0.625	0.750	92	1.000	1.155	148	1.000	1.030	278	1.030	0.604	
144	2	0	4	2	-1	0	175	0.250	0.250	107	0.375	1.000	196	0.479	1.280	373	0.500	1.125	98	0.625	1.375	
145	-5	2	4	1	-1	2	430	0.479	1.155	413	0.500	1.000	22	0.625	1.250	77	0.625	0.625	71	0.655	0.655	
146	10	-4	4	0	1	0	70	0.604	1.589	424	0.625	0.780	214	0.625	0.625	278	0.625	0.625	60	0.625	1.030	
147	-3	-3	4	1	1	0	332	0.250	0.250	154	0.375	0.375	153	0.479	1.405	224	0.500	1.250	267	0.604	1.530	
148	9	-4	4	-1	1	5	292	0.604	1.714	146	0.625	0.625	424	0.625	1.375	119	0.729	1.839	305	0.729	1.839	
149	11	3	4	-2	1	1	210	0.250	0.250	84	0.375	1.250	289	0.500	0.875	192	0.500	1.375	340	0.625	0.625	
150	-6	-1	4	-1	1	0	399	0.375	0.375	86	0.375	0.375	58	0.625	0.625	274	0.875	0.875	306	0.875	1.250	
151	13	-4	4	1	-2	0	158	0.125	0.125	20	0.250	0.250	2	0.250	0.250	396	0.750	0.750	323	0.875	0.875	
152	13	0	4	-1	2	0	124	0.625	1.375	355	0.655	0.655	215	0.809	1.339	397	0.875	1.125	352	0.875	0.500	
153	-2	-2	4	2	1	0	267	0.125	0.125	140	0.479	1.500	263	0.500	1.375	452	0.500	1.125	224	0.625	0.625	
154	-3	-3	4	2	-1	0	332	0.125	0.125	147	0.375	0.375	224	0.500	1.125	180	0.559	1.589	166	0.625	1.750	
155	15	-3	4	-1	-1	2	252	0.125	0.125	0	0.250	0.250	89	0.479	1.155	396	0.604	1.530	138	0.875	1.125	
156	-6	-4	4	1	-2	0	164	0.479	1.155	28	0.500	0.500	205	0.604	1.280	495	0.750	0.750	285	0.750	0.750	
157	7	-4	4	-1	0	2	170	0.250	1.250	119	0.375	0.375	292	0.500	0.500	454	0.625	0.625	112	0.684	1.464	
158	13	-4	4	1	-1	0	20	0.125	0.125	151	0.125	0.125	2	0.375	0.375	34	0.979	1.155	313	1.000	1.125	
159	7	3	4	1	2	0	299	0.780	0.750	437	1.000	1.000	450	1.000	1.125	439	1.000	1.354	73	1.125	1.375	
160	6	-1	4	-2	-1	10	3	0.125	0.125	376	0.250	0.250	106	0.375	1.250	420	0.500	1.125	442	0.500	1.375	
161	11	2	4	-1	-1	1	31	0.479	1.155	76	0.500	1.375	84	0.530	0.530	229	0.604	1.155	149	0.750	0.750	
162	-3	1	4	1	1	0	249	0.250	0.250	331	0.500	1.000	111	0.530	0.530	231	0.625	0.750	22	0.655	0.655	
163	14	1	4	1	1	0	240	0.375	0.375	47	0.500	1.375	42	0.604	1.589	410	0.625	0.750	184	0.625	0.625	
164	-5	-5	4	0	-1	0	324	0.604	1.250	131	0.625	0.625	205	0.625	0.625	104	0.750	0.905	481	0.750	1.125	
165	10	2	4	2	-1	7	229	0.625	0.875	471	0.729	1.714	114	0.750	0.750	21	0.854	1.604	340	0.854	1.155	
166	-1	-3	4	2	1	0	223	0.125	0.125	468	0.125	0.125	212	0.479	1.405	172	0.479	1.375	41	0.604	1.280	
167	1	-4	4	-1	-2	1	100	0.500	0.500	384	0.625	0.625	436	0.750	0.750	258	0.750	0.750	61	1.000	1.125	
168	11	3	4	1	-2	2	161	0.375	1.250	210	0.500	0.500	215	0.604	1.280	340	0.625	0.625	350	0.625	1.125	
169	9	-3	4	-2	-1	4	36	0.479	1.375	157	0.684	1.714	148	0.750	0.750	214	0.780	0.750	103	0.875	1.000	
170	6	-4	4	-2	1	1	16	0.375	0.375	91	0.625	0.750	264	0.625	0.875	286	0.625	1.125	454	0.655	0.655	
171	-3	-1	4	1	0	0	478	0.250	1.250	218	0.375	0.375	187	0.500	1.250	111	0.625	1.280	267	0.625	0.780	
172	0	-2	4	0	1	0	41	0.125	0.125	212	0.250	0.250	40	0.250	1.125	281	0.500	0.500	325	0.625	1.155	
173	17	-4	4	1	0	0	358	0.500	1.000	128	0.500	0.500	362	0.500	0.875	381	0.500	0.500	387	0.625	1.030	
174	7	-3	4	1	0	0	337	0.125	0.125	103	0.250	1.125	190	0.250	0.250	287	0.375	1.375	411	0.500	0.500	
175	2	0	4	1	-2	0	144	0.250	0.250	196	0.604	1.500	373	0.625	0.875	238	0.729	1.604	385	0.750	0.750	
176	-4	-5	4	-2	-1	7	164	0.625	0.750	481	0.625	1.625	131	0.625	0.625	104	0.625	0.625	79	0.750	0.750	
177	8	1	4	-1	0	5	464	0.500	1.000	320	0.500	0.500	309	0.604	1.589	315	0.604	1.375	88	0.604	1.589	
178	18	0	4	-1	2	0	483	0.604	1.280	372	0.625	0.625	90	0.729	1.714	80	0.729	1.589	275	0.854	1.714	
179	9	-1	4	1	0	0	95	0.125	0.125	419	0.500	0.500	469	0.604	1.589	101	0.604	1.250	13	0.625	1.030	
180	-1	-4	4	2	1	0	251	0.375	1.250	244	0.500	0.500	11	0.500	1.125	384	0.500	1.125	223	0.500	0.500	
181	-6	-4	4	-1	2	1	28	0.500	0.500	462	0.625	0.625	495	0.750	1.000	330	0.854	1.714	458	0.875	0.780	
182	2	-2	4	2	-1	0	265	0.250	0.250	268	0.500	1.125	360	0.729	1.714	32	0.750	1.155	100	0.839	0.839	
183	19	-1	4	1	0	0	409	0.250	0.250	383	0.375	0.375	434	0.375	0.375	69	0.500	0.500	486	0.625	0.625	
184	14	1	4	-2	1	3	240	0.250	0.250	369	0.559	1.589	491	0.604	1.375	352	0.625	0.625	163	0.625	0.625	
185	3	3	4	1	1	0	329	0.625	0.625	65	0.655	0.655	78	1.000	1.125	273	1.000	1.000	59	1.000	0.375	
186	-5	0	4	-1	-1	1	270	0.250	0.250	399	0.479	1.405	242	0.530	0.530	418	0.625	0.750	1	0.625	1.000	
187	-2	-1	4	2	-1	10	478	0.250	0.250	354	0.375	1.000	263	0.479	1.280	140	0.500	1.125	153	0.625	0.625	
188	9	2	4	-1	1	0	48	0.250	0.250	51	0.375	0.375	299	0.750	0.750	407	0.750	0.750	437	0.854	1.464	
189	2	2	4	0	-1	0	237	0.125	0.125	136	0.250	0.250	326	0.375	1.000	75	0.375	0.375	225	0.375	1.125	
190	7	-3	4	1	-1	0	174	0.250	0.250	337	0.375	0.375	36	0.479	1.280	493	0.604	1.530	103	0.625	0.875	
191	-2	-4	4	1	-1	0	432	0.375	0.375	180	0.500	1.250	474	0.625	1.250	244	0.750	0.750	11	0.875	1.625	
192	10	3	4	-2	-1	14	84	0.125	0.125	193	0.375	1.000	51	0.479	1.280	407	0.500	1.125	289	0.500	0.500	
193	9	3	4	-1	-1	2	407	0.125	0.125	439	0.375	0.375	343	0.729	1.714	51	0.750	0.750	73	0.750	0.750	
194	-5	3	4	2	-1	11	467	0.125	0.125	488	0.375	0.375	413	0.479	1.280	93	0.729	1.714	22	0.750	1.030	
195	-5	-3	4	1	-2	0	353	0.250	0.250	241	0.604	1.500	131	0.729	1.714	120	0.750	0.905	85	0.750	0.625	
196	3	-1	4	2	-1	0	35	0.500	0.875	4	0.604	1.375	268	0.625	0.625	266	0.625	0.750	373	0.625	0.625	
197	12	-2	4	-2	1	0	43	0.125	0.125	417	0.250	0.250	53	0.375	1.250	277	0.500	0.875	344	0.625	0.750	
198	-4	-2	4	-1	2	0	49	0.479	1.280	440	0.500	1.125	418	0.604	1.280	220	0.625	0.625	403	0.729	1.589	
199	-2	3	4	-1	2	0	29	0.375	0.375	18	0.625	1.000	363	0.625	0.625	105	0.625	0.625	445	0.839	0.839	
200	4	-2	4	-1	-2	2	4	0.125	0.125	39	0.250	0.250	360	0.375	1.250	255	0.655	0.655	25	0.750	0.750	
201	-4	0	4	1	2	0	430	0.500	0.875	403	0.625	0.625	5	0.729	1.589	390	0.729	1.589	249	0.750	1.155	
202	17	-2	4	-1	2	0	431	0.375	1.250	307	0.479	1.375	208	0.559	1.589	348	0.625	0.625	443	0.625	0.625	
203	-1	2	4	-1	2	0	66	0.375	1.250	29	0.479	1.375	294	0.625	1.000	321	0.625	0.625	199	0.750	1.280	
204	6	2	4	1	0	0	394	0.375	0.375	343	0.729	1.714	159	0.750	1.375	73	0.809	2.125	221	0.854	1.339	
205	-5	-5	4	2	1	0	131	0.375	1.250	319	0.479	1.500	15	0.500	0.500	462	0.625	1.125	324	0.750	0.905	
206	18	2	4	0	-1	0	406	0.250	1.250	72	0.500	0.500	228	0.625	0.625	300	0.625	0.625	256	0.750	0.625	
207	8	0	4	1	-1	0	122	0.250	0.250	308	0.250	0.250	179	0.354	1.280	95	0.479	1.405	345	0.750	0.750	
208	16	0	4	1	2	0	250	0.375	0.375	80	0.500	1.125	497	0.604	1.500	90	0.684	1.464	378	0.684	1.714	
209	17	-1	4	1	0	0	443	0.375	0.375	431	0.500	0.500	87	0.500	0.500	227	0.625	0.625	135	0.780	0.780	
210	11	3	4	-2	-1	13	149	0.250	0.250	84	0.375	1.000	192	0.500	1.125	168	0.500	0.500	289	0.500	1.125	
211	12	-1	4	1	-2	0	248	0.500	0.875	219	0.559	1.589	470	0.604	1.280	226	0.625	0.625	395	0.655	0.655	
212	0	-2	4	1	1	0	172	0.250	0.250	415	0.375	0.375	41	0.375	0.375	40	0.500	1.375	429	0.729	1.030	
213	1	2	4	-1	0	5	416	0.375	1.375	75	0.500	0.500	335	0.604	1.375	314	0.625	0.625	414	0.750	0.905	
214	10	-4	4	-2	-1	4	148	0.375	1.250	169	0.750	0.780	143	0.750	0.625	310	0.875	1.375	454	0.979	1.832	
215	12	2	4	2	1	0	361	0.559	1.589	260	0.625	0.625	350	0.625	0.625	491	0.625	0.750	340	0.655	0.655	
216	7	0	4	-1	2	0	477	0.375	0.375	464	0.500	1.125	333	0.625	0.875	55	0.625	0.625	299	0.729	1.589	
217	5	2	4	1	1	0	204	0.750	1.125	322	0.875	1.125	394	1.000	0.780	315	1.104	1.229	437	1.104	1.229	
218	-3	-1	4	1	2	0	24	0.375	0.375	171	0.375	0.375	295	0.500	1.125	403	0.500	1.125	27	0.604	1.280	
219	13	-3	4	-1	-2	6	63	0.125	0.125	2	0.375	1.125	158	0.375	1.250	20	0.500	1.125	151	0.500	1.375	
220	-4	-2	4	-1	-1	0	353	0.354	1.405	290	0.375	0.375	8	0.500	1.375	195	0.604	1.155	30	0.625	0.750	
221	8	1	4	1	1	0	282	0.125	0.125	48	0.479	1.280	299	0.500	1.000	343	0.625	0.625	308	0.625	0.625	
222	15	-2	4	1	0	0	135	0.250	1.125	46	0.625	0.625	316	0.750	0.905	328	0.750	0.750	155	0.750	1.125	
223	-1	-3	4	1	0	0	166	0.125	0.125	468	0.250	0.250	180	0.500	0.500	452	0.500	0.500	263	0.500	0.500	
224	-2	-3	4	2	-1	0	223	0.375	1.250	468	0.375	1.250	244	0.479	1.500	166	0.500	1.375	11	0.559	1.589	
225	2	1	4	1	-1	0	297	0.375	0.375	373	0.479	1.405	107	0.604	1.530	33	0.604	1.714	457	0.625	1.250	
226	11	-1	4	-1	-2	2	469	0.375	1.250	53	0.375	1.000	116	0.479	1.280	404	0.625	1.375	211	0.625	0.625	
227	17	-1	4	-1	-2	3	246	0.250	0.250	62	0.375	0.375	421	0.604	1.280	484	0.604	1.500	209	0.625	0.625	
228	19	2	4	1	-1	0	275	0.500	0.500	206	0.625	0.625	54	0.750	0.750	375	0.780	0.625	406	0.875	0.655	
229	10	1	4	1	-2	0	351	0.375	1.000	338	0.500	1.375	312	0.500	1.125	461	0.500	1.125	226	0.559	1.589	
230	11	1	4	0	1	0	247	0.125	0.125	370	0.500	0.500	492	0.604	1.250	425	0.604	1.589	289	0.729	1.714	
231	-2	1	4	1	2	0	390	0.250	0.250	249	0.500	0.500	66	0.729	1.714	6	0.750	0.750	162	0.750	0.625	
232	7	-2	4	1	-1	0	287	0.354	1.280	190	0.500	0.875	103	0.604	1.530	279	0.625	1.125	292	0.625	1.250	
233	11	-1	4	1	0	0	211	0.375	1.000	26	0.500	1.000	226	0.625	0.625	53	0.750	1.125	219	0.854	1.479	
234	-5	1	4	1	-2	0	270	0.375	1.250	186	0.375	1.250	402	0.500	0.500	430	0.625	1.125	242	0.684	1.464	
235	5	1	4	-1	1	0	364	0.250	0.250	217	0.500	1.375	65	0.604	1.155	83	0.625	1.125	392	0.655	0.655	
236	1	0	4	1	1	0	349	0.375	0.375	144	0.500	1.250	257	0.625	0.625	311	0.625	1.250	130	0.655	0.655	
237	2	2	4	1	-2	0	189	0.125	0.125	136	0.125	0.125	225	0.375	1.000	273	0.479	1.375	75	0.500	0.500	
238	1	-2	4	-2	-1	23	298	0.500	1.125	281	0.500	0.500	41	0.500	1.125	276	0.625	0.625	325	0.729	1.604	
239	16	2	4	1	-2	0	42	0.125	0.125	94	0.479	1.280	497	0.604	1.280	256	0.750	0.750	125	0.750	0.750	
240	14	1	4	-1	2	0	184	0.250	0.250	163	0.375	0.375	47	0.375	1.000	410	0.625	0.625	369	0.729	1.604	
241	-4	-4	4	2	-1	0	319	0.500	0.500	490	0.500	1.125	79	0.604	1.375	120	0.625	0.625	131	0.750	0.750	
242	-4	-1	4	-1	-1	0	317	0.354	1.405	220	0.500	0.875	418	0.500	1.000	186	0.530	0.530	49	0.625	1.250	
243	11	-3	4	-1	-2	22	404	0.125	0.125	499	0.500	0.500	92	0.500	1.125	214	0.604	1.500	143	0.750	0.750	
244	-1	-4	4	1	-2	0	180	0.500	0.500	432	0.625	0.625	251	0.625	1.000	474	0.729	1.280	223	0.750	0.750	
245	13	-1	4	1	-1	0	485	0.500	1.000	139	0.625	1.250	52	0.625	1.250	9	0.625	0.625	438	0.625	0.625	
246	17	-1	4	-2	-1	17	62	0.125	0.125	227	0.250	0.250	307	0.375	1.250	57	0.375	1.250	484	0.479	1.280	
247	11	1	4	1	2	0	230	0.125	0.125	215	0.604	1.500	340	0.625	1.375	370	0.625	0.625	492	0.729	1.375	
248	12	-2	4	2	-1	0	470	0.500	1.375	63	0.604	1.375	67	0.625	0.625	52	0.729	1.604	9	0.729	1.280	
249	-3	1	4	0	1	0	162	0.250	0.250	331	0.250	1.250	231	0.500	0.500	445	0.625	1.155	390	0.750	0.750	
250	16	0	4	1	0	0	208	0.375	0.375	87	0.500	1.250	209	0.625	1.030	94	0.750	0.905	183	0.854	2.125	
251	0	-4	4	1	0	0	11	0.125	0.125	258	0.250	1.250	384	0.375	0.375	100	0.500	1.250	167	0.625	1.000	
252	15	-3	4	-2	-1	8	155	0.125	0.125	0	0.375	0.375	396	0.479	1.405	380	0.625	0.625	323	0.684	1.464	
253	12	-4	4	2	-1	0	158	0.375	1.000	151	0.500	0.875	20	0.500	1.125	67	0.625	0.625	472	0.750	0.750	
254	2	2	4	0	1	0	327	0.125	0.125	357	0.250	0.250	284	0.500	0.500	59	0.500	0.500	314	0.500	0.500	
255	3	-1	4	-1	-1	3	99	0.500	1.375	238	0.604	1.714	268	0.625	1.250	196	0.625	0.625	266	0.625	0.625	
256	17	2	4	-1	-1	7	80	0.479	1.155	90	0.500	0.500	365	0.604	1.714	498	0.625	1.250	206	0.625	0.625	
257	1	1	4	1	0	0	225	0.250	1.125	433	0.500	0.500	349	0.500	0.500	427	0.500	0.500	175	0.604	1.375	
258	1	-4	4	2	1	0	100	0.250	0.250	436	0.500	0.500	61	0.500	1.125	422	0.684	1.464	32	0.684	1.714	
259	-6	-5	4	2	1	0	285	0.125	0.125	137	0.125	0.125	205	0.375	1.125	241	0.559	1.589	164	0.625	1.000	
260	12	1	4	2	-1	0	397	0.375	1.000	96	0.604	1.375	127	0.625	0.625	215	0.625	0.625	356	0.875	1.125	
261	-3	-6	4	1	0	0	79	0.875	0.500	191	1.000	1.089	283	1.000	0.625	180	1.104	1.686	487	1.104	1.104	
262	5	0	4	2	-1	0	388	0.375	0.375	465	0.375	1.000	97	0.479	1.280	37	0.625	0.625	309	0.625	0.750	
263	-1	-2	4	2	-1	0	452	0.250	0.250	212	0.375	1.250	223	0.500	0.500	415	0.500	1.125	479	0.500	0.500	
264	6	-3	4	-1	2	0	286	0.250	0.250	271	0.500	1.375	68	0.625	0.625	106	0.729	1.714	39	0.729	1.604	
265	2	-2	4	2	1	0	182	0.250	0.250	268	0.500	1.375	99	0.625	1.250	366	0.625	0.625	32	0.750	0.905	
266	4	-1	4	0	-1	0	35	0.125	0.125	39	0.375	1.000	4	0.375	1.375	25	0.500	0.500	200	0.500	1.250	
267	-2	-2	4	1	1	0	153	0.125	0.125	140	0.354	1.405	82	0.500	1.375	263	0.500	1.250	468	0.530	0.530	
268	3	-2	4	2	-1	0	32	0.500	0.500	4	0.625	0.750	196	0.625	0.625	422	0.750	0.750	200	0.750	0.875	
269	0	1	4	1	2	0	473	0.125	0.125	130	0.250	0.250	441	0.375	0.375	314	0.479	1.280	414	0.500	0.500	
270	-5	0	4	0	-1	0	186	0.250	0.250	418	0.375	1.000	408	0.500	0.500	1	0.500	1.250	399	0.604	1.375	
271	6	-2	4	1	2	0	368	0.479	1.280	23	0.500	0.875	216	0.559	1.589	232	0.625	1.250	113	0.729	1.604	
272	7	0	4	1	0	0	207	0.250	1.125	308	0.375	1.375	179	0.604	1.589	216	0.625	0.625	221	0.625	1.280	
273	3	1	4	1	0	0	329	0.375	0.375	457	0.375	0.375	118	0.500	0.500	373	0.500	0.500	98	0.729	1.280	
274	-6	-1	4	2	-1	16	58	0.250	0.250	86	0.500	0.500	412	0.500	1.375	201	0.729	1.604	49	0.750	1.125	
275	19	2	4	1	1	0	228	0.500	0.500	54	0.750	0.750	460	0.854	1.155	383	1.000	1.000	378	1.000	1.000	
276	1	-1	4	-2	-1	0	429	0.375	0.375	304	0.375	0.375	40	0.375	1.250	298	0.479	1.280	423	0.500	1.125	
277	11	-2	4	-1	2	0	344	0.125	0.125	233	0.625	1.000	417	0.625	0.625	53	0.625	0.625	101	0.684	1.714	
278	11	-4	4	-1	1	0	448	0.500	1.000	374	0.500	1.250	453	0.530	0.530	169	0.604	1.714	60	0.625	1.125	
279	8	-2	4	1	0	0	419	0.250	1.250	287	0.375	0.375	305	0.500	0.500	345	0.500	0.500	179	0.625	1.030	
280	10	0	4	-1	0	5	312	0.125	0.125	108	0.250	1.125	338	0.375	0.375	101	0.500	0.500	31	0.500	0.500	
281	1	-2	4	-1	2	0	429	0.375	1.000	172	0.500	0.500	238	0.500	0.500	423	0.604	1.280	41	0.625	0.625	
282	8	1	4	1	2	0	221	0.125	0.125	299	0.500	1.125	177	0.625	0.625	464	0.625	0.625	165	0.729	1.604	
283	-3	-5	4	-1	-2	2	79	0.125	0.125	444	0.375	0.375	104	0.604	1.500	176	0.625	0.875	120	0.655	0.655	
284	3	2	4	-1	2	0	59	0.250	0.250	185	0.375	1.250	254	0.500	0.500	65	0.625	0.625	327	0.625	0.625	
285	-6	-5	4	1	0	0	259	0.125	0.125	137	0.250	0.250	205	0.250	1.250	28	0.500	0.500	324	0.604	1.589	
286	6	-3	4	1	2	0	264	0.250	0.250	271	0.500	1.125	68	0.625	0.625	337	0.625	0.875	442	0.729	1.604	
287	8	-3	4	1	0	0	103	0.250	0.250	279	0.375	0.375	424	0.375	1.125	70	0.604	1.250	493	0.625	0.625	
288	-5	-3	4	0	1	0	458	0.125	0.125	8	0.250	1.125	330	0.375	1.125	150	0.604	1.839	86	0.729	1.464	
289	10	3	4	-1	2	0	425	0.125	0.125	114	0.375	0.375	192	0.500	0.500	193	0.625	1.250	84	0.625	0.625	
290	-4	-2	4	1	-2	0	220	0.375	0.375	332	0.479	1.375	30	0.500	1.125	154	0.604	1.500	317	0.625	0.625	
291	3	-4	4	2	-1	0	476	0.500	0.500	32	0.500	0.500	360	0.750	0.655	123	0.750	0.750	422	0.750	0.625	
292	7	-3	4	-2	-1	2	119	0.125	0.125	454	0.375	0.375	264	0.500	1.125	157	0.500	0.500	190	0.625	0.625	
293	0	0	4	0	-1	0	133	0.250	0.250	423	0.375	1.000	81	0.625	1.155	393	0.625	0.625	304	0.625	1.030	
294	-1	3	4	1	0	0	66	0.250	0.250	318	0.250	1.125	75	0.604	1.589	427	0.729	1.714	237	0.854	1.832	
295	-3	0	4	-2	1	1	403	0.500	0.500	408	0.500	1.125	402	0.559	1.589	186	0.625	1.625	162	0.625	1.250	
296	-6	1	4	2	1	0	45	0.125	0.125	71	0.250	0.250	77	0.479	1.500	234	0.500	1.125	413	0.559	1.589	
297	2	1	4	-1	-2	1	326	0.250	0.250	225	0.375	0.375	144	0.500	1.125	175	0.500	1.375	304	0.684	1.714	
298	0	-2	4	-2	-1	20	41	0.500	0.500	479	0.500	0.875	459	0.559	1.589	423	0.625	0.625	415	0.750	0.750	
299	8	2	4	1	2	0	73	0.479	1.375	48	0.500	0.500	188	0.750	0.750	370	0.839	0.839	177	1.000	0.750	
300	18	2	4	-2	1	2	72	0.125	0.125	256	0.375	1.250	90	0.500	1.000	460	0.625	0.625	206	0.625	0.625	
301	-2	-1	4	-2	-1	3	82	0.375	0.375	24	0.375	1.250	242	0.625	1.375	220	0.729	1.714	187	0.750	0.750	
302	5	-3	4	2	-1	0	68	0.500	0.500	286	0.500	1.125	64	0.500	0.500	264	0.750	1.125	112	0.750	0.750	
303	7	-1	4	-1	-1	2	232	0.500	1.375	160	0.500	1.000	477	0.625	0.625	3	0.625	0.875	466	0.655	0.655	
304	1	-1	4	0	-1	0	276	0.375	0.375	238	0.375	1.000	298	0.604	1.375	265	0.729	1.375	415	0.750	0.905	
305	8	-2	4	0	1	0	482	0.250	1.250	70	0.375	0.375	345	0.500	1.000	279	0.500	0.500	477	0.604	1.589	
306	-6	1	4	-1	1	0	7	0.375	0.375	379	0.530	0.530	296	0.625	0.625	405	0.625	1.250	339	0.875	1.250	
307	16	-1	4	-1	0	4	57	0.250	0.250	126	0.375	1.375	484	0.500	0.500	421	0.500	0.500	46	0.604	1.375	
308	8	0	4	1	0	0	207	0.250	0.250	345	0.500	0.500	122	0.500	0.500	179	0.625	1.030	221	0.625	0.625	
309	6	0	4	0	-1	0	465	0.250	0.250	3	0.250	1.125	160	0.375	1.000	97	0.500	1.000	315	0.500	0.500	
310	8	-4	4	0	1	0	424	0.625	1.280	148	0.625	0.625	419	0.729	1.714	119	0.729	1.250	16	0.750	0.750	
311	1	1	4	-1	2	0	433	0.125	0.125	416	0.479	1.375	473	0.500	0.500	314	0.500	1.375	257	0.625	0.625	
312	10	0	4	-2	-1	17	280	0.125	0.125	338	0.250	0.250	108	0.375	1.000	461	0.500	0.500	31	0.625	0.625	
313	13	-3	4	-1	2	0	417	0.479	1.280	489	0.500	1.125	470	0.500	1.125	26	0.559	1.589	197	0.604	1.500	
314	1	2	4	1	2	0	427	0.500	0.500	254	0.500	0.500	327	0.625	0.625	213	0.625	0.625	136	0.750	1.250	
315	7	0	4	-1	-2	10	55	0.125	0.125	303	0.375	1.000	477	0.375	0.375	376	0.479	1.280	309	0.500	0.500	
316	16	-3	4	1	2	0	443	0.479	1.375	348	0.500	1.375	421	0.500	1.125	57	0.625	1.625	128	0.625	0.875	
317	-5	-2	4	-1	-2	4	353	0.500	1.125	195	0.500	1.375	156	0.559	1.589	8	0.625	0.625	290	0.625	0.625	
318	0	3	4	1	-1	0	75	0.479	1.280	427	0.604	1.405	189	0.854	1.339	321	0.875	1.030	175	0.913	2.229	
319	-4	-4	4	1	2	0	332	0.479	1.375	241	0.500	0.500	154	0.604	1.280	462	0.625	0.625	496	0.625	0.625	
320	8	0	4	-2	1	1	477	0.375	1.250	55	0.375	1.250	464	0.479	1.500	216	0.500	0.875	315	0.500	1.125	
321	-1	2	4	-1	-1	2	456	0.479	1.530	44	0.530	0.530	363	0.530	0.530	6	0.604	1.155	203	0.625	0.625	
322	5	3	4	-2	-1	4	78	0.500	0.875	336	0.604	1.375	17	0.625	0.625	401	0.780	0.750	284	0.809	1.339	
323	13	-4	4	-1	1	0	313	0.500	1.000	453	0.604	1.530	117	0.625	1.250	2	0.625	0.625	404	0.729	1.589	
324	-4	-6	4	1	0	0	261	0.375	1.375	131	0.625	0.625	241	0.875	0.875	79	0.875	0.875	205	0.905	0.729	
325	-1	-1	4	-1	2	0	140	0.250	0.250	231	0.559	1.589	269	0.729	1.589	130	0.729	1.604	295	0.729	1.589	
326	2	1	4	-2	-1	17	297	0.250	0.250	311	0.500	1.125	433	0.625	1.000	44	0.625	1.375	225	0.625	0.625	
327	2	2	4	-1	2	0	254	0.125	0.125	357	0.125	0.125	314	0.625	0.625	284	0.625	0.625	59	0.625	0.625	
328	15	-1	4	1	2	0	208	0.479	1.280	250	0.479	1.375	480	0.500	0.500	52	0.625	0.625	126	0.625	0.625	
329	3	2	4	1	0	1	59	0.375	0.375	273	0.375	0.375	65	0.500	1.000	185	0.625	0.625	284	0.625	0.625	
330	-5	-2	4	1	1	0	440	0.479	1.405	8	0.500	0.500	49	0.625	1.250	58	0.655	0.655	412	0.750	0.750	
331	-3	2	4	1	2	0	105	0.479	1.375	93	0.625	0.625	445	0.625	0.625	231	0.780	0.750	294	0.854	1.714	
332	-3	-3	4	1	0	0	154	0.125	0.125	147	0.250	0.250	224	0.500	1.250	267	0.625	1.280	191	0.729	1.280	
333	6	0	4	-2	1	1	88	0.125	0.125	113	0.500	1.125	364	0.604	1.375	160	0.625	0.625	309	0.625	0.625	
334	6	-4	4	1	0	0	16	0.500	0.500	411	0.500	1.250	337	0.625	1.155	286	0.750	0.750	190	0.750	0.780	
335	0	1	4	-1	-2	2	44	0.125	0.125	293	0.375	1.250	133	0.375	1.000	414	0.500	0.500	321	0.655	0.655	
336	4	2	4	0	-1	0	451	0.250	1.125	142	0.250	0.250	385	0.604	1.839	262	0.729	1.714	189	0.750	0.750	
337	7	-3	4	2	1	0	174	0.125	0.125	190	0.375	0.375	103	0.375	1.250	305	0.479	1.375	279	0.479	1.155	
338	10	0	4	-1	-2	3	312	0.250	0.250	461	0.250	0.250	351	0.375	0.375	280	0.375	0.375	471	0.500	0.500	
339	-6	3	4	-1	1	1	467	1.000	1.000	488	1.000	0.875	194	1.125	1.125	77	1.155	0.729	402	1.214	0.979	
340	11	3	4	1	1	0	149	0.625	0.625	350	0.625	1.000	168	0.625	0.625	425	0.625	0.625	289	0.750	0.750	
341	17	-4	4	-1	1	0	400	0.375	0.375	155	0.604	1.589	316	0.604	1.155	128	0.625	1.250	252	0.729	1.714	
342	15	-1	4	1	-2	0	438	0.500	0.500	46	0.500	1.375	380	0.500	1.125	126	0.625	0.625	155	0.625	1.625	
343	8	1	4	1	-2	0	122	0.375	1.250	207	0.375	1.000	177	0.625	0.625	221	0.625	0.625	308	0.625	0.750	
344	11	-2	4	0	1	0	277	0.125	0.125	417	0.500	0.500	280	0.604	1.589	101	0.604	1.589	355	0.625	0.780	
345	8	-1	4	2	1	0	482	0.250	0.250	179	0.375	1.250	279	0.500	0.500	95	0.500	1.375	308	0.500	0.500	
346	18	-3	4	0	-1	0	362	0.375	1.375	387	0.500	0.500	381	0.750	0.625	341	0.750	1.250	400	0.875	1.375	
347	3	-3	4	-1	1	0	366	0.479	1.530	238	0.604	1.714	32	0.750	0.750	123	0.750	0.750	265	0.854	1.155	
348	16	-2	4	-1	2	0	421	0.250	0.250	57	0.375	1.000	126	0.479	1.375	484	0.500	0.500	307	0.625	0.750	
349	1	0	4	2	-1	0	236	0.375	0.375	144	0.500	1.125	175	0.500	0.875	257	0.500	0.500	107	0.625	1.375	
350	12	3	4	2	1	0	215	0.625	0.625	494	0.729	1.479	361	0.750	1.750	141	0.875	1.125	134	0.979	1.832	
351	10	0	4	1	-1	0	461	0.125	0.125	233	0.354	1.280	338	0.375	0.375	226	0.604	1.155	312	0.625	0.625	
352	14	0	4	-2	1	0	152	0.500	0.875	163	0.625	1.250	240	0.625	0.875	184	0.625	0.625	365	0.780	0.750	
353	-5	-3	4	-1	-2	3	195	0.250	0.250	120	0.750	0.655	458	0.750	0.750	85	0.750	0.750	398	0.780	0.750	
354	-1	-1	4	1	-1	0	12	0.250	0.250	81	0.375	0.375	415	0.479	1.405	140	0.625	0.625	479	0.625	1.250	
355	12	-1	4	-1	1	0	26	0.375	0.375	386	0.479	1.280	356	0.625	0.625	127	0.625	1.250	277	0.655	0.655	
356	12	0	4	-1	0	2	21	0.375	1.000	226	0.604	1.375	230	0.604	1.250	355	0.625	0.625	247	0.729	1.375	
357	2	2	4	-1	1	0	327	0.125	0.125	254	0.250	0.250	311	0.655	0.655	326	0.750	0.750	59	0.750	0.750	
358	18	-4	4	1	2	0	367	0.559	1.589	341	0.750	0.750	359	0.750	1.625	316	0.839	0.839	128	0.875	0.780	
359	18	-2	4	-1	1	0	62	0.354	1.280	246	0.479	1.155	431	0.479	1.280	202	0.625	0.750	307	0.729	1.839	
360	4	-3	4	1	-1	0	302	0.500	1.000	377	0.625	1.250	291	0.655	0.655	50	0.750	1.125	68	0.750	1.250	
361	14	3	4	2	-1	0	42	0.729	1.714	494	0.750	1.000	239	0.854	1.589	397	0.964	0.964	497	1.038	2.104	
362	18	-4	4	0	-1	0	341	0.750	1.125	358	0.875	0.875	400	0.875	0.750	387	0.875	0.750	173	0.875	0.500	
363	-2	3	4	-1	-1	3	29	0.250	0.250	132	0.479	1.530	121	0.500	0.500	321	0.530	0.530	199	0.625	0.625	
364	5	1	4	0	1	0	235	0.250	0.250	217	0.375	1.125	204	0.604	1.250	118	0.750	0.750	451	0.750	1.125	
365	15	1	4	-2	1	1	240	0.500	0.875	410	0.500	0.500	184	0.500	1.125	141	0.684	1.464	124	0.729	1.714	
366	2	-2	4	-1	1	0	276	0.479	1.155	238	0.500	1.250	429	0.604	1.530	281	0.625	0.750	265	0.625	0.625	
367	19	-2	4	-1	2	0	69	0.375	1.250	409	0.375	1.250	486	0.500	1.125	434	0.500	1.375	183	0.625	1.000	
368	7	-1	4	1	2	0	308	0.479	1.375	216	0.500	1.375	482	0.625	0.625	345	0.625	0.875	272	0.625	0.750	
369	12	2	4	-2	-1	13	391	0.250	0.250	161	0.375	1.000	31	0.729	1.589	471	0.729	1.714	260	0.750	1.250	
370	10	1	4	1	2	0	76	0.375	1.250	31	0.500	0.500	230	0.500	0.500	247	0.625	0.625	114	0.625	1.375	
371	17	3	4	2	1	0	228	0.729	1.714	42	0.905	0.854	497	1.000	1.000	460	1.000	1.000	239	1.030	0.979	
372	19	0	4	-1	2	0	178	0.625	0.625	383	0.625	0.625	382	0.750	0.750	300	0.854	1.589	483	0.854	1.604	
373	3	0	4	2	-1	0	107	0.125	0.125	98	0.375	1.000	35	0.479	1.500	33	0.500	1.125	273	0.500	0.500	
374	11	-3	4	1	2	0	60	0.125	0.125	448	0.250	0.250	344	0.375	1.250	277	0.500	1.375	499	0.500	0.500	
375	18	1	4	1	0	0	406	0.375	0.375	383	0.625	1.030	228	0.625	0.780	382	0.729	1.375	38	0.750	1.375	
376	6	-1	4	-1	-2	0	3	0.125	0.125	160	0.250	0.250	97	0.500	0.500	106	0.625	1.250	420	0.625	0.875	
377	4	-4	4	-2	-1	9	50	0.125	0.125	123	0.500	1.125	476	0.750	1.125	347	0.875	1.155	291	1.000	1.000	
378	17	2	4	0	1	0	90	0.250	0.250	371	0.500	1.000	498	0.500	0.500	300	0.750	0.625	460	0.750	0.905	
379	-5	2	4	-1	1	0	5	0.125	0.125	77	0.375	0.375	339	0.479	1.530	488	0.500	1.375	306	0.530	0.530	
380	15	-2	4	-2	-1	19	46	0.250	0.250	126	0.500	0.500	252	0.625	0.625	0	0.750	1.000	155	0.750	0.750	
381	17	-3	4	2	-1	0	128	0.250	0.250	387	0.375	1.250	173	0.500	0.500	443	0.500	0.500	362	0.604	1.375	
382	19	0	4	-1	-2	2	38	0.250	0.250	383	0.625	0.625	10	0.625	1.375	372	0.750	0.750	346	0.934	2.229	
383	19	0	4	1	0	0	38	0.375	0.375	183	0.375	0.375	372	0.625	0.625	409	0.625	0.625	382	0.625	0.625	
384	0	-4	4	1	-2	0	251	0.375	0.375	11	0.500	0.500	167	0.625	0.625	244	0.625	0.625	100	0.750	0.875	
385	3	0	4	-1	-1	1	255	0.500	0.875	107	0.500	0.500	276	0.604	1.714	196	0.625	1.250	373	0.625	0.625	
386	11	0	4	0	1	0	247	0.250	1.250	230	0.375	1.375	101	0.375	0.375	492	0.604	1.589	31	0.604	1.375	
387	18	-3	4	1	0	0	346	0.500	0.500	358	0.750	0.625	359	0.750	1.125	69	0.979	1.589	362	1.000	0.875	
388	5	0	4	1	1	0	394	0.354	1.280	262	0.375	0.375	235	0.500	1.375	113	0.625	0.625	37	0.750	0.750	
389	14	-1	4	1	0	0	485	0.125	0.125	342	0.375	1.000	52	0.375	0.375	328	0.500	1.000	480	0.500	0.500	
390	-2	1	4	2	1	0	231	0.250	0.250	6	0.500	0.500	27	0.625	0.625	293	0.729	1.479	111	0.750	0.625	
391	12	2	4	-2	1	3	369	0.250	0.250	161	0.375	1.250	192	0.559	1.589	84	0.684	1.464	149	0.750	1.280	
392	4	0	4	-1	2	0	59	0.559	1.589	83	0.625	0.750	428	0.625	0.625	385	0.625	1.250	326	0.729	1.604	
393	1	0	4	-1	-1	0	423	0.479	1.405	44	0.530	0.530	276	0.625	0.750	349	0.625	0.625	293	0.625	0.625	
394	6	1	4	1	0	0	204	0.375	0.375	455	0.500	0.500	122	0.604	1.589	308	0.604	1.589	207	0.604	1.839	
395	13	0	4	1	-1	0	96	0.250	0.250	389	0.354	1.280	438	0.479	1.280	485	0.479	1.405	245	0.500	0.875	
396	14	-4	4	-1	-1	2	89	0.375	0.375	323	0.500	1.375	219	0.655	0.655	151	0.750	0.750	2	0.750	0.750	
397	13	1	4	1	-1	0	163	0.500	1.375	395	0.500	0.875	96	0.750	1.125	494	0.780	0.625	438	0.854	1.839	
398	-6	-2	4	-1	-2	4	85	0.375	1.250	317	0.625	0.625	330	0.875	1.125	285	1.038	1.582	495	1.104	1.000	
399	-6	-1	4	-2	-1	18	150	0.375	0.375	398	0.625	0.875	274	0.750	0.750	317	1.000	0.780	7	1.000	1.000	
400	17	-4	4	-2	-1	9	341	0.375	0.375	362	0.750	0.750	484	0.839	0.839	173	0.875	0.875	109	0.875	1.000	
401	6	2	4	-2	-1	12	475	0.125	0.125	17	0.500	1.125	450	0.625	0.625	451	0.729	1.714	235	0.750	0.905	
402	-5	1	4	-2	-1	3	19	0.250	0.250	306	0.375	1.250	7	0.500	1.125	14	0.500	0.500	234	0.500	0.500	
403	-3	0	4	1	2	0	249	0.375	1.250	162	0.375	1.000	231	0.479	1.280	295	0.500	0.500	390	0.604	1.500	
404	11	-3	4	-1	-1	1	243	0.125	0.125	499	0.375	0.375	214	0.479	1.405	143	0.625	0.875	448	0.625	0.625	
405	-6	2	4	2	1	0	145	0.375	1.250	488	0.479	1.405	77	0.500	0.875	45	0.500	0.500	56	0.604	1.280	
406	18	1	4	1	-2	0	375	0.375	0.375	383	0.479	1.375	94	0.625	0.625	228	0.655	0.655	62	0.729	1.479	
407	9	3	4	-2	-1	0	193	0.125	0.125	439	0.500	0.500	51	0.625	0.625	437	0.750	1.250	188	0.750	0.750	
408	-4	0	4	-1	-2	1	242	0.375	1.000	1	0.479	1.280	270	0.500	0.500	418	0.604	1.500	220	0.625	1.375	
409	19	-1	4	1	1	0	434	0.125	0.125	69	0.250	0.250	183	0.250	0.250	486	0.375	0.375	383	0.625	0.625	
410	15	1	4	1	2	0	365	0.500	0.500	240	0.625	0.625	47	0.750	1.155	163	0.750	0.625	208	0.780	0.750	
411	7	-4	4	2	-1	0	493	0.375	1.000	174	0.500	0.500	310	0.625	1.000	36	0.625	0.750	337	0.625	0.625	
412	-5	-1	4	2	1	0	201	0.479	1.500	49	0.500	0.500	440	0.500	1.125	1	0.750	0.750	330	0.750	0.625	
413	-4	2	4	2	-1	10	22	0.250	0.250	93	0.375	1.000	430	0.625	0.625	331	0.625	1.125	390	0.729	1.589	
414	0	1	4	-2	1	0	44	0.375	0.375	473	0.375	0.375	203	0.479	1.500	335	0.500	0.500	269	0.500	0.500	
415	0	-2	4	2	-1	0	212	0.375	0.375	172	0.625	0.625	298	0.750	0.750	41	0.750	0.750	349	0.839	0.839	
416	0	2	4	-1	0	0	321	0.250	1.125	203	0.500	1.000	414	0.500	0.500	456	0.604	1.839	199	0.729	1.714	
417	12	-2	4	-1	2	0	43	0.125	0.125	197	0.250	0.250	355	0.375	1.000	344	0.500	0.500	26	0.500	1.375	
418	-5	-1	4	-2	-1	17	1	0.250	0.250	150	0.375	1.250	398	0.479	1.500	399	0.500	1.125	49	0.500	0.500	
419	9	-2	4	2	1	0	13	0.375	1.250	70	0.375	0.375	179	0.500	0.500	95	0.625	0.625	233	0.684	1.714	
420	5	-1	4	-2	-1	20	442	0.250	0.250	106	0.375	0.375	25	0.375	1.250	200	0.479	1.500	39	0.479	1.280	
421	16	-2	4	-2	1	0	348	0.250	0.250	484	0.250	0.250	380	0.500	1.375	46	0.500	1.125	307	0.500	0.500	
422	3	-3	4	1	-1	0	32	0.250	0.250	360	0.625	0.875	123	0.625	1.250	291	0.625	0.750	4	0.780	0.625	
423	0	-1	4	-2	-1	3	40	0.375	0.375	479	0.479	1.500	325	0.500	1.125	81	0.500	0.875	298	0.625	0.625	
424	9	-3	4	1	1	0	13	0.354	1.280	70	0.625	1.125	419	0.750	0.750	279	0.780	0.625	146	0.780	0.625	
425	10	3	4	0	1	0	289	0.125	0.125	114	0.250	0.250	340	0.625	0.625	192	0.625	0.625	84	0.750	0.750	
426	9	-1	4	-1	-1	2	466	0.479	1.405	95	0.625	0.625	122	0.780	0.625	103	0.854	1.589	477	0.854	1.339	
427	1	2	4	2	-1	13	136	0.375	1.000	75	0.375	0.375	225	0.479	1.405	237	0.500	0.875	314	0.500	0.500	
428	4	0	4	-1	-1	1	98	0.500	0.500	255	0.604	1.530	83	0.625	0.625	392	0.625	0.625	33	0.625	0.625	
429	1	-1	4	-1	1	0	276	0.375	0.375	40	0.500	0.875	236	0.500	1.375	423	0.500	1.250	446	0.604	1.589	
430	-4	1	4	2	1	0	162	0.375	1.000	331	0.479	1.500	413	0.625	0.625	22	0.625	0.625	445	0.625	1.125	
431	17	-1	4	0	1	0	209	0.500	0.500	62	0.500	0.500	246	0.625	0.625	80	0.729	1.714	208	0.750	0.905	
432	-2	-4	4	-1	-2	3	191	0.375	0.375	79	0.479	1.155	444	0.479	1.375	244	0.625	0.625	474	0.625	0.875	
433	1	1	4	0	1	0	311	0.125	0.125	314	0.250	1.250	473	0.375	0.375	257	0.500	0.500	269	0.500	0.500	
434	19	-1	4	1	2	0	69	0.125	0.125	409	0.125	0.125	486	0.250	0.250	183	0.375	0.375	372	0.500	1.375	
435	-5	3	4	-2	1	1	56	0.250	0.250	339	0.375	1.000	488	0.625	0.625	379	0.750	0.625	5	0.875	0.500	
436	1	-4	4	-1	2	0	258	0.500	0.500	167	0.750	0.750	100	0.750	0.750	265	0.854	1.604	41	0.854	1.839	
437	7	3	4	-1	-2	11	475	0.479	1.375	102	0.500	1.125	401	0.604	1.500	450	0.625	0.875	17	0.729	1.589	
438	14	-1	4	0	-1	0	485	0.375	0.375	389	0.500	0.500	342	0.500	0.500	222	0.604	1.250	63	0.604	1.589	
439	9	3	4	1	-2	2	193	0.375	0.375	73	0.375	0.375	407	0.500	0.500	51	0.500	1.125	165	0.604	1.500	
440	-4	-1	4	2	1	0	171	0.375	1.250	403	0.479	1.500	218	0.500	0.875	27	0.559	1.589	201	0.625	0.875	
441	0	1	4	1	0	0	130	0.125	0.125	257	0.375	1.375	269	0.375	0.375	473	0.500	0.500	335	0.625	0.625	
442	5	-1	4	-2	1	0	106	0.125	0.125	420	0.250	0.250	25	0.375	1.250	392	0.479	1.500	255	0.625	1.625	
443	17	-2	4	1	0	0	209	0.375	0.375	128	0.500	0.500	381	0.500	0.500	202	0.625	0.625	183	0.729	1.589	
444	-3	-5	4	-1	0	0	283	0.375	0.375	79	0.500	0.500	176	0.500	1.250	120	0.625	0.780	181	0.809	1.832	
445	-4	2	4	-1	2	0	22	0.500	0.500	435	0.604	1.500	77	0.625	0.625	331	0.625	0.625	5	0.625	0.625	
446	-1	0	4	-1	-1	0	301	0.479	1.405	354	0.500	1.375	456	0.530	0.530	447	0.625	0.625	81	0.625	1.000	
447	-1	0	4	2	-1	14	293	0.625	0.750	446	0.625	0.625	441	0.750	0.905	12	0.750	1.000	354	0.750	0.750	
448	11	-3	4	-1	2	0	60	0.125	0.125	499	0.250	0.250	374	0.250	0.250	344	0.375	1.250	277	0.500	1.125	
449	13	2	4	-1	-2	2	141	0.125	0.125	397	0.375	1.250	494	0.500	0.500	124	0.625	0.625	369	0.625	0.875	
450	6	3	4	-2	-1	1	17	0.479	1.280	322	0.500	1.125	475	0.500	0.500	401	0.625	0.625	142	0.729	1.714	
451	4	1	4	-1	-1	0	83	0.250	0.250	428	0.500	0.875	98	0.500	1.375	385	0.604	1.530	33	0.625	1.250	
452	-1	-2	4	2	1	0	263	0.250	0.250	212	0.375	1.000	223	0.500	0.500	415	0.500	1.375	166	0.625	0.625	
453	12	-3	4	-1	1	0	277	0.354	1.405	344	0.479	1.280	417	0.500	1.000	472	0.500	0.500	404	0.500	1.375	
454	7	-3	4	-1	1	0	119	0.250	0.250	292	0.375	0.375	271	0.604	1.155	264	0.625	0.750	157	0.625	0.625	
455	6	1	4	0	-1	0	309	0.375	1.375	465	0.375	1.125	394	0.500	0.500	272	0.604	1.250	55	0.625	0.780	
456	-2	1	4	-1	-1	0	6	0.375	0.375	295	0.479	1.155	446	0.530	0.530	132	0.530	0.530	27	0.625	1.250	
457	3	1	4	1	2	0	118	0.125	0.125	273	0.375	0.375	65	0.479	1.280	284	0.500	1.375	59	0.500	1.125	
458	-5	-3	4	-1	2	0	288	0.125	0.125	8	0.375	1.000	330	0.375	1.250	86	0.559	1.589	150	0.729	1.714	
459	-2	-3	4	-2	1	0	110	0.250	0.250	267	0.625	1.250	220	0.684	1.464	153	0.750	1.250	218	0.854	1.604	
460	18	3	4	-2	1	1	463	0.375	1.250	72	0.500	0.500	300	0.625	0.625	90	0.750	0.655	239	0.854	1.354	
461	10	0	4	1	-2	0	351	0.125	0.125	338	0.250	0.250	233	0.479	1.375	312	0.500	0.500	471	0.500	0.500	
462	-5	-4	4	-1	2	0	458	0.500	1.125	181	0.625	0.625	319	0.625	0.625	288	0.625	1.250	481	0.655	0.655	
463	17	3	4	-1	-1	9	239	0.604	1.155	42	0.729	1.030	72	0.780	0.625	371	0.875	0.875	300	0.905	0.729	
464	7	1	4	-1	2	0	475	0.479	1.375	401	0.604	1.280	282	0.625	0.625	17	0.729	1.604	221	0.750	0.750	
465	6	0	4	1	-1	0	309	0.250	0.250	3	0.500	1.375	345	0.604	1.714	160	0.625	1.250	394	0.625	0.625	
466	8	-2	4	-2	-1	2	292	0.479	1.280	305	0.625	0.625	103	0.625	1.250	119	0.750	1.155	303	0.750	0.655	
467	-5	3	4	1	-1	1	194	0.125	0.125	22	0.479	1.155	488	0.500	0.500	413	0.604	1.405	129	0.750	0.750	
468	-1	-3	4	1	1	0	166	0.125	0.125	223	0.250	0.250	415	0.479	1.155	172	0.479	1.280	212	0.479	1.530	
469	11	-2	4	0	-1	0	404	0.250	1.125	53	0.250	0.250	116	0.500	0.500	243	0.500	1.250	214	0.729	1.714	
470	13	-2	4	2	1	0	52	0.479	1.500	489	0.500	0.500	480	0.604	1.375	9	0.625	0.875	245	0.750	0.750	
471	11	0	4	0	-1	0	21	0.125	0.125	338	0.500	0.500	461	0.500	0.500	226	0.500	1.250	351	0.625	0.625	
472	12	-3	4	1	1	0	67	0.125	0.125	417	0.500	1.250	453	0.500	0.500	489	0.604	1.155	470	0.604	1.405	
473	0	1	4	0	1	0	269	0.125	0.125	414	0.375	0.375	433	0.375	0.375	130	0.375	0.375	441	0.500	0.500	
474	-2	-5	4	-2	-1	7	283	0.500	0.875	79	0.625	0.750	496	0.729	1.280	432	0.875	0.500	120	1.000	1.214	
475	6	2	4	-1	0	1	401	0.125	0.125	17	0.500	1.250	450	0.500	0.500	83	0.604	1.589	451	0.604	1.839	
476	3	-4	4	1	2	0	347	0.375	1.250	291	0.500	0.500	302	0.729	1.604	366	0.729	1.714	61	0.875	0.500	
477	7	0	4	-1	0	0	333	0.250	1.250	55	0.250	0.250	315	0.375	0.375	88	0.375	1.375	216	0.375	0.375	
478	-2	-1	4	2	1	0	187	0.250	0.250	354	0.375	1.250	140	0.500	0.875	153	0.625	0.625	27	0.625	0.625	
479	-1	-2	4	-1	-2	0	263	0.500	0.500	459	0.604	1.280	110	0.604	1.500	223	0.625	1.000	191	0.684	1.464	
480	14	-1	4	0	1	0	52	0.125	0.125	352	0.375	1.000	389	0.500	0.500	328	0.500	0.500	9	0.500	0.500	
481	-6	-5	4	-1	1	0	137	0.500	0.500	181	0.500	1.000	259	0.625	0.625	28	0.750	1.250	285	0.750	0.750	
482	8	-1	4	1	2	0	345	0.250	0.250	320	0.500	1.125	368	0.625	0.625	308	0.625	0.750	464	0.729	1.589	
483	17	1	4	-2	-1	6	94	0.500	0.500	80	0.500	1.375	256	0.750	0.625	87	0.750	1.250	90	0.750	0.750	
484	16	-2	4	-2	-1	2	421	0.250	0.250	252	0.479	1.280	380	0.500	1.125	348	0.500	0.500	46	0.500	0.875	
485	14	-1	4	2	-1	0	389	0.125	0.125	438	0.375	0.375	52	0.500	0.500	328	0.500	1.125	342	0.500	0.875	
486	19	-1	4	-1	2	0	69	0.125	0.125	434	0.250	0.250	409	0.375	0.375	178	0.479	1.280	372	0.500	1.125	
487	-4	-7	4	-1	0	5	104	0.500	0.500	176	0.875	0.875	261	1.104	1.104	205	1.104	1.229	481	1.207	1.811	
488	-5	3	4	1	1	0	194	0.375	0.375	56	0.375	0.375	467	0.500	0.500	435	0.625	0.625	22	0.875	0.655	
489	13	-2	4	-1	2	0	470	0.500	0.500	139	0.500	0.500	9	0.500	1.375	417	0.625	0.625	197	0.625	0.875	
490	-3	-4	4	1	2	0	496	0.250	0.250	147	0.500	1.000	224	0.604	1.280	319	0.625	0.625	191	0.625	1.250	
491	13	2	4	0	1	0	124	0.250	0.250	47	0.625	0.625	361	0.729	1.375	215	0.750	0.625	141	0.750	0.750	
492	10	2	4	-1	0	2	76	0.250	0.250	188	0.375	1.125	31	0.500	0.500	51	0.500	1.250	192	0.500	0.500	
493	8	-4	4	1	-1	0	36	0.250	0.250	287	0.625	0.625	310	0.750	0.750	103	0.875	0.500	279	1.000	1.000	
494	14	2	4	0	-1	0	449	0.500	0.500	96	0.604	1.589	134	0.625	0.625	397	0.625	0.780	47	0.750	0.750	
495	-6	-3	4	1	0	0	85	0.250	0.250	195	0.375	1.000	28	0.500	0.500	241	0.729	1.714	285	0.750	0.750	
496	-3	-4	4	-1	2	0	490	0.250	0.250	147	0.375	1.250	30	0.604	1.280	319	0.625	0.625	120	0.625	1.250	
497	17	1	4	2	1	0	375	0.375	1.250	94	0.500	0.500	406	0.500	1.125	90	0.625	1.250	87	0.625	0.625	
498	16	2	4	-1	2	0	378	0.500	0.500	125	0.625	1.000	90	0.750	0.625	240	0.839	0.839	239	1.000	1.000	
499	11	-3	4	-2	1	0	448	0.250	0.250	404	0.375	0.375	143	0.375	1.250	60	0.375	0.375	243	0.500	0.500	
