# states in shortest path from s to t
15

# shortest path from s to t
33	-21	4	1	-2
34	-23	4	0	-1
34	-24	4	0	-1
34	-25	4	0	-1
34	-26	4	0	-1
34	-27	4	-1	-2
33	-29	4	-1	-1
32	-30	4	-1	-1
31	-31	4	-1	-1
30	-32	4	-1	-1
29	-33	4	-1	-1
28	-34	4	-1	-1
27	-35	4	-1	-1
26	-36	4	-2	-1
24	-37	4	-1	-1

# cost of shortest path
5.152

# Line i represents a sample taken at time i. The sample corresponds to a discrete state.
# Line Format: [sample ID] [x] [y] [z] [x-component of yaw] [y-component of yaw] [U: marginal coverage]
#              [sample ID of nearest neighbor 1] [shortest path cost to nearest neighbor 1] [shortest path cost from nearest neighbor 1]
#              ...
#              [sample ID of nearest neighbor k] [shortest path cost to nearest neighbor k] [shortest path cost from nearest neighbor k]
0	23	-35	4	-1	1	91	268	0.500	0.500	307	0.625	0.750	400	0.625	0.625	478	0.625	0.625	287	0.625	1.125	
1	21	-35	4	1	-2	40	270	0.125	0.125	207	0.250	0.250	375	0.479	1.500	62	0.500	0.500	137	0.500	0.500	
2	35	-36	4	-1	0	52	466	0.250	1.125	423	0.375	1.125	436	0.375	0.375	82	0.500	0.500	457	0.625	1.000	
3	25	-15	4	-2	-1	146	267	0.500	0.500	449	0.625	0.625	249	1.125	1.000	242	1.125	1.250	4	1.229	1.434	
4	26	-13	4	0	1	21	115	0.125	0.125	158	0.250	0.250	195	0.375	1.375	40	0.375	0.375	278	0.500	1.000	
5	32	-18	4	0	1	11	88	0.125	0.125	224	0.500	1.250	422	0.604	1.155	291	0.625	0.625	252	0.729	1.714	
6	26	-36	4	-1	-2	1	64	0.250	0.250	52	0.780	0.750	369	0.839	0.839	351	0.875	0.500	493	0.875	1.000	
7	34	-30	4	-1	0	21	349	0.250	1.250	170	0.500	0.500	232	0.500	0.500	63	0.625	0.625	243	0.729	1.714	
8	31	-32	4	1	2	10	248	0.250	0.250	357	0.500	1.000	174	0.625	1.125	356	0.625	0.625	55	0.625	0.625	
9	32	-33	4	-1	-2	8	67	0.375	0.375	391	0.375	1.250	404	0.479	1.280	93	0.500	1.125	84	0.625	0.625	
10	34	-30	4	2	-1	76	151	0.250	0.250	250	0.500	1.375	63	0.500	0.500	427	0.604	1.500	46	0.750	0.750	
11	31	-14	4	1	-2	9	414	0.125	0.125	68	0.250	0.250	198	0.375	1.250	222	0.500	0.875	192	0.500	0.500	
12	31	-17	4	-1	-1	11	126	0.125	0.125	26	0.375	0.375	168	0.530	0.530	422	0.625	0.625	252	0.750	0.750	
13	33	-15	4	-1	-1	13	233	0.375	0.375	252	0.604	1.714	95	0.625	0.750	166	0.625	0.625	94	0.625	1.250	
14	22	-36	4	-1	-2	0	375	0.500	0.500	477	0.625	0.625	207	0.780	0.750	112	0.854	1.155	147	0.875	0.780	
15	30	-14	4	-1	-1	12	41	0.250	0.250	99	0.530	0.530	376	0.604	1.714	295	0.604	1.155	101	0.625	1.375	
16	33	-36	4	0	1	19	327	0.125	0.125	321	0.604	1.375	333	0.604	1.250	423	0.625	0.625	167	0.729	1.464	
17	28	-14	4	0	-1	37	96	0.125	0.125	61	0.375	0.375	445	0.375	0.375	253	0.604	1.375	149	0.625	0.625	
18	35	-35	4	1	0	0	43	0.125	0.125	118	0.250	0.250	390	0.375	0.375	24	0.500	0.500	98	0.500	0.500	
19	34	-12	4	-2	-1	15	265	0.125	0.125	490	0.250	0.250	38	0.479	1.280	462	0.500	0.500	382	0.625	0.750	
20	33	-20	4	2	-1	0	325	0.250	0.250	355	0.375	1.375	69	0.500	0.500	314	0.500	0.500	148	0.604	1.280	
21	34	-27	4	-2	-1	13	479	0.125	0.125	113	0.250	0.250	346	0.375	0.375	260	0.655	0.655	279	0.750	0.625	
22	28	-11	4	-2	-1	27	247	0.375	0.375	411	0.500	0.500	271	0.750	1.250	47	0.750	0.750	281	0.750	0.905	
23	30	-11	4	-2	1	9	32	0.500	0.875	454	0.625	0.750	76	0.750	0.875	331	0.750	0.625	481	0.750	0.750	
24	35	-34	4	2	-1	11	395	0.375	0.375	18	0.500	0.500	58	0.500	0.500	43	0.625	0.625	328	0.625	1.000	
25	34	-27	4	2	1	0	225	0.250	0.250	441	0.875	1.125	260	0.875	1.125	442	0.875	0.875	261	0.979	1.479	
26	31	-17	4	-2	1	37	422	0.250	0.250	126	0.250	0.250	12	0.375	0.375	237	0.479	1.280	28	0.604	1.500	
27	33	-19	4	1	-2	3	325	0.375	1.125	69	0.375	0.375	420	0.500	0.500	355	0.604	1.280	44	0.625	0.625	
28	30	-16	4	-1	2	1	237	0.250	0.250	275	0.375	1.250	102	0.500	1.125	305	0.500	1.375	188	0.625	0.625	
29	35	-21	4	1	1	3	150	0.125	0.125	450	0.500	0.500	51	0.500	1.000	182	0.625	1.125	355	0.655	0.655	
30	30	-13	4	-2	1	0	193	0.250	0.250	99	0.375	1.250	41	0.500	0.500	60	0.625	0.750	445	0.729	1.589	
31	35	-16	4	-1	1	9	485	0.500	0.500	13	0.604	1.589	66	0.625	0.625	254	0.750	0.750	285	0.854	1.589	
32	29	-11	4	-1	2	0	454	0.125	0.125	76	0.250	0.250	299	0.375	0.375	373	0.500	0.500	22	0.625	1.125	
33	34	-25	4	0	1	26	430	0.250	0.250	442	0.500	0.500	205	0.500	1.250	146	0.625	0.780	261	0.625	0.625	
34	34	-32	4	0	-1	24	386	0.375	0.375	209	0.375	0.375	428	0.604	1.589	109	0.604	1.375	58	0.604	1.250	
35	33	-14	4	-2	-1	14	273	0.125	0.125	100	0.375	1.250	480	0.479	1.500	413	0.500	0.500	233	0.625	0.625	
36	32	-31	4	-1	1	8	393	0.125	0.125	497	0.354	1.280	324	0.479	1.280	174	0.500	1.000	80	0.625	0.625	
37	32	-35	4	-1	1	10	321	0.125	0.125	389	0.250	0.250	45	0.375	0.375	187	0.375	0.375	132	0.479	1.530	
38	33	-13	4	-2	-1	12	194	0.500	1.125	35	0.625	0.625	498	0.684	1.464	269	0.684	1.714	458	0.729	1.604	
39	31	-35	4	-1	-1	1	360	0.500	0.500	42	0.604	1.530	426	0.625	0.875	257	0.655	0.655	171	0.655	0.655	
40	26	-13	4	2	1	12	158	0.125	0.125	115	0.250	0.250	392	0.250	0.250	4	0.375	0.375	274	0.479	1.405	
41	30	-14	4	-1	0	2	15	0.250	0.250	221	0.500	1.000	30	0.500	0.500	99	0.625	0.780	496	0.729	1.589	
42	30	-36	4	-1	-1	0	365	0.500	1.000	433	0.530	0.530	494	0.750	0.750	70	0.750	1.125	183	0.750	0.750	
43	35	-35	4	2	-1	0	18	0.125	0.125	118	0.375	0.375	328	0.375	0.375	390	0.500	0.500	24	0.625	0.625	
44	32	-19	4	-1	-2	23	335	0.375	0.375	215	0.375	0.375	465	0.500	0.500	27	0.625	0.625	20	0.729	1.280	
45	32	-35	4	-2	-1	7	389	0.125	0.125	321	0.250	0.250	37	0.375	0.375	39	0.375	1.000	360	0.375	1.250	
46	34	-29	4	1	1	0	258	0.479	1.280	361	0.500	1.250	234	0.625	0.625	350	0.625	0.875	367	0.625	1.125	
47	27	-11	4	0	-1	13	180	0.125	0.125	247	0.375	0.375	190	0.375	1.125	153	0.604	1.250	123	0.625	0.625	
48	34	-23	4	0	1	2	460	0.500	0.875	417	0.500	1.250	364	0.625	0.625	150	0.729	1.714	218	0.750	0.750	
49	34	-22	4	1	-2	3	206	0.125	0.125	218	0.375	1.000	140	0.500	1.125	57	0.604	1.500	460	0.625	0.625	
50	33	-35	4	2	-1	1	482	0.125	0.125	239	0.125	0.125	114	0.250	0.250	333	0.375	1.250	116	0.500	0.875	
51	35	-20	4	1	2	0	182	0.125	0.125	129	0.375	1.000	185	0.625	1.000	355	0.875	0.500	75	0.875	0.875	
52	25	-35	4	-1	-2	6	447	0.375	0.375	226	0.500	0.500	326	0.604	1.500	105	0.625	0.875	369	0.625	0.625	
53	35	-33	4	1	-2	1	230	0.125	0.125	409	0.125	0.125	58	0.375	0.375	395	0.375	1.250	24	0.500	0.875	
54	28	-12	4	1	2	3	90	0.125	0.125	286	0.250	0.250	411	0.375	1.375	153	0.375	0.375	299	0.479	1.405	
55	31	-32	4	1	-1	22	468	0.250	0.250	446	0.479	1.155	9	0.604	1.155	388	0.625	1.250	211	0.625	0.625	
56	33	-32	4	1	0	0	111	0.125	0.125	209	0.500	0.500	386	0.500	1.250	58	0.604	1.589	409	0.604	1.839	
57	35	-23	4	2	-1	1	364	0.375	0.375	455	0.500	0.500	492	0.625	0.875	284	0.655	0.655	323	0.750	0.750	
58	35	-33	4	1	0	0	409	0.250	0.250	53	0.375	0.375	245	0.375	0.375	230	0.500	0.500	24	0.500	0.500	
59	28	-35	4	1	-2	0	451	0.375	1.000	120	0.500	0.500	345	0.500	0.500	354	0.500	0.500	431	0.604	1.500	
60	29	-13	4	0	1	4	496	0.375	0.375	138	0.375	0.375	193	0.500	0.500	286	0.625	1.155	264	0.625	0.625	
61	28	-14	4	2	-1	6	96	0.250	0.250	17	0.375	0.375	334	0.479	1.405	152	0.500	0.500	102	0.559	1.589	
62	21	-35	4	2	1	73	270	0.375	0.375	1	0.500	0.500	244	0.500	0.875	287	0.729	1.464	307	0.750	0.875	
63	34	-30	4	1	2	0	170	0.125	0.125	151	0.250	0.250	46	0.375	1.000	350	0.479	1.405	367	0.479	1.375	
64	26	-36	4	-2	-1	0	6	0.250	0.250	408	0.625	1.000	493	0.625	1.250	184	0.729	1.714	105	0.854	1.339	
65	27	-36	4	1	2	23	144	0.125	0.125	352	0.125	0.125	322	0.250	0.250	359	0.479	1.155	73	0.500	0.500	
66	35	-17	4	-1	0	5	402	0.375	1.375	173	0.604	1.589	31	0.625	0.625	196	0.625	0.625	485	0.625	0.625	
67	32	-33	4	-1	0	1	9	0.375	0.375	342	0.500	1.000	290	0.500	0.500	104	0.625	0.625	338	0.625	1.280	
68	31	-14	4	-1	-2	23	414	0.125	0.125	11	0.250	0.250	198	0.375	1.250	269	0.375	0.375	222	0.500	1.125	
69	33	-19	4	1	0	0	27	0.375	0.375	164	0.375	0.375	420	0.500	0.875	20	0.500	0.500	210	0.625	1.155	
70	29	-36	4	-1	0	10	365	0.125	0.125	385	0.250	1.250	183	0.375	0.375	476	0.375	1.375	359	0.604	1.250	
71	30	-16	4	1	-2	0	168	0.375	0.375	12	0.750	0.905	237	0.750	0.750	163	0.750	0.750	102	0.875	0.875	
72	31	-32	4	-2	-1	5	356	0.125	0.125	468	0.375	0.375	470	0.479	1.405	81	0.500	1.250	248	0.500	0.500	
73	27	-36	4	2	-1	7	352	0.375	0.375	451	0.375	1.000	65	0.500	0.500	339	0.625	1.000	448	0.625	0.625	
74	33	-30	4	0	1	1	170	0.375	0.375	349	0.375	0.375	403	0.375	1.125	63	0.500	0.500	128	0.500	0.875	
75	33	-20	4	0	1	0	215	0.604	1.530	5	0.604	1.589	20	0.625	0.625	465	0.729	1.405	210	0.729	1.714	
76	29	-11	4	1	2	6	454	0.125	0.125	299	0.125	0.125	373	0.250	0.250	32	0.250	0.250	438	0.500	0.500	
77	30	-12	4	-1	-1	1	331	0.500	0.500	424	0.500	1.375	161	0.500	0.500	99	0.604	1.530	199	0.625	0.625	
78	32	-35	4	1	-2	0	397	0.375	1.000	220	0.479	1.405	45	0.500	0.500	50	0.625	0.875	257	0.625	1.125	
79	34	-35	4	2	1	0	333	0.125	0.125	18	0.375	1.250	118	0.375	1.000	116	0.500	0.500	43	0.500	1.375	
80	31	-31	4	0	1	0	357	0.250	0.250	174	0.375	0.375	324	0.375	1.375	393	0.500	0.500	211	0.500	0.500	
81	30	-32	4	-1	1	1	306	0.250	0.250	378	0.500	0.500	174	0.655	0.655	8	0.750	0.750	461	0.750	0.750	
82	35	-36	4	0	1	0	436	0.125	0.125	118	0.250	1.125	98	0.375	0.375	390	0.500	0.500	2	0.500	0.500	
83	26	-13	4	-1	-2	4	392	0.500	0.500	449	0.604	1.280	302	0.625	1.125	267	0.729	1.589	191	0.750	0.655	
84	33	-33	4	1	-2	1	487	0.125	0.125	109	0.500	0.500	9	0.625	0.625	292	0.625	1.625	24	0.729	1.589	
85	34	-34	4	1	-1	0	473	0.250	0.250	18	0.354	1.280	328	0.479	1.280	24	0.500	1.000	239	0.530	0.530	
86	23	-35	4	1	-1	4	142	0.125	0.125	478	0.375	0.375	268	0.500	0.500	280	0.500	1.250	471	0.530	0.530	
87	33	-15	4	0	1	2	91	0.125	0.125	233	0.375	0.375	108	0.604	1.250	166	0.625	0.625	285	0.625	1.280	
88	32	-18	4	-1	2	10	5	0.125	0.125	422	0.479	1.280	26	0.479	1.530	224	0.500	1.125	464	0.625	0.750	
89	27	-15	4	2	1	0	440	0.125	0.125	452	0.250	0.250	347	0.250	0.250	152	0.375	1.250	368	0.500	0.500	
90	28	-12	4	1	1	0	54	0.125	0.125	153	0.250	0.250	76	0.354	1.405	271	0.375	0.375	286	0.375	0.375	
91	33	-15	4	1	2	2	87	0.125	0.125	108	0.479	1.375	233	0.500	0.500	166	0.500	0.500	125	0.604	1.500	
92	35	-31	4	0	1	5	106	0.250	0.250	250	0.375	1.000	329	0.375	0.375	170	0.625	1.030	63	0.750	0.905	
93	32	-34	4	2	-1	0	391	0.125	0.125	401	0.250	0.250	114	0.479	1.500	50	0.479	1.280	167	0.500	0.500	
94	33	-16	4	2	-1	0	166	0.625	0.625	358	0.750	1.125	95	0.750	0.750	196	0.809	1.339	291	0.839	0.839	
95	33	-16	4	-2	-1	19	453	0.250	0.250	121	0.479	1.500	26	0.559	1.589	233	0.625	0.625	156	0.729	1.714	
96	28	-14	4	1	-2	2	17	0.125	0.125	61	0.250	0.250	334	0.479	1.405	445	0.500	0.500	320	0.604	1.280	
97	33	-17	4	-1	2	1	453	0.500	0.875	224	0.750	0.625	173	0.750	0.750	95	0.750	0.875	358	0.750	0.750	
98	35	-36	4	2	1	0	390	0.125	0.125	259	0.250	0.250	82	0.375	0.375	436	0.500	0.500	18	0.500	0.500	
99	29	-13	4	-1	-1	0	17	0.479	1.280	445	0.479	1.405	15	0.530	0.530	186	0.604	1.714	96	0.604	1.155	
100	32	-14	4	-1	1	0	498	0.500	0.875	156	0.530	0.530	194	0.750	0.750	277	0.750	0.750	269	0.750	1.125	
101	30	-15	4	1	-1	0	163	0.250	0.250	102	0.375	0.375	71	0.500	1.000	198	0.625	0.625	305	0.625	0.625	
102	30	-15	4	2	1	1	163	0.125	0.125	305	0.250	0.250	101	0.375	0.375	141	0.375	1.250	275	0.375	0.375	
103	27	-15	4	-1	1	4	313	0.250	0.250	255	0.354	1.405	253	0.375	0.375	452	0.375	0.375	216	0.479	1.280	
104	32	-32	4	-1	1	0	388	0.375	0.375	80	0.479	1.280	393	0.500	1.000	72	0.500	1.250	174	0.604	1.405	
105	24	-35	4	-2	-1	0	369	0.250	0.250	184	0.375	0.375	400	0.479	1.155	416	0.500	0.500	0	0.500	1.250	
106	35	-31	4	1	1	0	329	0.125	0.125	92	0.250	0.250	427	0.625	0.625	245	0.625	0.625	151	0.655	0.655	
107	35	-28	4	-2	-1	10	303	0.125	0.125	260	0.125	0.125	258	0.625	0.625	479	0.750	0.655	441	0.750	0.625	
108	34	-14	4	1	0	0	125	0.125	0.125	285	0.250	0.250	160	0.250	1.125	175	0.500	0.500	304	0.500	0.500	
109	33	-33	4	-2	-1	2	67	0.375	1.250	428	0.500	0.500	9	0.500	0.875	84	0.500	0.500	282	0.625	0.625	
110	34	-11	4	1	-1	0	435	0.125	0.125	371	0.125	0.125	300	0.375	0.375	491	0.625	0.625	212	0.625	0.875	
111	33	-32	4	2	-1	0	56	0.125	0.125	209	0.375	0.375	386	0.500	1.125	34	0.625	0.750	84	0.625	0.875	
112	23	-37	4	1	-1	0	147	0.625	0.625	219	0.625	0.625	434	0.625	1.250	227	0.625	1.000	181	0.750	1.561	
113	34	-27	4	-1	-2	6	346	0.125	0.125	479	0.125	0.125	21	0.250	0.250	367	0.729	1.479	260	0.750	0.655	
114	33	-35	4	1	-2	0	239	0.125	0.125	50	0.250	0.250	292	0.375	0.375	220	0.375	1.000	482	0.375	0.375	
115	26	-13	4	1	2	0	4	0.125	0.125	158	0.125	0.125	40	0.250	0.250	274	0.479	1.405	392	0.500	0.500	
116	34	-35	4	1	-2	0	333	0.375	0.375	466	0.375	1.250	390	0.479	1.375	328	0.500	0.500	79	0.500	0.500	
117	32	-33	4	1	2	0	290	0.125	0.125	446	0.250	0.250	104	0.375	1.250	56	0.479	1.375	178	0.500	0.500	
118	35	-35	4	1	1	0	18	0.250	0.250	43	0.375	0.375	390	0.625	0.625	328	0.750	0.750	259	0.750	0.750	
119	27	-35	4	-2	-1	0	383	0.500	1.125	169	0.500	0.500	6	0.604	1.500	351	0.625	0.625	226	0.750	0.750	
120	28	-35	4	2	1	4	374	0.375	1.125	359	0.375	0.375	59	0.500	0.500	495	0.604	1.375	139	0.625	0.625	
121	32	-17	4	-1	-2	0	464	0.375	0.375	291	0.500	1.125	26	0.625	1.125	358	0.625	0.625	126	0.625	0.875	
122	35	-24	4	-1	2	5	146	0.125	0.125	341	0.250	0.250	177	0.375	0.375	364	0.375	1.250	48	0.479	1.155	
123	27	-11	4	2	1	0	266	0.125	0.125	251	0.250	0.250	180	0.500	0.500	296	0.500	1.375	309	0.625	0.625	
124	34	-13	4	1	1	6	304	0.125	0.125	289	0.500	1.000	145	0.625	0.625	155	0.625	0.625	490	0.625	1.250	
125	34	-14	4	2	1	0	108	0.125	0.125	285	0.125	0.125	145	0.479	1.375	160	0.500	1.250	228	0.604	1.280	
126	31	-17	4	-2	-1	5	12	0.125	0.125	26	0.250	0.250	422	0.500	0.500	252	0.625	0.625	168	0.750	0.655	
127	35	-32	4	-1	2	2	176	0.250	0.250	394	0.375	0.375	92	0.375	1.250	106	0.375	1.250	329	0.500	1.125	
128	33	-29	4	-1	0	12	236	0.125	0.125	349	0.500	0.500	405	0.500	0.875	497	0.604	1.589	165	0.729	1.714	
129	35	-19	4	1	1	0	293	0.530	0.530	210	0.655	0.655	399	0.750	0.750	130	0.750	0.750	402	0.979	1.354	
130	35	-18	4	2	-1	0	399	0.625	1.000	129	0.750	0.750	185	0.875	1.125	262	0.875	0.625	196	1.000	0.875	
131	31	-11	4	-1	-1	0	316	0.125	0.125	213	0.250	0.250	77	0.604	1.530	23	0.625	1.250	437	0.625	0.750	
132	31	-34	4	-1	1	0	461	0.479	1.155	338	0.500	0.500	202	0.500	0.500	342	0.500	1.000	404	0.625	0.625	
133	26	-35	4	2	-1	1	448	0.375	1.375	226	0.375	0.375	73	0.479	1.280	217	0.500	0.500	451	0.729	1.714	
134	31	-11	4	1	1	2	475	0.250	0.250	444	0.625	0.750	213	0.750	0.750	312	0.750	0.625	443	0.780	0.625	
135	23	-36	4	-2	1	16	400	0.125	0.125	162	0.250	0.250	477	0.500	0.500	14	0.500	1.125	137	0.559	1.589	
136	29	-35	4	1	-2	0	345	0.125	0.125	433	0.375	0.375	183	0.375	1.375	374	0.500	0.500	431	0.500	0.875	
137	21	-35	4	-2	-1	0	207	0.250	0.250	315	0.250	0.250	1	0.500	0.500	270	0.625	0.625	375	0.979	1.280	
138	29	-13	4	2	1	0	264	0.250	0.250	424	0.375	1.250	60	0.375	0.375	308	0.479	1.500	179	0.479	1.280	
139	28	-34	4	2	1	1	418	0.500	1.125	154	0.500	1.000	120	0.625	0.625	136	0.729	1.280	495	0.750	0.750	
140	34	-23	4	1	-2	4	218	0.125	0.125	284	0.375	1.000	157	0.479	1.155	398	0.500	0.875	455	0.625	0.625	
141	31	-15	4	1	0	0	222	0.125	0.125	366	0.375	0.375	198	0.500	0.500	192	0.500	0.500	415	0.729	1.589	
142	23	-35	4	1	-2	0	86	0.125	0.125	268	0.375	0.375	477	0.375	1.375	478	0.500	0.500	280	0.625	1.125	
143	30	-33	4	-1	-2	1	470	0.125	0.125	461	0.250	0.250	171	0.500	1.125	384	0.500	0.500	214	0.604	1.500	
144	27	-36	4	0	1	2	322	0.125	0.125	65	0.125	0.125	352	0.250	0.250	339	0.375	0.375	448	0.500	1.000	
145	35	-13	4	0	1	4	228	0.125	0.125	289	0.375	0.375	297	0.604	1.589	462	0.604	1.589	124	0.625	0.625	
146	35	-24	4	-1	1	0	341	0.125	0.125	122	0.125	0.125	177	0.250	0.250	48	0.479	1.280	364	0.625	1.375	
147	23	-37	4	-2	-1	0	400	0.500	0.500	135	0.625	0.625	112	0.625	0.625	219	0.750	0.750	14	0.875	0.780	
148	34	-21	4	-1	-2	18	49	0.375	1.375	206	0.500	1.250	460	0.625	0.750	311	0.750	0.750	455	0.809	1.339	
149	27	-14	4	1	-1	1	152	0.354	1.280	421	0.479	1.155	191	0.500	0.500	61	0.500	1.000	249	0.530	0.530	
150	35	-21	4	2	1	0	29	0.125	0.125	182	0.625	1.000	450	0.625	0.625	355	0.780	0.750	51	0.875	0.875	
151	34	-30	4	2	1	0	63	0.250	0.250	10	0.250	0.250	170	0.375	0.375	367	0.479	1.155	350	0.479	1.405	
152	28	-15	4	1	0	0	421	0.125	0.125	320	0.250	1.250	334	0.250	1.125	295	0.375	1.000	301	0.375	1.125	
153	28	-12	4	1	0	0	271	0.125	0.125	90	0.250	0.250	54	0.375	0.375	296	0.500	0.500	424	0.604	1.839	
154	29	-34	4	1	1	2	495	0.250	0.250	344	0.604	1.530	418	0.625	0.625	374	0.750	0.625	336	0.780	0.625	
155	33	-13	4	0	1	0	312	0.604	1.589	124	0.625	0.625	38	0.625	0.625	444	0.729	1.464	377	0.729	1.250	
156	31	-15	4	-1	1	0	41	0.354	1.280	366	0.375	0.375	100	0.530	0.530	498	0.625	0.875	269	0.625	0.625	
157	35	-24	4	0	-1	15	492	0.125	0.125	279	0.604	1.839	208	0.625	1.000	284	0.625	0.625	256	0.729	1.714	
158	26	-13	4	1	1	0	40	0.125	0.125	115	0.125	0.125	4	0.250	0.250	392	0.375	0.375	309	0.479	1.405	
159	34	-18	4	-1	-1	0	262	0.375	0.375	465	0.604	1.714	27	0.604	1.155	402	0.625	0.625	420	0.625	1.125	
160	35	-14	4	1	-1	0	175	0.625	0.625	254	0.625	1.250	289	0.750	0.750	145	1.000	1.125	124	1.030	0.854	
161	30	-12	4	1	-1	0	199	0.125	0.125	179	0.375	0.375	424	0.500	0.875	77	0.500	0.500	425	0.604	1.530	
162	23	-36	4	-1	2	4	135	0.250	0.250	400	0.375	0.375	0	0.375	1.000	478	0.500	1.125	137	0.729	1.604	
163	30	-15	4	1	0	0	102	0.125	0.125	101	0.250	0.250	141	0.375	1.375	305	0.375	0.375	366	0.500	1.000	
164	33	-18	4	1	0	0	210	0.250	1.250	69	0.375	0.375	262	0.375	1.000	293	0.375	1.125	399	0.604	1.589	
165	31	-30	4	-1	-2	2	263	0.250	0.250	497	0.375	0.375	238	0.375	1.250	439	0.625	0.625	55	0.625	1.625	
166	33	-15	4	2	-1	0	91	0.500	0.500	415	0.500	0.500	94	0.625	0.625	87	0.625	0.625	13	0.625	0.625	
167	32	-34	4	1	2	0	401	0.250	0.250	290	0.375	1.250	446	0.500	0.875	93	0.500	0.500	117	0.500	1.125	
168	30	-16	4	-1	-1	0	237	0.375	0.375	71	0.375	0.375	12	0.530	0.530	28	0.625	0.625	126	0.655	0.655	
169	27	-36	4	-1	0	13	351	0.125	0.125	322	0.375	0.375	6	0.375	1.000	144	0.500	0.500	119	0.500	0.500	
170	34	-30	4	0	1	0	63	0.125	0.125	151	0.375	0.375	74	0.375	0.375	46	0.375	1.125	7	0.500	0.500	
171	30	-34	4	-1	-2	1	426	0.375	1.000	433	0.479	1.405	345	0.479	1.155	418	0.625	0.625	404	0.625	0.625	
172	32	-30	4	1	0	0	240	0.250	0.250	439	0.375	0.375	46	0.729	1.839	405	0.750	0.875	243	0.750	1.000	
173	33	-18	4	-1	0	5	88	0.500	1.000	44	0.604	1.375	215	0.625	1.030	126	0.684	1.464	26	0.729	1.714	
174	31	-31	4	-2	1	2	80	0.375	0.375	497	0.500	0.500	356	0.500	0.500	72	0.625	0.625	238	0.625	0.625	
175	34	-14	4	0	-1	7	413	0.500	0.500	108	0.500	0.500	160	0.625	0.625	125	0.625	0.625	95	0.729	1.714	
176	35	-32	4	1	2	0	394	0.125	0.125	412	0.250	0.250	127	0.250	0.250	245	0.375	0.375	92	0.375	1.250	
177	35	-24	4	-1	0	40	341	0.125	0.125	146	0.250	0.250	122	0.375	0.375	205	0.500	1.000	208	0.500	0.500	
178	31	-33	4	0	1	0	342	0.125	0.125	488	0.125	0.125	8	0.250	1.250	290	0.375	0.375	372	0.375	0.375	
179	30	-12	4	2	1	2	308	0.250	0.250	199	0.250	0.250	161	0.375	0.375	499	0.500	1.125	475	0.604	1.375	
180	27	-11	4	1	-2	3	47	0.125	0.125	271	0.479	1.500	123	0.500	0.500	190	0.500	1.000	247	0.500	0.500	
181	25	-37	4	1	1	0	73	0.604	1.875	408	0.625	1.125	383	0.729	1.714	352	0.729	1.905	65	0.854	1.780	
182	35	-20	4	0	1	0	51	0.125	0.125	129	0.250	1.125	185	0.500	0.875	355	0.750	0.625	75	0.750	0.750	
183	29	-36	4	-1	-2	0	365	0.250	0.250	70	0.375	0.375	431	0.500	0.500	476	0.625	1.000	451	0.750	0.750	
184	24	-35	4	-1	1	0	105	0.375	0.375	287	0.479	1.280	0	0.500	0.875	280	0.625	0.625	369	0.625	0.625	
185	35	-19	4	-1	0	0	399	0.500	0.500	159	0.625	0.780	129	0.750	0.750	66	0.750	0.750	88	0.809	1.832	
186	27	-14	4	-2	1	5	191	0.375	0.375	4	0.479	1.375	313	0.500	0.500	115	0.604	1.280	253	0.625	0.625	
187	32	-35	4	1	2	0	37	0.375	0.375	321	0.500	0.500	401	0.500	0.875	167	0.500	1.125	396	0.604	1.500	
188	31	-16	4	-1	2	0	252	0.250	0.250	156	0.375	1.000	366	0.375	1.375	275	0.479	1.155	28	0.625	0.625	
189	34	-33	4	1	0	0	409	0.250	1.125	58	0.375	1.375	53	0.375	1.000	381	0.500	0.500	386	0.500	0.500	
190	27	-12	4	1	-1	0	309	0.375	0.375	90	0.500	1.375	274	0.500	0.500	271	0.500	1.000	138	0.604	1.714	
191	27	-14	4	-1	-1	0	489	0.354	1.280	186	0.375	0.375	319	0.479	1.405	149	0.500	0.500	17	0.625	0.625	
192	31	-14	4	2	1	0	277	0.375	1.250	141	0.500	0.500	11	0.500	0.500	222	0.625	0.625	414	0.625	0.625	
193	30	-13	4	-1	2	0	30	0.250	0.250	331	0.375	1.000	60	0.500	0.500	179	0.500	1.125	308	0.500	1.375	
194	32	-13	4	-2	-1	13	68	0.479	1.500	377	0.500	0.500	414	0.604	1.375	273	0.655	0.655	41	0.684	1.714	
195	26	-12	4	0	1	1	278	0.375	0.375	123	0.604	1.375	251	0.625	1.155	274	0.625	0.625	281	0.625	0.625	
196	35	-17	4	1	2	0	31	0.375	1.250	130	0.875	0.875	485	0.875	1.125	233	0.979	1.604	66	1.000	0.625	
197	30	-11	4	1	-1	0	298	0.125	0.125	481	0.125	0.125	499	0.479	1.155	370	0.479	1.280	134	0.500	1.375	
198	31	-15	4	0	-1	1	222	0.375	0.375	480	0.500	0.500	141	0.500	0.500	101	0.625	0.625	252	0.625	1.000	
199	30	-12	4	2	-1	0	161	0.125	0.125	179	0.250	0.250	308	0.500	0.500	499	0.500	1.375	370	0.625	0.750	
200	24	-37	4	-1	0	2	219	0.500	0.500	326	0.500	0.500	147	0.500	1.250	135	0.625	1.155	348	0.625	0.625	
201	30	-36	4	1	2	0	494	0.125	0.125	235	0.125	0.125	330	0.479	1.405	472	0.479	1.375	336	0.625	1.250	
202	31	-34	4	1	1	0	486	0.250	0.250	117	0.354	1.405	290	0.479	1.280	446	0.479	1.405	488	0.500	1.000	
203	33	-12	4	2	-1	0	382	0.375	0.375	289	0.559	1.589	459	0.625	0.625	110	0.750	0.655	124	0.750	0.905	
204	27	-12	4	-2	1	0	281	0.125	0.125	410	0.500	1.250	266	0.625	1.250	195	0.625	0.750	274	0.625	0.625	
205	34	-24	4	-1	2	2	48	0.500	1.250	122	0.625	0.625	146	0.750	0.625	398	0.750	0.750	341	0.875	0.500	
206	34	-22	4	1	-1	0	49	0.125	0.125	140	0.500	1.000	455	0.604	1.155	57	0.604	1.405	492	0.729	1.714	
207	21	-35	4	-1	-2	0	137	0.250	0.250	1	0.250	0.250	270	0.375	0.375	315	0.500	0.500	375	0.729	1.280	
208	35	-25	4	-2	1	0	261	0.125	0.125	205	0.479	1.500	177	0.500	0.500	341	0.625	0.625	229	0.625	1.000	
209	33	-32	4	0	-1	0	84	0.250	1.250	109	0.375	1.000	34	0.375	0.375	111	0.375	0.375	487	0.375	1.125	
210	34	-18	4	2	1	0	293	0.125	0.125	130	0.375	1.375	262	0.500	0.500	196	0.604	1.500	129	0.750	0.655	
211	31	-31	4	1	0	0	357	0.250	0.250	80	0.500	0.500	238	0.500	0.500	209	0.604	1.589	56	0.604	1.589	
212	35	-11	4	1	-1	0	491	0.250	0.250	317	0.250	0.250	288	0.500	1.375	300	0.750	0.750	371	0.750	0.625	
213	31	-11	4	0	-1	5	131	0.250	0.250	316	0.375	0.375	437	0.375	1.000	370	0.375	1.375	481	0.500	0.500	
214	29	-34	4	-2	-1	0	418	0.500	0.500	59	0.604	1.280	136	0.625	1.125	456	0.625	0.625	495	0.625	0.625	
215	32	-19	4	-1	0	6	465	0.125	0.125	44	0.375	0.375	335	0.750	0.750	5	0.750	0.875	464	0.750	0.750	
216	26	-14	4	0	1	0	255	0.125	0.125	115	0.250	1.250	4	0.375	1.375	158	0.375	1.125	40	0.500	1.000	
217	26	-35	4	1	2	1	383	0.250	0.250	133	0.500	0.500	448	0.625	0.875	352	0.655	0.655	65	0.780	0.750	
218	34	-23	4	1	-1	0	140	0.125	0.125	492	0.354	1.405	157	0.479	1.280	57	0.500	1.000	364	0.625	1.375	
219	24	-37	4	0	-1	0	227	0.375	0.375	200	0.500	0.500	434	0.625	0.625	112	0.625	0.625	147	0.750	0.750	
220	33	-36	4	1	-1	0	387	0.125	0.125	482	0.625	0.625	363	0.625	0.625	116	0.655	0.655	457	0.750	0.750	
221	29	-14	4	-1	2	0	340	0.125	0.125	60	0.375	1.250	138	0.500	1.125	54	0.559	1.589	90	0.684	1.464	
222	31	-15	4	2	-1	0	141	0.125	0.125	198	0.375	0.375	366	0.500	0.500	192	0.625	0.625	121	0.729	1.604	
223	31	-35	4	1	2	0	330	0.125	0.125	360	0.375	0.375	132	0.375	1.250	472	0.375	0.375	202	0.375	1.000	
224	32	-17	4	-1	2	0	484	0.375	1.375	464	0.375	0.375	252	0.604	1.500	422	0.625	0.625	97	0.625	0.625	
225	34	-27	4	1	2	0	25	0.250	0.250	21	0.750	0.750	261	0.854	1.464	479	0.875	0.875	258	0.905	0.625	
226	26	-35	4	0	-1	0	133	0.375	0.375	64	0.375	1.000	6	0.375	1.250	52	0.500	0.500	73	0.604	1.375	
227	24	-37	4	2	-1	0	434	0.250	0.250	219	0.375	0.375	181	0.375	1.250	200	0.875	0.875	383	0.979	1.354	
228	35	-13	4	-1	2	3	145	0.125	0.125	490	0.479	1.500	289	0.500	0.500	265	0.604	1.375	297	0.684	1.714	
229	34	-25	4	0	-1	11	279	0.250	1.125	442	0.500	0.500	256	0.500	1.250	430	0.750	0.750	346	0.875	1.750	
230	35	-33	4	0	-1	1	53	0.125	0.125	409	0.250	0.250	395	0.250	1.375	24	0.375	1.000	58	0.500	0.500	
231	34	-11	4	-2	1	0	462	0.125	0.125	419	0.375	1.250	297	0.375	0.375	483	0.375	1.000	265	0.500	0.500	
232	34	-31	4	-2	-1	6	469	0.500	1.125	7	0.500	0.500	209	0.604	1.375	406	0.625	0.625	104	0.684	1.464	
233	33	-15	4	-2	1	0	13	0.375	0.375	87	0.375	0.375	91	0.500	0.500	480	0.500	1.125	95	0.625	0.625	
234	35	-29	4	0	1	0	350	0.250	0.250	258	0.250	1.375	367	0.500	0.500	46	0.625	0.625	361	0.625	0.625	
235	30	-36	4	1	1	0	201	0.125	0.125	494	0.250	0.250	223	0.354	1.405	472	0.354	1.280	330	0.604	1.530	
236	33	-29	4	-2	-1	4	128	0.125	0.125	439	0.604	1.280	349	0.625	0.625	243	0.729	1.589	232	0.839	0.839	
237	30	-16	4	-2	1	0	28	0.250	0.250	168	0.375	0.375	305	0.625	1.125	156	0.655	0.655	340	0.729	1.714	
238	31	-31	4	0	-1	9	72	0.375	1.000	468	0.375	1.375	310	0.375	0.375	55	0.375	1.125	243	0.500	0.500	
239	33	-35	4	1	-1	0	50	0.125	0.125	114	0.125	0.125	482	0.250	0.250	457	0.354	1.405	220	0.500	0.875	
240	32	-30	4	1	1	0	172	0.250	0.250	241	0.354	1.280	403	0.604	1.530	439	0.625	0.625	405	0.625	1.125	
241	33	-29	4	1	0	0	403	0.250	0.250	46	0.375	1.125	10	0.625	1.155	258	0.729	1.589	63	0.750	0.905	
242	26	-15	4	1	0	0	89	0.250	1.250	249	0.250	0.250	368	0.375	1.000	440	0.375	1.125	452	0.500	1.000	
243	32	-31	4	-1	-2	2	310	0.125	0.125	468	0.479	1.155	356	0.479	1.375	407	0.500	1.125	238	0.500	0.500	
244	22	-35	4	1	2	0	307	0.250	0.250	86	0.625	1.250	478	0.625	0.875	287	0.750	1.155	0	0.750	0.750	
245	35	-32	4	1	0	0	432	0.125	0.125	412	0.125	0.125	394	0.250	0.250	58	0.375	0.375	176	0.375	0.375	
246	32	-19	4	2	1	0	335	0.375	0.375	69	0.375	1.250	27	0.500	1.125	291	0.625	0.625	293	0.729	1.714	
247	28	-11	4	0	-1	0	22	0.375	0.375	296	0.375	0.375	47	0.375	0.375	271	0.500	1.000	180	0.500	0.500	
248	31	-32	4	-1	2	0	8	0.250	0.250	357	0.375	1.250	356	0.375	0.375	72	0.500	0.500	388	0.625	0.625	
249	26	-15	4	1	-1	0	242	0.250	0.250	440	0.500	1.375	347	0.500	1.000	149	0.530	0.530	319	0.625	0.625	
250	35	-30	4	2	1	0	367	0.500	0.500	361	0.625	0.625	234	0.625	1.000	329	0.625	0.625	46	0.655	0.655	
251	27	-11	4	1	2	0	266	0.125	0.125	123	0.250	0.250	411	0.625	0.625	90	0.655	0.655	180	0.750	0.750	
252	31	-16	4	-2	1	0	188	0.250	0.250	237	0.375	1.125	275	0.479	1.375	168	0.500	1.250	305	0.604	1.280	
253	27	-15	4	-2	-1	19	313	0.125	0.125	103	0.375	0.375	489	0.375	1.250	362	0.375	1.250	368	0.500	0.500	
254	35	-15	4	-2	-1	15	453	0.729	1.589	485	0.750	0.750	31	0.750	0.750	95	0.854	1.839	66	0.875	0.875	
255	26	-14	4	-1	2	1	216	0.125	0.125	158	0.375	1.250	40	0.500	1.125	115	0.500	1.375	4	0.625	1.250	
256	34	-26	4	-1	-2	15	279	0.125	0.125	479	0.375	1.000	346	0.500	1.250	21	0.500	0.875	113	0.625	1.125	
257	32	-36	4	-2	-1	1	363	0.375	0.375	272	0.375	1.250	389	0.500	0.500	397	0.625	0.625	45	0.625	0.625	
258	35	-28	4	0	1	3	303	0.500	0.500	107	0.625	0.625	21	0.729	1.375	260	0.750	0.750	25	0.750	0.905	
259	35	-36	4	2	-1	0	390	0.125	0.125	98	0.250	0.250	18	0.500	0.500	43	0.625	0.625	82	0.625	0.625	
260	35	-28	4	-1	-1	1	107	0.125	0.125	303	0.250	0.250	479	0.530	0.530	128	0.604	1.839	474	0.625	1.250	
261	35	-25	4	-1	1	0	208	0.125	0.125	205	0.354	1.405	146	0.500	0.875	341	0.625	0.750	33	0.625	0.625	
262	34	-18	4	1	-2	0	159	0.375	0.375	420	0.375	1.250	210	0.500	0.500	293	0.625	0.625	130	0.625	0.875	
263	31	-30	4	1	-2	0	165	0.250	0.250	238	0.375	1.250	407	0.559	1.589	211	0.625	0.750	468	0.625	1.625	
264	29	-13	4	2	-1	0	138	0.250	0.250	424	0.375	1.000	192	0.559	1.589	425	0.625	1.375	99	0.625	0.625	
265	34	-12	4	-1	0	1	19	0.125	0.125	490	0.125	0.125	462	0.375	0.375	231	0.500	0.500	283	0.604	1.250	
266	27	-11	4	1	1	0	123	0.125	0.125	251	0.125	0.125	90	0.530	0.530	180	0.625	0.625	54	0.655	0.655	
267	25	-15	4	1	-2	2	3	0.500	0.500	242	0.625	1.000	249	0.625	0.750	319	0.875	0.750	89	0.875	1.500	
268	23	-35	4	-1	-1	0	14	0.354	1.405	142	0.375	0.375	0	0.500	0.500	86	0.500	0.500	348	0.530	0.530	
269	31	-14	4	-1	0	3	498	0.250	0.250	15	0.250	1.125	68	0.375	0.375	41	0.375	1.375	414	0.500	0.500	
270	21	-35	4	1	-1	2	1	0.125	0.125	62	0.375	0.375	207	0.375	0.375	14	0.604	1.155	375	0.604	1.405	
271	28	-12	4	2	-1	0	153	0.125	0.125	90	0.375	0.375	264	0.479	1.280	54	0.500	0.500	161	0.625	1.375	
272	31	-36	4	-1	1	0	336	0.479	1.280	223	0.500	1.250	42	0.500	1.375	37	0.530	0.530	330	0.625	1.375	
273	33	-14	4	-1	-1	0	35	0.125	0.125	480	0.354	1.405	413	0.375	0.375	100	0.500	1.375	13	0.500	0.875	
274	27	-12	4	1	1	0	309	0.125	0.125	296	0.479	1.155	190	0.500	0.500	251	0.500	1.000	281	0.500	0.500	
275	30	-15	4	0	1	0	305	0.125	0.125	102	0.375	0.375	163	0.500	0.500	366	0.500	0.500	192	0.604	1.375	
276	25	-13	4	1	-1	0	294	0.125	0.125	158	0.500	1.375	392	0.500	1.000	302	0.604	1.405	115	0.625	1.250	
277	32	-14	4	1	0	0	413	0.375	1.000	415	0.375	1.375	155	0.604	1.250	91	0.750	0.905	100	0.750	0.750	
278	26	-12	4	2	1	0	190	0.375	1.250	309	0.375	1.125	195	0.375	0.375	251	0.479	1.530	123	0.479	1.280	
279	34	-26	4	-1	-1	0	256	0.125	0.125	113	0.500	1.000	441	0.530	0.530	479	0.625	0.875	21	0.750	0.750	
280	24	-35	4	2	1	0	447	0.375	1.250	416	0.500	0.500	184	0.625	0.625	379	0.750	0.750	471	0.750	0.750	
281	27	-12	4	-1	1	0	204	0.125	0.125	274	0.500	0.500	251	0.500	1.250	309	0.625	0.625	410	0.625	1.375	
282	33	-34	4	-2	1	0	428	0.125	0.125	380	0.375	0.375	290	0.604	1.375	338	0.625	1.625	109	0.625	0.625	
283	33	-11	4	0	1	4	483	0.250	0.250	297	0.375	0.375	312	0.375	0.375	444	0.500	0.500	419	0.500	0.500	
284	34	-24	4	1	-1	0	398	0.125	0.125	229	0.625	1.125	442	0.625	0.625	157	0.625	0.625	492	0.750	0.750	
285	34	-14	4	1	1	0	125	0.125	0.125	108	0.250	0.250	145	0.479	1.280	124	0.500	0.875	160	0.500	1.375	
286	28	-12	4	-1	2	0	54	0.250	0.250	90	0.375	0.375	411	0.375	1.125	153	0.625	0.625	204	0.625	0.875	
287	23	-34	4	0	1	13	379	0.625	0.625	471	0.875	1.125	307	0.905	0.729	478	1.000	0.625	268	1.125	1.000	
288	35	-12	4	-1	-1	0	19	0.500	1.000	490	0.500	1.250	265	0.625	1.125	300	0.655	0.655	194	0.854	2.082	
289	35	-13	4	2	1	0	145	0.375	0.375	228	0.500	0.500	160	0.875	0.750	297	0.979	1.214	462	0.979	1.229	
290	32	-33	4	0	1	0	117	0.125	0.125	388	0.250	1.250	104	0.250	1.125	178	0.375	0.375	446	0.375	0.375	
291	32	-18	4	2	-1	0	69	0.479	1.155	27	0.604	1.500	246	0.625	0.625	5	0.625	0.625	44	0.625	1.125	
292	33	-35	4	-1	-1	1	114	0.375	0.375	257	0.479	1.405	363	0.479	1.280	239	0.500	0.500	220	0.500	1.375	
293	34	-18	4	1	1	0	210	0.125	0.125	196	0.354	1.405	129	0.530	0.530	130	0.625	1.250	262	0.625	0.625	
294	25	-13	4	2	-1	0	276	0.125	0.125	40	0.375	1.375	302	0.479	1.280	158	0.500	1.250	115	0.625	1.125	
295	29	-15	4	1	-2	0	334	0.125	0.125	71	0.479	1.280	320	0.500	0.500	301	0.625	0.625	305	0.750	1.250	
296	28	-11	4	2	-1	0	247	0.375	0.375	299	0.375	1.250	153	0.500	0.500	438	0.500	1.125	76	0.500	1.125	
297	34	-11	4	0	1	1	231	0.375	0.375	429	0.375	0.375	283	0.375	0.375	462	0.500	0.500	435	0.625	0.625	
298	30	-11	4	2	-1	0	197	0.125	0.125	481	0.250	0.250	134	0.375	1.250	370	0.604	1.375	199	0.625	0.625	
299	29	-11	4	1	1	0	373	0.125	0.125	76	0.125	0.125	454	0.250	0.250	438	0.375	0.375	32	0.375	0.375	
300	34	-11	4	-1	-2	15	371	0.250	0.250	110	0.375	0.375	462	0.375	0.375	382	0.479	1.155	19	0.500	0.875	
301	29	-15	4	1	1	0	320	0.125	0.125	221	0.500	1.250	334	0.500	0.500	101	0.500	1.375	305	0.625	0.750	
302	26	-14	4	2	-1	0	149	0.375	1.000	242	0.500	0.500	421	0.559	1.589	368	0.604	1.500	40	0.625	0.625	
303	35	-28	4	-1	0	0	107	0.125	0.125	260	0.250	0.250	128	0.604	1.589	479	0.625	0.780	441	0.625	0.625	
304	34	-13	4	2	1	0	124	0.125	0.125	108	0.500	0.500	289	0.500	1.125	145	0.625	0.750	125	0.625	0.625	
305	30	-15	4	1	2	0	275	0.125	0.125	102	0.250	0.250	163	0.375	0.375	192	0.604	1.500	41	0.625	1.000	
306	30	-32	4	-1	0	0	81	0.250	0.250	378	0.250	0.250	461	0.500	0.500	384	0.604	1.250	143	0.750	0.750	
307	22	-35	4	-1	2	0	244	0.250	0.250	207	0.750	1.250	0	0.750	0.625	315	0.750	0.875	287	0.750	0.905	
308	30	-12	4	1	2	0	179	0.250	0.250	331	0.375	0.375	199	0.500	0.500	23	0.500	1.125	161	0.625	0.625	
309	27	-12	4	2	1	0	274	0.125	0.125	190	0.375	0.375	271	0.500	1.375	90	0.500	1.000	411	0.604	1.280	
310	32	-31	4	0	-1	0	243	0.125	0.125	238	0.375	0.375	407	0.500	1.250	72	0.604	1.375	111	0.604	1.375	
311	33	-21	4	1	-1	0	332	0.125	0.125	314	0.250	0.250	49	0.354	1.405	206	0.604	1.530	140	0.729	1.714	
312	32	-11	4	0	1	0	444	0.125	0.125	283	0.375	0.375	475	0.375	0.375	134	0.625	0.625	483	0.625	0.625	
313	27	-15	4	-1	0	4	253	0.125	0.125	103	0.250	0.250	489	0.375	1.375	362	0.375	1.125	186	0.500	0.500	
314	33	-21	4	1	0	0	332	0.125	0.125	311	0.250	0.250	20	0.500	0.500	49	0.604	1.405	51	0.729	1.714	
315	21	-35	4	-2	1	28	137	0.250	0.250	207	0.500	0.500	62	0.750	0.750	1	0.750	0.750	270	0.875	0.875	
316	31	-11	4	-2	-1	0	131	0.125	0.125	213	0.375	0.375	23	0.500	1.375	437	0.625	0.625	481	0.750	0.875	
317	35	-11	4	1	0	0	212	0.250	0.250	429	0.500	0.500	491	0.500	0.500	288	0.750	1.125	297	0.875	0.750	
318	34	-33	4	-1	2	1	381	0.125	0.125	406	0.500	0.875	189	0.625	0.625	109	0.625	1.125	245	0.729	1.375	
319	26	-15	4	-2	-1	16	489	0.125	0.125	362	0.375	0.375	3	0.500	1.125	249	0.625	0.625	267	0.750	0.875	
320	29	-15	4	2	1	0	301	0.125	0.125	334	0.375	0.375	102	0.375	1.125	101	0.375	1.250	295	0.500	0.500	
321	32	-35	4	-2	1	0	389	0.125	0.125	37	0.125	0.125	45	0.250	0.250	39	0.375	1.250	132	0.479	1.405	
322	27	-36	4	-1	2	0	144	0.125	0.125	65	0.250	0.250	352	0.375	0.375	169	0.375	0.375	339	0.500	0.500	
323	35	-23	4	-2	-1	0	455	0.250	0.250	177	0.500	0.500	48	0.625	1.000	341	0.625	0.625	460	0.750	0.905	
324	31	-30	4	0	1	0	497	0.500	0.500	405	0.750	1.030	74	0.750	0.750	240	0.750	0.625	439	0.875	1.125	
325	33	-20	4	1	-2	3	20	0.250	0.250	311	0.375	1.000	332	0.500	0.875	355	0.625	1.125	314	0.625	0.750	
326	24	-36	4	-2	-1	0	348	0.125	0.125	400	0.375	1.250	147	0.479	1.280	162	0.500	1.125	200	0.500	0.500	
327	33	-36	4	-1	2	1	16	0.125	0.125	37	0.479	1.405	389	0.479	1.375	321	0.604	1.500	45	0.604	1.280	
328	35	-35	4	0	-1	0	43	0.375	0.375	259	0.500	1.000	2	0.500	0.875	18	0.500	0.500	116	0.500	0.500	
329	35	-31	4	2	1	0	106	0.125	0.125	92	0.375	0.375	245	0.500	0.500	427	0.500	0.500	432	0.625	0.625	
330	31	-35	4	1	1	0	223	0.125	0.125	472	0.250	0.250	167	0.354	1.405	93	0.479	1.155	360	0.500	0.500	
331	30	-12	4	-1	1	0	32	0.354	1.405	308	0.375	0.375	454	0.479	1.280	77	0.500	0.500	76	0.604	1.155	
332	33	-21	4	2	-1	0	314	0.125	0.125	311	0.125	0.125	49	0.479	1.530	206	0.604	1.405	20	0.625	0.625	
333	34	-35	4	1	0	0	79	0.125	0.125	18	0.375	1.375	116	0.375	0.375	118	0.375	1.125	328	0.500	0.875	
334	29	-15	4	1	-1	0	295	0.125	0.125	71	0.354	1.405	320	0.375	0.375	301	0.500	0.500	163	0.625	1.125	
335	32	-19	4	1	-1	0	325	0.354	1.405	44	0.375	0.375	246	0.375	0.375	20	0.479	1.405	355	0.604	1.714	
336	30	-35	4	0	1	0	353	0.375	0.375	223	0.500	0.500	486	0.604	1.250	330	0.625	0.625	132	0.625	0.780	
337	31	-36	4	1	0	0	397	0.250	1.125	472	0.375	0.375	363	0.500	0.875	330	0.625	0.625	50	0.684	1.464	
338	31	-34	4	-1	-1	1	404	0.125	0.125	132	0.500	0.500	39	0.500	0.875	470	0.530	0.530	426	0.604	1.530	
339	28	-36	4	0	1	0	385	0.375	0.375	359	0.375	1.375	144	0.375	0.375	120	0.500	1.000	476	0.500	0.500	
340	29	-14	4	0	1	0	221	0.125	0.125	60	0.375	1.375	138	0.500	1.000	54	0.729	1.464	179	0.729	1.714	
341	35	-24	4	-2	1	0	177	0.125	0.125	146	0.125	0.125	122	0.250	0.250	205	0.500	0.875	48	0.604	1.375	
342	31	-33	4	-1	2	0	178	0.125	0.125	488	0.250	0.250	248	0.375	1.125	306	0.479	1.375	81	0.479	1.405	
343	34	-34	4	-1	2	1	463	0.250	0.250	318	0.500	1.125	380	0.500	0.500	109	0.604	1.280	282	0.625	0.875	
344	30	-33	4	1	1	0	8	0.354	1.405	202	0.530	0.530	248	0.604	1.155	488	0.625	0.750	81	0.625	1.375	
345	29	-35	4	0	-1	0	136	0.125	0.125	433	0.250	0.250	365	0.375	1.000	431	0.500	1.000	59	0.500	0.500	
346	34	-27	4	0	-1	12	113	0.125	0.125	479	0.250	0.250	21	0.375	0.375	128	0.604	1.589	25	0.625	0.625	
347	27	-15	4	2	-1	0	368	0.250	0.250	89	0.250	0.250	440	0.375	0.375	152	0.375	1.250	452	0.500	0.500	
348	24	-36	4	-1	-1	0	326	0.125	0.125	135	0.500	1.250	268	0.530	0.530	147	0.604	1.405	227	0.625	1.250	
349	33	-30	4	-2	1	0	74	0.375	0.375	405	0.479	1.375	128	0.500	0.500	403	0.625	1.250	236	0.625	0.625	
350	35	-29	4	1	1	0	234	0.250	0.250	367	0.250	0.250	361	0.375	0.375	474	0.625	0.625	258	0.625	1.125	
351	27	-36	4	-2	-1	0	169	0.125	0.125	322	0.500	0.500	6	0.500	0.875	119	0.625	0.625	144	0.625	0.625	
352	27	-36	4	1	1	0	65	0.125	0.125	144	0.250	0.250	322	0.375	0.375	73	0.375	0.375	359	0.479	1.280	
353	29	-35	4	0	1	0	336	0.375	0.375	495	0.375	1.375	374	0.375	0.375	359	0.375	0.375	154	0.375	1.125	
354	28	-35	4	-2	-1	0	119	0.375	1.125	351	0.479	1.280	59	0.500	0.500	476	0.500	0.500	385	0.625	0.625	
355	34	-20	4	2	1	0	129	0.479	1.405	51	0.500	0.875	182	0.625	0.750	29	0.750	0.655	75	0.750	0.750	
356	31	-32	4	-1	0	0	72	0.125	0.125	378	0.250	1.125	306	0.250	1.375	81	0.250	1.125	248	0.375	0.375	
357	31	-31	4	1	1	0	80	0.250	0.250	211	0.250	0.250	172	0.354	1.280	240	0.479	1.530	174	0.625	0.625	
358	33	-17	4	-1	-2	17	164	0.625	1.000	173	0.625	0.750	335	0.684	1.464	159	0.750	0.655	464	0.750	1.000	
359	28	-35	4	0	1	0	120	0.375	0.375	353	0.375	0.375	139	0.500	1.000	154	0.625	1.280	495	0.625	1.030	
360	31	-35	4	-1	1	0	223	0.375	0.375	39	0.500	0.500	330	0.500	0.500	202	0.500	1.375	426	0.500	1.375	
361	35	-29	4	2	-1	0	367	0.125	0.125	474	0.250	0.250	350	0.375	0.375	250	0.625	0.625	234	0.625	0.625	
362	26	-15	4	-1	1	1	489	0.250	0.250	319	0.375	0.375	255	0.500	1.000	449	0.604	1.405	216	0.625	1.125	
363	32	-36	4	0	-1	0	397	0.250	0.250	257	0.375	0.375	387	0.500	0.500	220	0.625	0.625	239	0.780	0.780	
364	35	-23	4	1	1	0	57	0.375	0.375	48	0.625	0.625	460	0.854	1.250	455	0.875	0.875	417	0.875	0.905	
365	29	-36	4	-2	-1	0	70	0.125	0.125	183	0.250	0.250	476	0.375	1.250	385	0.500	1.375	339	0.625	1.000	
366	31	-15	4	1	2	0	156	0.375	0.375	498	0.375	1.250	141	0.375	0.375	277	0.479	1.375	275	0.500	0.500	
367	35	-29	4	1	0	0	361	0.125	0.125	350	0.250	0.250	474	0.375	0.375	234	0.500	0.500	250	0.500	0.500	
368	27	-15	4	1	-2	0	347	0.250	0.250	89	0.500	0.500	253	0.500	0.500	152	0.625	1.000	440	0.625	0.625	
369	24	-35	4	-1	-2	0	105	0.250	0.250	416	0.250	0.250	348	0.375	1.000	400	0.479	1.375	326	0.500	0.875	
370	31	-12	4	0	-1	1	437	0.375	0.375	425	0.375	1.125	41	0.604	1.589	15	0.604	1.839	499	0.625	0.625	
371	34	-11	4	1	-2	2	110	0.125	0.125	435	0.250	0.250	300	0.250	0.250	19	0.500	1.125	491	0.500	0.500	
372	31	-33	4	2	1	0	488	0.250	0.250	446	0.375	1.125	178	0.375	0.375	342	0.500	0.500	486	0.500	0.500	
373	29	-11	4	2	1	0	299	0.125	0.125	76	0.250	0.250	438	0.250	0.250	197	0.375	1.250	454	0.375	0.375	
374	29	-35	4	2	1	0	353	0.375	0.375	136	0.500	0.500	431	0.625	0.625	336	0.625	0.750	345	0.625	0.625	
375	22	-36	4	2	-1	2	14	0.500	0.500	434	0.559	1.589	112	0.604	1.405	86	0.750	0.655	477	0.750	0.875	
376	28	-15	4	-2	1	0	313	0.375	1.250	103	0.375	1.000	186	0.479	1.280	253	0.500	1.375	445	0.625	0.625	
377	32	-12	4	-1	0	0	458	0.500	1.000	443	0.500	0.500	194	0.500	0.500	437	0.500	1.250	475	0.604	1.250	
378	30	-32	4	-1	-1	1	306	0.250	0.250	384	0.479	1.280	143	0.500	1.000	81	0.500	0.500	456	0.604	1.405	
379	24	-34	4	1	1	0	471	0.500	0.500	287	0.625	0.625	280	0.750	0.625	447	0.875	1.030	52	0.979	1.125	
380	33	-34	4	0	1	0	282	0.375	0.375	396	0.375	0.375	463	0.500	0.500	343	0.500	0.500	167	0.500	0.500	
381	34	-33	4	0	1	0	318	0.125	0.125	406	0.375	1.000	189	0.500	0.500	245	0.604	1.250	394	0.625	1.280	
382	33	-12	4	0	-1	9	38	0.375	1.000	203	0.375	0.375	194	0.604	1.375	304	0.729	1.375	370	0.750	0.750	
383	26	-35	4	-1	2	0	217	0.250	0.250	133	0.750	0.750	226	0.875	0.875	64	0.875	0.875	359	0.875	0.875	
384	29	-33	4	0	-1	0	418	0.250	1.250	456	0.375	0.375	214	0.375	1.000	143	0.500	0.500	470	0.625	0.625	
385	28	-36	4	-2	1	0	476	0.125	0.125	339	0.375	0.375	169	0.500	1.250	351	0.625	1.375	322	0.625	0.875	
386	34	-32	4	2	-1	0	432	0.375	1.125	394	0.375	1.250	34	0.375	0.375	58	0.479	1.155	409	0.479	1.405	
387	33	-36	4	1	-2	0	220	0.125	0.125	363	0.500	0.500	482	0.750	0.750	397	0.750	0.625	457	0.750	0.625	
388	32	-32	4	1	2	0	104	0.375	0.375	36	0.375	1.250	393	0.500	1.375	248	0.625	0.625	8	0.625	0.625	
389	32	-35	4	-1	0	0	45	0.125	0.125	321	0.125	0.125	37	0.250	0.250	39	0.250	1.125	360	0.375	1.125	
390	35	-36	4	1	0	0	259	0.125	0.125	98	0.125	0.125	18	0.375	0.375	43	0.500	0.500	82	0.500	0.500	
391	32	-34	4	1	-1	0	93	0.125	0.125	482	0.354	1.280	114	0.354	1.405	401	0.375	0.375	50	0.479	1.405	
392	26	-13	4	2	-1	0	40	0.250	0.250	158	0.375	0.375	115	0.500	0.500	83	0.500	0.500	302	0.625	0.625	
393	32	-31	4	-1	2	0	36	0.125	0.125	240	0.375	1.250	497	0.479	1.375	324	0.479	1.155	80	0.500	0.500	
394	35	-32	4	1	1	0	412	0.125	0.125	176	0.125	0.125	245	0.250	0.250	432	0.375	0.375	127	0.375	0.375	
395	35	-34	4	0	-1	0	328	0.250	1.375	43	0.375	1.000	473	0.375	0.375	24	0.375	0.375	466	0.604	1.839	
396	33	-34	4	2	1	0	85	0.375	1.250	380	0.375	0.375	482	0.500	0.500	463	0.500	0.875	381	0.604	1.375	
397	32	-36	4	1	-1	0	363	0.250	0.250	239	0.530	0.530	257	0.625	0.625	220	0.625	0.875	114	0.655	0.655	
398	34	-24	4	2	-1	0	284	0.125	0.125	492	0.500	0.875	442	0.500	0.500	157	0.625	0.750	229	0.750	1.000	
399	35	-19	4	0	-1	4	420	0.375	0.375	129	0.750	0.750	159	0.780	0.780	49	0.854	2.000	148	0.875	1.714	
400	23	-36	4	-1	0	1	135	0.125	0.125	477	0.375	0.375	14	0.375	1.000	162	0.375	0.375	147	0.500	0.500	
401	32	-34	4	2	1	0	167	0.250	0.250	93	0.250	0.250	391	0.375	0.375	396	0.500	1.125	85	0.625	1.625	
402	34	-17	4	-1	0	1	358	0.375	1.000	97	0.500	1.000	173	0.625	1.030	159	0.750	0.625	453	0.750	1.155	
403	33	-29	4	1	1	0	241	0.250	0.250	46	0.500	0.875	405	0.625	0.625	63	0.655	0.655	25	0.684	1.464	
404	31	-34	4	-1	-2	1	338	0.125	0.125	39	0.375	1.000	486	0.625	0.625	132	0.625	0.625	470	0.655	0.655	
405	32	-29	4	0	1	0	241	0.875	0.875	172	0.875	0.750	403	0.875	0.625	63	0.964	0.964	74	1.030	0.604	
406	34	-32	4	-2	1	0	469	0.479	1.500	34	0.625	0.625	232	0.625	0.625	36	0.729	1.714	67	0.729	1.464	
407	32	-32	4	-1	-2	12	9	0.500	1.125	209	0.500	0.500	468	0.500	0.500	104	0.625	0.625	67	0.625	0.750	
408	25	-36	4	0	1	2	493	0.500	0.500	133	0.729	1.375	280	0.750	0.905	383	0.750	0.905	144	0.750	0.750	
409	35	-33	4	1	-1	0	53	0.125	0.125	230	0.250	0.250	58	0.250	0.250	85	0.530	0.530	245	0.625	0.625	
410	26	-12	4	-1	-1	1	83	0.500	1.000	276	0.729	1.030	392	0.750	1.250	195	0.750	0.750	294	0.854	1.155	
411	28	-11	4	-1	2	0	22	0.500	0.500	454	0.500	0.500	76	0.625	0.625	251	0.625	0.625	32	0.625	0.625	
412	35	-32	4	2	1	0	245	0.125	0.125	394	0.125	0.125	176	0.250	0.250	432	0.250	0.250	127	0.500	0.500	
413	33	-14	4	1	-2	0	273	0.375	0.375	13	0.375	1.250	415	0.375	0.375	35	0.500	0.500	166	0.500	0.875	
414	31	-14	4	0	-1	0	68	0.125	0.125	11	0.125	0.125	198	0.375	1.375	222	0.500	1.000	269	0.500	0.500	
415	33	-14	4	1	0	0	125	0.250	1.250	413	0.375	0.375	108	0.375	1.375	285	0.375	1.125	166	0.500	0.500	
416	24	-35	4	1	-2	0	369	0.250	0.250	348	0.375	1.250	105	0.500	0.500	326	0.500	1.125	280	0.500	0.500	
417	34	-22	4	-1	2	3	460	0.375	0.375	182	0.729	1.464	450	0.750	0.655	51	0.854	1.589	75	0.854	1.714	
418	29	-34	4	1	-2	0	345	0.375	1.250	433	0.375	1.250	214	0.500	0.500	136	0.500	1.125	171	0.625	0.625	
419	33	-11	4	-1	0	0	483	0.250	0.250	283	0.500	0.500	370	0.604	1.589	377	0.625	1.030	77	0.854	1.957	
420	34	-19	4	0	-1	0	399	0.375	0.375	27	0.500	0.500	129	0.750	1.125	20	0.750	0.905	69	0.875	0.500	
421	28	-15	4	2	1	0	152	0.125	0.125	320	0.375	1.125	334	0.375	1.250	295	0.500	1.125	301	0.500	1.000	
422	31	-17	4	-1	2	0	26	0.250	0.250	28	0.479	1.280	237	0.479	1.530	252	0.500	0.875	126	0.500	0.500	
423	34	-36	4	-1	1	0	466	0.500	0.500	389	0.604	1.839	37	0.604	1.589	79	0.625	1.250	82	0.625	0.625	
424	30	-13	4	1	-1	0	11	0.354	1.405	192	0.479	1.155	414	0.479	1.280	15	0.500	1.375	68	0.604	1.155	
425	31	-13	4	1	-1	0	277	0.354	1.280	68	0.625	1.250	11	0.625	1.000	480	0.729	1.714	499	0.750	0.750	
426	30	-35	4	-1	-1	1	183	0.354	1.405	70	0.354	1.280	365	0.479	1.405	42	0.500	0.875	385	0.604	1.714	
427	35	-31	4	1	-2	0	329	0.500	0.500	467	0.500	0.500	432	0.500	0.875	106	0.625	0.625	245	0.625	0.750	
428	33	-34	4	-1	0	0	282	0.125	0.125	380	0.500	0.500	109	0.500	0.500	39	0.604	1.839	290	0.604	1.250	
429	35	-11	4	0	1	5	297	0.375	0.375	317	0.500	0.500	212	0.750	0.750	283	0.750	0.750	490	0.905	0.905	
430	34	-25	4	1	1	0	33	0.250	0.250	442	0.250	0.250	122	0.604	1.155	205	0.750	1.250	229	0.750	0.750	
431	29	-36	4	2	-1	0	235	0.375	1.250	183	0.500	0.500	201	0.500	1.125	494	0.625	1.000	374	0.625	0.625	
432	35	-32	4	2	-1	0	245	0.125	0.125	412	0.250	0.250	394	0.375	0.375	58	0.500	0.500	176	0.500	0.500	
433	29	-35	4	-1	-1	1	345	0.250	0.250	476	0.354	1.280	136	0.375	0.375	385	0.479	1.155	183	0.500	1.000	
434	24	-37	4	2	1	0	227	0.250	0.250	181	0.375	1.000	408	0.604	1.375	219	0.625	0.625	478	0.839	0.839	
435	34	-11	4	2	-1	0	110	0.125	0.125	371	0.250	0.250	300	0.500	0.500	212	0.500	1.000	429	0.625	1.000	
436	35	-36	4	-1	2	3	82	0.125	0.125	2	0.375	0.375	118	0.375	1.250	98	0.500	0.500	463	0.559	1.589	
437	31	-12	4	-2	-1	3	77	0.375	1.000	370	0.375	0.375	331	0.375	1.250	458	0.500	0.500	316	0.625	0.625	
438	29	-11	4	2	-1	0	373	0.250	0.250	299	0.375	0.375	197	0.375	1.000	199	0.479	1.280	298	0.500	1.125	
439	32	-30	4	1	-2	0	172	0.375	0.375	243	0.500	1.375	165	0.625	0.625	240	0.625	0.625	263	0.625	0.625	
440	27	-15	4	1	1	1	89	0.125	0.125	452	0.125	0.125	347	0.375	0.375	61	0.479	1.155	103	0.500	0.500	
441	35	-27	4	-1	-1	1	260	0.500	0.875	21	0.500	1.000	279	0.530	0.530	303	0.625	0.625	346	0.625	0.625	
442	34	-25	4	1	0	0	430	0.250	0.250	229	0.500	0.500	398	0.500	0.500	33	0.500	0.500	284	0.625	0.625	
443	32	-12	4	0	1	0	444	0.250	1.250	312	0.375	1.375	458	0.500	0.500	377	0.500	0.500	483	0.625	0.780	
444	32	-11	4	1	2	0	312	0.125	0.125	475	0.500	0.500	283	0.500	0.500	134	0.750	0.625	483	0.750	0.750	
445	28	-14	4	-2	-1	16	191	0.375	1.000	17	0.375	0.375	96	0.500	0.500	186	0.500	1.375	368	0.604	1.280	
446	32	-33	4	2	1	0	117	0.250	0.250	487	0.375	1.250	290	0.375	0.375	84	0.500	1.125	386	0.559	1.589	
447	25	-35	4	1	-1	0	52	0.375	0.375	133	0.500	1.000	6	0.604	1.155	226	0.625	0.625	217	0.625	1.250	
448	27	-35	4	2	1	0	120	0.500	1.125	139	0.604	1.280	359	0.625	0.750	59	0.625	1.125	352	0.750	0.625	
449	25	-14	4	-2	1	1	3	0.625	0.625	216	0.750	0.750	255	0.875	0.625	319	1.030	0.729	278	1.104	1.354	
450	35	-21	4	-1	1	2	29	0.500	0.500	51	0.625	1.250	150	0.625	0.625	148	0.625	1.250	417	0.655	0.655	
451	28	-36	4	1	-1	0	431	0.500	1.000	136	0.655	0.655	476	0.750	0.750	183	0.750	0.750	120	0.750	0.750	
452	27	-15	4	1	2	0	440	0.125	0.125	89	0.250	0.250	103	0.375	0.375	186	0.500	1.125	347	0.500	0.500	
453	33	-16	4	-2	1	0	95	0.250	0.250	233	0.625	0.625	126	0.729	1.589	156	0.729	1.714	121	0.729	1.280	
454	29	-11	4	0	1	0	32	0.125	0.125	76	0.125	0.125	299	0.250	0.250	373	0.375	0.375	411	0.500	0.500	
455	35	-23	4	-1	-2	1	323	0.250	0.250	492	0.500	1.375	57	0.500	0.500	140	0.625	0.625	157	0.625	1.250	
456	29	-33	4	-2	-1	2	384	0.375	0.375	59	0.729	1.604	214	0.750	0.625	418	0.750	1.125	143	0.875	0.625	
457	34	-36	4	1	-2	0	466	0.375	0.375	98	0.625	1.125	259	0.625	0.875	387	0.625	0.625	390	0.750	1.000	
458	31	-12	4	-1	2	0	475	0.375	1.250	134	0.375	1.250	499	0.500	0.500	437	0.500	0.500	443	0.500	0.500	
459	33	-11	4	2	-1	0	110	0.375	1.000	435	0.500	1.125	371	0.500	0.875	203	0.625	0.625	283	0.625	0.625	
460	34	-22	4	-1	0	5	417	0.375	0.375	49	0.625	0.625	218	0.750	1.125	206	0.750	0.750	148	0.750	0.625	
461	30	-33	4	-2	-1	2	470	0.125	0.125	143	0.250	0.250	456	0.375	1.125	306	0.500	0.500	418	0.604	1.280	
462	34	-11	4	-1	0	0	231	0.125	0.125	300	0.375	0.375	419	0.375	1.375	265	0.375	0.375	483	0.375	1.125	
463	34	-34	4	1	2	0	343	0.250	0.250	381	0.375	1.250	58	0.479	1.375	318	0.500	1.375	380	0.500	0.500	
464	32	-17	4	-1	0	0	26	0.250	1.250	12	0.250	1.125	121	0.375	0.375	224	0.375	0.375	422	0.500	1.000	
465	32	-19	4	-2	1	2	215	0.125	0.125	44	0.500	0.500	88	0.625	0.875	246	0.750	0.750	5	0.750	1.000	
466	34	-36	4	-1	-1	1	457	0.375	0.375	423	0.500	0.500	292	0.530	0.530	327	0.625	1.250	16	0.750	1.125	
467	35	-31	4	-2	-1	6	34	0.479	1.375	232	0.500	1.125	427	0.500	0.500	92	0.625	0.625	170	0.729	1.375	
468	31	-32	4	0	-1	0	55	0.250	0.250	72	0.375	0.375	356	0.500	0.500	407	0.500	0.500	461	0.604	1.375	
469	33	-31	4	-1	2	0	74	0.375	1.250	349	0.500	0.875	403	0.625	1.625	393	0.625	0.625	104	0.655	0.655	
470	30	-33	4	-1	-1	0	461	0.125	0.125	143	0.125	0.125	171	0.500	1.000	338	0.530	0.530	214	0.604	1.405	
471	24	-34	4	1	-1	0	447	0.479	1.530	369	0.500	1.250	379	0.500	0.500	86	0.530	0.530	52	0.604	1.155	
472	31	-35	4	1	0	0	330	0.250	0.250	78	0.375	1.000	486	0.375	0.375	223	0.375	0.375	337	0.375	0.375	
473	34	-34	4	0	-1	0	85	0.250	0.250	116	0.250	1.250	395	0.375	0.375	18	0.604	1.250	239	0.625	0.780	
474	35	-29	4	1	-2	1	361	0.250	0.250	367	0.375	0.375	350	0.625	0.625	250	0.750	0.875	467	0.750	1.500	
475	31	-11	4	0	1	0	134	0.250	0.250	312	0.375	0.375	444	0.500	0.500	316	0.625	0.625	454	0.750	0.750	
476	28	-36	4	-1	0	0	385	0.125	0.125	169	0.375	1.375	322	0.500	1.000	354	0.500	0.500	339	0.500	0.500	
477	23	-36	4	-1	-2	0	112	0.375	1.250	400	0.375	0.375	147	0.500	0.875	135	0.500	0.500	162	0.750	0.750	
478	23	-35	4	2	1	0	86	0.375	0.375	416	0.500	1.125	142	0.500	0.500	280	0.500	1.125	0	0.625	0.625	
479	34	-27	4	-1	-1	0	21	0.125	0.125	113	0.125	0.125	346	0.250	0.250	260	0.530	0.530	107	0.655	0.655	
480	32	-15	4	-1	-2	5	198	0.500	0.500	252	0.604	1.280	156	0.625	1.250	12	0.729	1.714	237	0.729	1.604	
481	30	-11	4	1	-2	3	197	0.125	0.125	298	0.250	0.250	77	0.375	1.250	161	0.375	1.000	199	0.500	0.875	
482	33	-35	4	1	0	0	50	0.125	0.125	79	0.250	1.250	239	0.250	0.250	114	0.375	0.375	333	0.375	1.375	
483	33	-11	4	-1	1	0	283	0.250	0.250	419	0.250	0.250	297	0.625	0.625	312	0.750	0.625	443	0.780	0.625	
484	32	-16	4	1	2	0	91	0.479	1.280	166	0.604	1.280	188	0.625	0.625	100	0.625	1.625	94	0.625	1.125	
485	35	-16	4	-1	-1	0	402	0.354	1.280	31	0.500	0.500	66	0.625	0.625	262	0.729	1.714	254	0.750	0.625	
486	31	-34	4	1	0	0	202	0.250	0.250	401	0.250	1.250	391	0.250	1.125	472	0.375	0.375	167	0.500	1.000	
487	33	-33	4	1	-1	0	84	0.125	0.125	473	0.479	1.280	391	0.530	0.530	85	0.604	1.530	24	0.604	1.714	
488	31	-33	4	1	2	0	178	0.125	0.125	372	0.250	0.250	342	0.250	0.250	8	0.375	1.125	248	0.375	1.375	
489	26	-15	4	-1	0	1	319	0.125	0.125	362	0.250	0.250	3	0.500	1.250	449	0.625	1.155	249	0.750	0.750	
490	34	-12	4	-2	1	0	265	0.125	0.125	19	0.250	0.250	462	0.500	0.500	283	0.604	1.375	231	0.625	0.625	
491	35	-11	4	0	-1	1	212	0.250	0.250	288	0.250	1.125	300	0.500	0.500	371	0.500	0.500	317	0.500	0.500	
492	35	-24	4	1	-2	3	157	0.125	0.125	177	0.625	0.625	279	0.729	1.714	284	0.750	0.625	341	0.750	0.750	
493	25	-36	4	-1	0	0	348	0.250	1.125	326	0.500	1.250	408	0.500	0.500	219	0.604	1.250	200	0.625	1.030	
494	30	-36	4	0	1	0	201	0.125	0.125	235	0.250	0.250	336	0.375	1.375	472	0.604	1.250	495	0.604	1.589	
495	29	-34	4	0	1	0	154	0.250	0.250	344	0.625	1.280	214	0.625	0.625	139	0.750	0.625	418	0.875	0.875	
496	28	-13	4	0	1	0	54	0.250	1.250	60	0.375	0.375	90	0.375	1.125	286	0.500	1.250	204	0.604	1.375	
497	31	-30	4	-1	0	1	165	0.375	0.375	174	0.500	0.500	324	0.500	0.500	263	0.625	0.625	356	0.750	0.750	
498	31	-14	4	-1	1	0	269	0.250	0.250	193	0.354	1.405	30	0.479	1.405	99	0.604	1.589	68	0.625	0.625	
499	31	-12	4	2	1	0	444	0.479	1.500	458	0.500	0.500	459	0.559	1.589	312	0.604	1.375	370	0.625	0.625	
