# states in shortest path from s to t
17

# shortest path from s to t
34	-25	4	0	-1
34	-26	4	0	-1
34	-27	4	-1	-1
33	-28	4	-1	-1
32	-29	4	-1	-2
31	-31	4	-1	-1
30	-32	4	-1	-1
29	-33	4	-2	-1
27	-34	4	-1	0
26	-34	4	-1	0
25	-34	4	-1	0
24	-34	4	-2	-1
22	-35	4	-1	0
21	-35	4	-1	0
20	-35	4	-1	0
19	-35	4	-1	0
18	-35	4	-1	-1

# cost of shortest path
5.341

# Line i represents a sample taken at time i. The sample corresponds to a discrete state.
# Line Format: [sample ID] [x] [y] [z] [x-component of yaw] [y-component of yaw] [U: marginal coverage]
#              [sample ID of nearest neighbor 1] [shortest path cost to nearest neighbor 1] [shortest path cost from nearest neighbor 1]
#              ...
#              [sample ID of nearest neighbor k] [shortest path cost to nearest neighbor k] [shortest path cost from nearest neighbor k]
0	31	-35	4	1	1	30	253	0.250	0.250	26	0.500	0.875	444	0.500	1.250	379	0.500	0.500	313	0.500	1.375	
1	33	-17	4	-1	0	90	241	0.125	0.125	289	0.250	0.250	364	0.375	0.375	170	0.375	1.125	121	0.500	0.500	
2	32	-31	4	-1	-1	39	255	0.125	0.125	88	0.479	1.530	61	0.500	0.500	197	0.500	0.875	376	0.500	1.250	
3	34	-26	4	1	-1	4	124	0.479	1.530	225	0.500	1.375	409	0.530	0.530	180	0.625	1.125	33	0.625	0.875	
4	35	-16	4	-1	1	41	238	0.250	0.250	106	0.354	1.280	242	0.375	0.375	127	0.479	1.530	20	0.500	0.500	
5	35	-32	4	1	-1	31	496	0.500	0.500	421	0.500	0.500	171	0.625	0.625	334	0.655	0.655	384	0.750	0.750	
6	34	-24	4	1	0	0	143	0.125	0.125	357	0.250	0.250	309	0.375	0.375	103	0.625	0.780	99	0.625	0.625	
7	31	-30	4	1	2	7	280	0.250	0.250	98	0.500	0.500	31	0.625	0.625	293	0.729	1.280	81	0.750	0.905	
8	32	-35	4	-2	1	55	375	0.250	0.250	111	0.500	0.500	379	0.500	1.000	444	0.604	1.500	392	0.625	0.625	
9	35	-21	4	-1	-2	47	312	0.375	0.375	443	0.500	1.250	202	0.500	0.500	317	0.604	1.375	308	0.625	0.625	
10	34	-17	4	-2	-1	28	1	0.375	1.250	289	0.375	1.000	90	0.479	1.500	241	0.500	1.125	378	0.500	0.500	
11	34	-20	4	-1	1	94	425	0.125	0.125	380	0.250	0.250	272	0.354	1.280	499	0.375	0.375	267	0.479	1.280	
12	35	-19	4	-1	1	0	441	0.125	0.125	346	0.354	1.405	383	0.500	1.000	458	0.500	0.500	69	0.500	1.250	
13	29	-15	4	-1	-1	42	388	0.125	0.125	486	0.125	0.125	310	0.375	0.375	221	0.655	0.655	168	0.979	1.155	
14	25	-35	4	1	0	89	67	0.250	1.125	460	0.375	1.125	59	0.500	0.500	24	0.500	0.500	172	0.500	0.500	
15	34	-36	4	2	1	0	260	0.125	0.125	181	0.125	0.125	343	0.250	0.250	311	0.375	0.375	138	0.500	0.500	
16	34	-31	4	1	1	3	44	0.375	0.375	136	0.479	1.530	162	0.500	1.375	384	0.500	1.000	421	0.530	0.530	
17	35	-30	4	2	1	0	136	0.125	0.125	171	0.500	0.500	315	0.500	0.500	173	0.625	1.250	214	0.625	1.000	
18	30	-34	4	1	0	9	276	0.375	1.000	258	0.375	0.375	385	0.500	0.500	134	0.500	0.500	132	0.604	1.589	
19	34	-15	4	2	-1	1	50	0.250	0.250	354	0.375	0.375	264	0.479	1.155	438	0.500	1.125	224	0.625	0.875	
20	35	-16	4	1	1	8	242	0.125	0.125	238	0.250	0.250	264	0.250	0.250	4	0.500	0.500	223	0.500	1.375	
21	35	-34	4	-2	-1	15	85	0.125	0.125	263	0.500	0.500	366	0.625	0.625	149	0.625	0.625	138	0.729	1.604	
22	32	-18	4	-1	1	18	131	0.354	1.280	418	0.479	1.155	139	0.500	0.500	419	0.500	0.500	350	0.625	1.250	
23	33	-32	4	0	-1	16	434	0.250	1.125	273	0.375	1.125	326	0.500	0.500	376	0.500	0.500	325	0.500	1.250	
24	25	-34	4	2	-1	2	292	0.125	0.125	59	0.250	0.250	303	0.500	0.875	14	0.500	0.500	440	0.684	1.714	
25	35	-32	4	-2	1	7	446	0.125	0.125	201	0.125	0.125	496	0.375	0.375	259	0.479	1.155	326	0.500	1.125	
26	32	-35	4	1	1	0	369	0.125	0.125	313	0.500	0.500	442	0.604	1.155	8	0.625	0.625	253	0.625	0.625	
27	33	-20	4	1	0	0	266	0.125	0.125	256	0.250	0.250	498	0.250	0.250	112	0.375	0.375	278	0.375	1.000	
28	33	-36	4	0	-1	0	411	0.125	0.125	451	0.250	0.250	100	0.500	0.500	404	0.500	0.500	138	0.500	0.500	
29	33	-34	4	1	-1	0	488	0.375	0.375	313	0.530	0.530	290	0.625	0.625	232	0.750	1.125	77	0.854	1.589	
30	19	-35	4	1	0	70	97	0.250	1.125	414	0.375	1.000	243	0.604	1.589	76	0.625	1.000	286	0.729	1.714	
31	31	-30	4	-1	0	7	280	0.375	0.375	387	0.500	0.500	250	0.625	0.625	7	0.625	0.625	81	0.780	0.780	
32	28	-34	4	-1	0	32	187	0.250	1.375	62	0.375	1.000	395	0.375	0.375	192	0.375	1.250	417	0.500	0.500	
33	35	-26	4	1	-1	0	124	0.500	0.875	455	0.500	0.500	370	0.750	0.750	225	0.875	1.030	3	0.875	0.500	
34	32	-15	4	1	2	4	331	0.375	0.375	227	0.500	0.500	287	0.500	0.500	154	0.625	0.625	397	0.750	0.750	
35	34	-36	4	-2	1	3	42	0.250	0.250	343	0.500	0.500	375	0.559	1.589	204	0.625	0.625	38	0.625	0.875	
36	33	-20	4	-2	-1	16	75	0.125	0.125	272	0.500	0.500	400	0.625	0.625	262	0.625	1.000	498	0.625	0.625	
37	35	-35	4	-1	-1	4	366	0.125	0.125	263	0.250	0.250	352	0.375	0.375	149	0.375	0.375	35	0.479	1.155	
38	34	-35	4	-1	2	2	407	0.125	0.125	230	0.250	0.250	204	0.500	0.500	290	0.604	1.280	174	0.625	0.625	
39	32	-18	4	0	-1	18	494	0.125	0.125	419	0.250	0.250	436	0.375	1.375	90	0.500	0.500	219	0.500	0.500	
40	30	-32	4	2	1	1	328	0.125	0.125	439	0.375	0.375	258	0.500	0.500	461	0.604	1.405	152	0.729	1.464	
41	30	-36	4	-1	-1	7	218	0.125	0.125	166	0.500	1.375	471	0.500	1.000	341	0.625	0.625	228	0.625	1.250	
42	34	-36	4	-2	-1	10	35	0.250	0.250	138	0.500	0.500	311	0.625	0.625	204	0.625	0.625	28	0.625	0.750	
43	24	-34	4	2	1	2	291	0.250	0.250	292	0.375	1.250	320	0.500	0.500	59	0.500	1.125	24	0.500	1.375	
44	34	-31	4	2	-1	0	398	0.250	0.250	16	0.375	0.375	382	0.375	1.250	5	0.479	1.405	347	0.500	0.500	
45	34	-25	4	-1	0	38	445	0.375	0.375	58	0.375	0.375	469	0.500	0.500	155	0.625	0.625	3	0.750	1.125	
46	33	-31	4	2	-1	0	150	0.250	0.250	148	0.375	0.375	16	0.375	1.250	44	0.500	1.125	398	0.500	0.875	
47	34	-19	4	-1	1	1	142	0.125	0.125	450	0.125	0.125	234	0.250	0.250	364	0.354	1.280	297	0.375	0.375	
48	21	-35	4	0	-1	0	245	0.250	0.250	476	0.250	1.125	286	0.250	1.250	74	0.375	1.000	76	0.500	0.500	
49	35	-29	4	-2	1	0	173	0.125	0.125	214	0.375	0.375	226	0.479	1.375	342	0.500	0.500	212	0.625	0.625	
50	34	-15	4	2	1	1	354	0.125	0.125	19	0.250	0.250	438	0.500	0.875	189	0.625	0.750	127	0.625	0.625	
51	30	-32	4	-2	1	11	200	0.250	0.250	240	0.500	0.500	184	0.625	0.625	452	0.729	1.280	40	0.750	0.750	
52	24	-35	4	2	1	1	59	0.479	1.280	401	0.500	0.500	14	0.500	1.250	472	0.500	0.500	320	0.625	1.125	
53	26	-36	4	1	0	3	164	0.250	1.250	423	0.250	1.125	179	0.250	0.250	456	0.375	0.375	381	0.375	1.125	
54	31	-17	4	1	-2	1	219	0.479	1.375	39	0.479	1.155	418	0.500	0.500	131	0.625	0.625	350	0.625	1.125	
55	22	-36	4	-2	1	27	393	0.125	0.125	476	0.375	1.250	345	0.479	1.280	64	0.500	0.500	74	0.625	1.375	
56	30	-15	4	-2	1	18	70	0.250	0.250	388	0.375	1.375	13	0.500	1.250	221	0.625	0.625	486	0.625	1.125	
57	32	-36	4	2	1	0	451	0.375	1.250	404	0.500	0.500	411	0.500	1.125	369	0.625	0.625	28	0.625	1.000	
58	34	-25	4	-1	2	3	469	0.125	0.125	155	0.250	0.250	45	0.375	0.375	445	0.750	0.750	236	0.750	1.625	
59	25	-34	4	2	1	0	24	0.250	0.250	292	0.375	0.375	303	0.500	1.125	14	0.500	0.500	440	0.729	1.464	
60	33	-15	4	-2	1	1	391	0.125	0.125	154	0.250	0.250	331	0.375	1.000	397	0.500	1.375	117	0.625	1.625	
61	32	-31	4	-1	1	0	31	0.354	1.280	280	0.354	1.405	2	0.500	0.500	387	0.500	1.000	126	0.530	0.530	
62	27	-34	4	-1	-2	5	159	0.375	1.000	187	0.375	0.375	306	0.479	1.375	192	0.500	0.500	431	0.500	1.250	
63	21	-36	4	1	2	20	243	0.375	0.375	345	0.500	1.125	351	0.604	1.500	161	0.729	1.589	74	0.750	0.750	
64	22	-36	4	-1	-2	0	55	0.500	0.500	282	0.625	0.625	476	0.625	0.750	393	0.625	0.625	286	0.625	0.625	
65	35	-33	4	-1	-2	2	85	0.375	1.000	135	0.500	1.125	91	0.500	0.500	21	0.500	0.875	141	0.625	0.625	
66	34	-18	4	2	1	1	314	0.125	0.125	346	0.500	0.500	69	0.500	0.875	408	0.500	0.500	305	0.604	1.500	
67	26	-35	4	1	-1	0	188	0.375	0.375	423	0.479	1.530	164	0.479	1.155	460	0.500	0.500	456	0.500	1.000	
68	34	-32	4	-2	-1	3	326	0.250	0.250	325	0.479	1.500	360	0.500	0.500	259	0.500	0.500	23	0.625	0.750	
69	35	-18	4	1	2	0	383	0.250	0.250	405	0.375	1.250	140	0.500	0.500	305	0.500	1.125	346	0.625	0.625	
70	30	-15	4	-1	2	0	56	0.250	0.250	227	0.500	0.500	490	0.625	0.625	388	0.625	1.125	493	0.750	0.625	
71	28	-36	4	-2	1	2	288	0.125	0.125	386	0.375	1.250	237	0.375	0.375	275	0.375	1.000	302	0.479	1.500	
72	27	-35	4	-1	0	17	159	0.250	0.250	187	0.375	0.375	306	0.375	1.375	302	0.375	0.375	386	0.375	0.375	
73	34	-33	4	1	1	0	415	0.250	0.250	334	0.375	0.375	421	0.479	1.530	269	0.500	0.500	410	0.500	1.000	
74	21	-36	4	-2	-1	0	476	0.125	0.125	286	0.500	0.500	257	0.500	0.500	345	0.625	0.625	462	0.625	0.750	
75	33	-20	4	-1	0	5	36	0.125	0.125	272	0.375	0.375	400	0.500	0.500	454	0.500	0.500	368	0.604	1.250	
76	20	-35	4	-1	-2	0	93	0.125	0.125	414	0.250	0.250	462	0.375	1.250	194	0.375	1.250	92	0.479	1.375	
77	35	-33	4	1	1	0	410	0.125	0.125	453	0.125	0.125	91	0.375	0.375	484	0.500	0.500	201	0.500	1.375	
78	23	-36	4	1	2	2	390	0.375	1.125	52	0.604	1.500	161	0.625	0.875	320	0.729	1.589	472	0.750	1.000	
79	29	-36	4	1	1	0	285	0.125	0.125	249	0.250	0.250	109	0.250	0.250	261	0.375	0.375	385	0.479	1.155	
80	31	-33	4	1	2	0	146	0.125	0.125	198	0.375	1.375	252	0.375	0.375	349	0.500	1.250	145	0.625	0.625	
81	32	-29	4	-1	1	0	480	0.125	0.125	207	0.500	0.500	372	0.530	0.530	319	0.625	0.625	280	0.655	0.655	
82	34	-22	4	0	-1	22	104	0.250	0.250	443	0.375	0.375	300	0.375	1.375	175	0.375	1.000	231	0.604	1.250	
83	35	-21	4	0	1	1	339	0.250	1.375	202	0.375	0.375	12	0.500	1.500	458	0.500	1.500	308	0.500	0.500	
84	30	-34	4	-1	-1	4	321	0.125	0.125	215	0.354	1.280	229	0.479	1.280	284	0.500	0.500	254	0.500	1.000	
85	35	-34	4	-1	-1	1	21	0.125	0.125	352	0.500	1.250	204	0.604	1.405	37	0.625	0.875	263	0.625	0.625	
86	35	-31	4	-2	-1	9	327	0.125	0.125	329	0.250	0.250	158	0.375	1.375	347	0.500	0.875	446	0.500	0.500	
87	25	-34	4	-2	1	8	320	0.500	0.875	144	0.750	0.905	291	0.750	0.875	59	0.750	0.750	401	0.875	0.780	
88	31	-32	4	-1	-1	2	340	0.125	0.125	349	0.500	0.500	447	0.500	1.000	307	0.500	1.250	184	0.604	1.405	
89	25	-36	4	-1	0	1	432	0.250	0.250	268	0.500	1.250	401	0.729	1.375	295	0.750	0.750	144	0.750	1.030	
90	33	-18	4	-1	-2	16	318	0.125	0.125	364	0.375	0.375	436	0.479	1.155	121	0.500	0.500	39	0.500	0.500	
91	35	-33	4	2	-1	0	410	0.250	0.250	77	0.375	0.375	65	0.500	0.500	453	0.500	0.500	135	0.625	0.625	
92	19	-36	4	-1	0	5	362	0.250	0.250	396	0.375	1.375	371	0.375	0.375	336	0.500	1.250	120	0.500	0.500	
93	20	-35	4	-1	-1	0	76	0.125	0.125	92	0.354	1.280	414	0.375	0.375	428	0.375	0.375	362	0.479	1.530	
94	31	-33	4	-2	-1	4	447	0.250	0.250	184	0.375	1.125	84	0.479	1.405	307	0.500	0.500	467	0.500	1.250	
95	33	-17	4	2	1	0	378	0.500	1.125	361	0.500	1.125	463	0.625	0.625	322	0.625	0.625	403	0.625	1.250	
96	27	-35	4	2	-1	3	440	0.125	0.125	431	0.125	0.125	159	0.625	0.625	176	0.625	0.625	164	0.625	0.625	
97	20	-35	4	1	1	4	428	0.625	0.625	281	0.625	0.625	414	0.625	0.625	63	0.655	0.655	48	0.750	1.125	
98	31	-30	4	2	-1	0	250	0.250	0.250	7	0.500	0.500	255	0.604	1.280	207	0.729	1.155	376	0.729	1.589	
99	34	-24	4	-1	-2	16	357	0.375	0.375	143	0.500	0.500	271	0.500	0.500	6	0.625	0.625	45	0.625	0.750	
100	32	-36	4	-1	-2	2	404	0.250	0.250	28	0.500	0.500	353	0.625	0.625	411	0.625	0.625	163	0.625	1.250	
101	35	-30	4	-1	-2	2	315	0.250	0.250	327	0.375	1.000	347	0.479	1.280	212	0.500	0.500	86	0.500	0.875	
102	35	-24	4	0	1	5	433	0.125	0.125	203	0.250	0.250	209	0.375	0.375	470	0.604	1.589	317	0.604	1.589	
103	35	-25	4	1	1	0	370	0.125	0.125	433	0.500	1.250	409	0.500	0.500	469	0.625	0.625	203	0.625	1.375	
104	34	-22	4	1	-1	0	82	0.250	0.250	231	0.354	1.280	416	0.479	1.530	301	0.500	0.500	312	0.530	0.530	
105	33	-30	4	0	-1	3	235	0.250	0.250	150	0.250	1.250	412	0.375	0.375	492	0.375	0.375	46	0.500	1.000	
106	34	-15	4	-1	0	5	127	0.250	0.250	60	0.250	1.250	391	0.375	1.375	154	0.500	1.000	478	0.500	0.500	
107	35	-20	4	-1	0	3	425	0.250	1.250	380	0.375	1.375	11	0.375	1.125	499	0.500	1.250	202	0.500	0.500	
108	19	-35	4	-1	-2	0	371	0.375	0.375	362	0.375	1.000	396	0.479	1.375	120	0.500	0.500	336	0.604	1.500	
109	29	-36	4	1	0	0	261	0.125	0.125	79	0.250	0.250	217	0.250	1.250	324	0.250	0.250	285	0.375	0.375	
110	33	-19	4	-1	1	0	454	0.125	0.125	267	0.250	0.250	272	0.250	0.250	22	0.479	1.530	137	0.500	0.500	
111	32	-34	4	-1	0	0	392	0.125	0.125	444	0.500	1.000	375	0.500	0.500	8	0.500	0.500	195	0.604	1.589	
112	33	-19	4	1	0	0	137	0.250	0.250	178	0.250	1.250	27	0.375	0.375	373	0.375	1.000	297	0.500	1.000	
113	34	-19	4	0	-1	6	373	0.125	0.125	278	0.250	1.250	499	0.375	1.000	489	0.375	0.375	380	0.500	0.875	
114	26	-34	4	-1	2	1	306	0.750	0.750	279	0.750	0.750	295	0.780	0.750	401	0.839	0.839	192	0.875	0.500	
115	33	-28	4	0	1	0	372	0.250	0.250	226	0.375	0.375	277	0.625	1.030	169	0.625	0.780	118	0.750	1.375	
116	27	-36	4	-1	-2	1	244	0.250	0.250	423	0.375	0.375	386	0.375	0.375	456	0.625	0.625	275	0.625	0.625	
117	31	-15	4	-1	-1	0	129	0.250	0.250	464	0.354	1.405	474	0.375	0.375	493	0.500	0.500	56	0.500	1.250	
118	34	-27	4	2	1	0	277	0.375	0.375	124	0.375	1.250	119	0.375	1.000	125	0.500	0.500	495	0.500	0.500	
119	35	-27	4	1	1	0	483	0.250	0.250	455	0.500	0.875	124	0.500	0.500	277	0.625	0.625	348	0.750	0.750	
120	19	-35	4	-2	1	40	371	0.125	0.125	92	0.500	0.500	108	0.500	0.500	182	0.625	0.875	362	0.750	0.750	
121	33	-18	4	-2	1	1	364	0.125	0.125	318	0.375	0.375	170	0.479	1.405	90	0.500	0.500	1	0.500	0.500	
122	34	-23	4	-2	1	2	175	0.250	0.250	160	0.375	0.375	205	0.500	0.500	317	0.500	0.500	300	0.625	0.625	
123	23	-34	4	1	-2	0	239	0.375	1.000	355	0.375	0.375	457	0.500	0.500	43	0.625	1.125	161	0.750	0.875	
124	35	-27	4	1	-1	0	196	0.500	1.000	119	0.500	0.500	180	0.625	0.625	481	0.625	1.250	483	0.750	0.750	
125	34	-27	4	-1	2	0	277	0.125	0.125	169	0.125	0.125	118	0.500	0.500	483	0.500	0.500	225	0.625	0.625	
126	33	-30	4	-1	1	0	399	0.250	0.250	186	0.250	0.250	480	0.354	1.405	412	0.375	0.375	81	0.479	1.530	
127	34	-15	4	-1	1	0	106	0.250	0.250	354	0.500	0.500	403	0.530	0.530	154	0.625	0.750	50	0.625	0.625	
128	30	-16	4	-1	2	1	473	0.125	0.125	70	0.500	1.125	56	0.500	0.875	221	0.500	0.500	430	0.625	0.625	
129	31	-15	4	-1	0	4	474	0.125	0.125	493	0.250	0.250	117	0.250	0.250	56	0.250	1.250	70	0.500	1.000	
130	34	-29	4	1	0	0	495	0.375	0.375	136	0.625	0.780	101	0.729	1.375	477	0.750	0.625	17	0.750	0.905	
131	31	-17	4	-1	0	1	418	0.125	0.125	283	0.500	0.500	128	0.604	1.375	54	0.625	0.625	473	0.729	1.250	
132	32	-35	4	0	-1	0	313	0.250	0.250	404	0.250	1.250	375	0.375	0.375	100	0.500	1.250	411	0.625	1.155	
133	32	-29	4	0	-1	2	193	0.250	1.125	293	0.375	0.375	31	0.604	1.530	150	0.729	1.714	46	0.729	1.714	
134	30	-34	4	0	1	0	284	0.250	0.250	467	0.250	1.125	444	0.500	0.500	18	0.500	0.500	252	0.604	1.250	
135	35	-34	4	2	-1	0	91	0.625	0.625	37	0.625	1.250	85	0.625	0.625	410	0.625	0.625	21	0.750	0.750	
136	35	-30	4	1	1	0	17	0.125	0.125	173	0.500	1.375	315	0.625	0.625	214	0.625	1.125	49	0.625	1.250	
137	33	-19	4	1	1	1	267	0.250	0.250	112	0.250	0.250	314	0.354	1.280	110	0.500	0.500	139	0.530	0.530	
138	34	-36	4	1	-2	0	311	0.125	0.125	260	0.375	0.375	15	0.500	0.500	28	0.500	0.500	42	0.500	0.500	
139	32	-18	4	1	1	0	219	0.250	0.250	151	0.500	0.875	22	0.500	0.500	137	0.530	0.530	95	0.604	1.405	
140	35	-18	4	-2	1	0	383	0.250	0.250	246	0.375	1.125	332	0.479	1.375	265	0.500	0.500	69	0.500	0.500	
141	34	-33	4	-1	-2	1	334	0.500	0.500	290	0.604	1.500	415	0.625	0.625	269	0.625	0.625	325	0.625	0.625	
142	34	-19	4	-2	1	1	234	0.125	0.125	47	0.125	0.125	450	0.250	0.250	454	0.375	1.125	364	0.479	1.155	
143	34	-24	4	2	-1	0	6	0.125	0.125	357	0.125	0.125	99	0.500	0.500	309	0.500	0.500	102	0.625	1.000	
144	24	-35	4	-1	0	0	401	0.375	0.375	268	0.500	0.500	390	0.625	1.000	64	0.729	1.714	435	0.750	1.280	
145	32	-33	4	-1	2	0	198	0.479	1.280	358	0.500	0.875	340	0.604	1.280	152	0.625	0.625	80	0.625	0.625	
146	31	-33	4	1	1	0	80	0.125	0.125	252	0.250	0.250	349	0.500	1.375	307	0.625	0.625	40	0.655	0.655	
147	18	-36	4	1	2	8	30	0.479	1.375	182	0.500	1.375	396	0.625	0.625	177	0.625	0.875	97	0.729	1.464	
148	33	-31	4	1	1	0	213	0.354	1.405	46	0.375	0.375	16	0.500	0.875	126	0.500	1.375	44	0.500	1.250	
149	35	-35	4	-2	1	0	263	0.125	0.125	174	0.250	0.250	366	0.250	0.250	37	0.375	0.375	204	0.375	1.375	
150	33	-31	4	1	-2	0	46	0.250	0.250	23	0.375	1.250	141	0.559	1.589	255	0.625	0.625	148	0.625	0.625	
151	33	-18	4	1	1	0	463	0.125	0.125	332	0.479	1.280	361	0.479	1.405	153	0.604	1.589	121	0.625	0.625	
152	32	-33	4	1	0	0	273	0.250	1.125	497	0.500	0.500	145	0.625	0.625	29	0.729	1.280	376	0.750	0.625	
153	35	-17	4	1	-1	0	167	0.125	0.125	264	0.625	0.625	305	0.625	0.625	378	0.750	0.625	185	0.750	0.750	
154	33	-15	4	-1	2	3	60	0.250	0.250	391	0.375	0.375	34	0.625	0.625	397	0.750	1.125	127	0.750	0.625	
155	34	-25	4	1	2	0	469	0.125	0.125	58	0.250	0.250	102	0.479	1.155	6	0.625	0.750	45	0.625	0.625	
156	30	-15	4	1	-1	2	294	0.354	1.280	165	0.479	1.280	464	0.500	1.250	54	0.729	1.714	486	0.750	0.750	
157	20	-36	4	1	-2	0	462	0.125	0.125	194	0.125	0.125	281	0.375	0.375	286	0.625	0.625	476	0.750	0.750	
158	34	-31	4	-2	1	0	259	0.125	0.125	347	0.500	0.500	389	0.500	1.125	399	0.604	1.375	2	0.625	1.625	
159	27	-35	4	-1	-1	1	72	0.250	0.250	431	0.500	0.500	456	0.604	1.155	302	0.625	0.625	244	0.625	0.750	
160	34	-23	4	0	1	0	205	0.125	0.125	236	0.250	0.250	122	0.375	0.375	470	0.375	1.375	301	0.375	1.125	
161	23	-35	4	2	1	0	390	0.250	0.250	239	0.375	0.375	291	0.479	1.500	43	0.479	1.280	355	0.500	0.500	
162	34	-30	4	-1	1	0	191	0.125	0.125	356	0.375	0.375	213	0.375	0.375	126	0.500	0.875	173	0.530	0.530	
163	31	-36	4	-1	1	0	195	0.354	1.280	211	0.479	1.155	459	0.500	0.500	41	0.500	1.375	208	0.625	0.750	
164	27	-36	4	2	1	0	381	0.125	0.125	423	0.375	0.375	440	0.500	0.500	96	0.625	0.625	237	0.625	0.750	
165	31	-16	4	0	-1	2	54	0.250	1.250	418	0.375	1.000	464	0.500	0.500	131	0.500	0.875	294	0.500	0.500	
166	29	-36	4	-1	1	0	228	0.125	0.125	249	0.250	0.250	420	0.250	0.250	395	0.354	1.280	471	0.375	0.375	
167	35	-17	4	1	-2	0	153	0.125	0.125	265	0.500	1.375	378	0.625	0.625	113	0.729	1.464	234	0.729	1.479	
168	30	-16	4	2	-1	0	54	0.479	1.530	464	0.500	0.500	350	0.559	1.589	165	0.625	0.750	335	0.625	1.125	
169	34	-27	4	-1	1	0	125	0.125	0.125	277	0.250	0.250	225	0.500	0.500	372	0.530	0.530	483	0.625	0.625	
170	32	-17	4	-1	1	0	430	0.354	1.405	283	0.479	1.405	403	0.530	0.530	221	0.604	1.714	335	0.604	1.155	
171	35	-31	4	1	0	0	384	0.125	0.125	382	0.250	0.250	298	0.500	0.500	17	0.500	0.500	136	0.625	0.625	
172	25	-36	4	2	-1	0	449	0.375	0.375	53	0.375	1.250	179	0.375	1.000	456	0.500	0.875	14	0.500	0.500	
173	35	-29	4	-1	1	0	49	0.125	0.125	214	0.250	0.250	226	0.479	1.280	162	0.530	0.530	372	0.604	1.589	
174	35	-35	4	-1	2	3	149	0.250	0.250	263	0.375	0.375	366	0.500	0.500	38	0.625	0.625	230	0.625	0.625	
175	34	-23	4	-2	-1	1	122	0.250	0.250	300	0.375	0.375	317	0.500	0.500	160	0.625	0.625	357	0.625	1.250	
176	27	-35	4	0	1	0	302	0.125	0.125	192	0.375	1.000	210	0.375	1.125	72	0.500	0.500	440	0.500	0.500	
177	18	-35	4	2	1	0	299	0.125	0.125	182	0.500	0.500	30	0.500	1.250	462	0.729	1.479	281	0.729	1.464	
178	34	-19	4	2	1	0	297	0.250	0.250	458	0.375	1.000	450	0.500	0.500	314	0.500	0.500	199	0.500	1.125	
179	26	-36	4	1	-1	0	456	0.125	0.125	53	0.250	0.250	381	0.500	1.375	431	0.530	0.530	164	0.625	1.250	
180	34	-27	4	0	-1	12	477	0.250	1.250	225	0.250	0.250	448	0.500	1.250	118	0.625	0.625	196	0.625	1.155	
181	34	-36	4	1	1	0	15	0.125	0.125	343	0.125	0.125	260	0.250	0.250	311	0.500	0.500	38	0.500	1.250	
182	18	-35	4	-1	2	4	177	0.500	0.500	299	0.625	0.625	396	0.750	0.750	120	0.875	0.500	336	0.875	0.875	
183	33	-21	4	0	1	0	338	0.125	0.125	206	0.125	0.125	256	0.375	1.125	427	0.500	0.500	368	0.604	1.589	
184	30	-33	4	-2	-1	3	467	0.375	0.375	233	0.500	0.500	321	0.625	0.875	51	0.625	0.625	452	0.625	0.875	
185	35	-17	4	-1	0	0	405	0.250	0.250	140	0.500	0.500	10	0.500	1.250	364	0.604	1.589	318	0.604	1.839	
186	33	-30	4	-1	0	0	412	0.125	0.125	126	0.250	0.250	193	0.250	1.125	319	0.250	1.375	105	0.500	0.500	
187	27	-34	4	-1	0	0	192	0.125	0.125	114	0.375	1.000	279	0.375	1.000	72	0.375	0.375	62	0.375	0.375	
188	26	-35	4	-1	-2	7	67	0.375	0.375	306	0.375	0.375	179	0.375	1.250	89	0.479	1.375	432	0.479	1.405	
189	35	-15	4	0	1	1	438	0.125	0.125	223	0.250	0.250	402	0.375	0.375	127	0.625	0.625	354	0.625	0.625	
190	29	-33	4	1	-1	0	485	0.125	0.125	344	0.250	0.250	18	0.354	1.280	452	0.375	0.375	439	0.530	0.530	
191	34	-30	4	-1	2	0	162	0.125	0.125	213	0.250	0.250	356	0.500	0.500	399	0.500	0.500	412	0.625	1.125	
192	27	-34	4	-2	1	0	187	0.125	0.125	279	0.500	1.125	72	0.500	0.500	62	0.500	0.500	114	0.500	0.875	
193	32	-30	4	-1	-1	0	319	0.250	0.250	387	0.479	1.155	255	0.500	1.000	105	0.625	0.625	280	0.625	1.250	
194	20	-36	4	1	-1	0	157	0.125	0.125	462	0.250	0.250	281	0.250	0.250	243	0.500	1.125	63	0.625	1.250	
195	30	-35	4	-1	0	2	211	0.125	0.125	215	0.375	1.375	248	0.375	1.125	229	0.500	0.875	218	0.500	0.500	
196	35	-28	4	1	-2	1	481	0.500	0.500	448	0.625	0.625	477	0.625	0.625	492	0.729	1.464	101	0.750	1.750	
197	32	-32	4	-1	-1	0	447	0.354	1.405	358	0.375	0.375	376	0.375	0.375	349	0.500	1.375	88	0.500	0.875	
198	31	-32	4	-1	2	0	349	0.125	0.125	461	0.375	1.250	340	0.500	0.500	51	0.625	0.875	88	0.625	0.625	
199	35	-19	4	2	1	0	458	0.125	0.125	441	0.500	0.500	12	0.625	0.625	489	0.625	0.625	383	0.750	1.125	
200	30	-32	4	-2	-1	3	240	0.250	0.250	51	0.250	0.250	344	0.479	1.375	485	0.604	1.280	452	0.604	1.500	
201	35	-32	4	-1	1	0	25	0.125	0.125	446	0.250	0.250	259	0.354	1.280	496	0.500	0.500	421	0.500	0.500	
202	35	-21	4	-2	1	0	83	0.375	0.375	11	0.479	1.405	380	0.479	1.155	9	0.500	0.500	107	0.500	0.500	
203	35	-24	4	-1	1	0	209	0.125	0.125	433	0.125	0.125	102	0.250	0.250	333	0.375	0.375	175	0.479	1.155	
204	34	-35	4	-2	-1	6	407	0.375	0.375	28	0.479	1.375	38	0.500	0.500	411	0.604	1.280	42	0.625	0.625	
205	34	-23	4	1	2	0	160	0.125	0.125	236	0.125	0.125	301	0.375	1.000	309	0.375	0.375	122	0.500	0.500	
206	33	-21	4	1	2	0	183	0.125	0.125	338	0.250	0.250	256	0.500	1.000	450	0.559	1.589	427	0.625	0.625	
207	32	-29	4	1	1	0	293	0.375	0.375	480	0.375	0.375	115	0.479	1.280	247	0.500	1.375	81	0.500	0.500	
208	30	-36	4	-1	2	0	248	0.479	1.405	215	0.479	1.375	217	0.500	0.500	218	0.500	0.500	249	0.500	0.500	
209	35	-24	4	-2	1	0	203	0.125	0.125	433	0.250	0.250	333	0.250	0.250	365	0.375	0.375	102	0.375	0.375	
210	27	-34	4	1	1	0	220	0.625	1.250	440	0.625	0.625	192	0.625	0.625	114	0.750	0.750	96	0.750	0.750	
211	30	-35	4	-2	-1	1	195	0.125	0.125	215	0.375	1.250	248	0.375	1.250	71	0.559	1.589	218	0.625	0.625	
212	35	-30	4	-2	1	0	101	0.500	0.500	356	0.500	1.375	162	0.500	1.000	86	0.625	0.625	492	0.625	1.000	
213	34	-30	4	1	2	0	191	0.250	0.250	162	0.375	0.375	399	0.500	0.500	130	0.625	0.750	17	0.625	0.875	
214	35	-29	4	0	1	0	173	0.250	0.250	49	0.375	0.375	169	0.604	1.839	277	0.604	1.589	125	0.729	1.714	
215	29	-35	4	-1	0	0	248	0.250	0.250	417	0.250	1.250	374	0.250	1.125	395	0.375	1.375	420	0.375	0.375	
216	29	-35	4	1	1	0	18	0.354	1.280	134	0.479	1.280	248	0.500	0.500	385	0.500	1.250	109	0.625	0.625	
217	30	-36	4	2	1	0	341	0.250	0.250	316	0.375	1.250	208	0.500	0.500	253	0.604	1.375	385	0.625	0.625	
218	30	-36	4	-2	-1	1	41	0.125	0.125	420	0.375	1.250	166	0.375	1.250	208	0.500	0.500	195	0.500	0.500	
219	32	-18	4	1	0	0	139	0.250	0.250	463	0.250	1.250	494	0.375	0.375	151	0.375	1.125	39	0.500	0.500	
220	28	-34	4	1	-2	0	374	0.375	1.250	32	0.625	0.625	429	0.625	1.125	62	0.625	0.625	190	0.655	0.655	
221	30	-16	4	-2	-1	20	464	0.250	0.250	128	0.500	0.500	56	0.625	0.625	473	0.625	0.625	168	0.750	0.750	
222	33	-19	4	-1	-1	0	272	0.250	0.250	454	0.375	0.375	498	0.500	1.375	296	0.500	1.250	110	0.500	0.500	
223	35	-15	4	-1	1	0	402	0.125	0.125	189	0.250	0.250	438	0.375	0.375	270	0.625	0.625	106	0.625	1.125	
224	34	-16	4	1	-2	0	153	0.479	1.405	478	0.500	0.500	10	0.500	1.125	424	0.500	0.500	378	0.500	1.125	
225	34	-27	4	-1	-1	0	180	0.250	0.250	169	0.500	0.500	477	0.500	1.250	125	0.625	0.625	481	0.655	0.655	
226	34	-28	4	0	1	0	169	0.250	1.125	277	0.375	1.375	115	0.375	0.375	495	0.500	0.500	118	0.500	1.000	
227	31	-15	4	0	1	0	493	0.250	0.250	474	0.375	0.375	70	0.500	0.500	129	0.500	0.500	34	0.500	0.500	
228	29	-36	4	-2	1	0	420	0.125	0.125	166	0.125	0.125	471	0.250	0.250	249	0.375	0.375	288	0.375	1.000	
229	29	-35	4	0	-1	0	471	0.375	1.000	324	0.375	1.125	215	0.500	0.500	261	0.500	1.000	374	0.625	0.625	
230	34	-35	4	1	2	0	38	0.250	0.250	407	0.375	0.375	232	0.375	1.250	135	0.604	1.280	174	0.625	0.625	
231	35	-23	4	1	0	0	416	0.250	0.250	274	0.750	0.750	365	0.750	1.125	271	0.750	0.875	308	0.750	0.750	
232	34	-34	4	0	1	0	269	0.250	1.125	73	0.375	1.125	442	0.500	0.500	484	0.625	0.780	77	0.625	1.280	
233	30	-33	4	1	-2	0	84	0.375	1.250	258	0.375	0.375	276	0.479	1.280	344	0.500	0.500	321	0.500	1.375	
234	34	-19	4	-1	0	1	142	0.125	0.125	47	0.250	0.250	454	0.250	1.250	222	0.250	1.125	272	0.375	1.375	
235	33	-30	4	1	-1	0	105	0.250	0.250	398	0.354	1.405	44	0.479	1.405	384	0.604	1.714	347	0.604	1.155	
236	34	-23	4	1	1	0	205	0.125	0.125	160	0.250	0.250	309	0.250	0.250	301	0.500	0.875	416	0.500	1.375	
237	28	-36	4	0	1	0	288	0.250	0.250	71	0.375	0.375	417	0.375	1.000	249	0.375	0.375	285	0.500	0.500	
238	35	-16	4	0	1	0	242	0.125	0.125	20	0.250	0.250	223	0.250	1.125	189	0.250	1.375	4	0.250	0.250	
239	23	-35	4	1	-1	0	472	0.354	1.280	161	0.375	0.375	475	0.500	1.000	390	0.625	0.625	304	0.625	0.625	
240	30	-32	4	-1	-2	11	200	0.250	0.250	439	0.375	0.375	233	0.375	1.375	452	0.479	1.280	184	0.500	0.875	
241	33	-17	4	-2	-1	2	1	0.125	0.125	289	0.125	0.125	170	0.375	1.250	419	0.479	1.405	39	0.479	1.375	
242	35	-16	4	1	2	0	238	0.125	0.125	20	0.125	0.125	4	0.375	0.375	264	0.375	0.375	189	0.375	1.250	
243	21	-36	4	1	0	0	286	0.375	0.375	282	0.375	1.375	63	0.375	0.375	351	0.625	1.155	64	0.625	1.000	
244	27	-36	4	-2	-1	1	386	0.125	0.125	116	0.250	0.250	275	0.375	0.375	72	0.500	0.500	491	0.500	1.125	
245	21	-35	4	-1	-1	0	48	0.250	0.250	257	0.250	0.250	345	0.375	0.375	462	0.479	1.280	286	0.500	1.250	
246	34	-18	4	-2	1	0	346	0.250	0.250	364	0.375	1.250	318	0.375	1.250	234	0.500	0.500	90	0.500	1.125	
247	33	-29	4	1	-1	0	492	0.479	1.280	235	0.500	0.875	17	0.604	1.714	133	0.625	0.625	412	0.625	1.250	
248	29	-35	4	-1	1	0	215	0.250	0.250	32	0.354	1.280	216	0.500	0.500	417	0.500	1.000	374	0.500	1.375	
249	29	-36	4	0	1	0	285	0.125	0.125	79	0.250	0.250	248	0.250	1.125	166	0.250	0.250	228	0.375	0.375	
250	31	-30	4	1	-2	0	98	0.250	0.250	88	0.625	1.625	31	0.625	0.625	197	0.684	1.464	426	0.750	1.000	
251	32	-19	4	1	1	0	368	0.250	0.250	151	0.479	1.530	22	0.500	1.375	137	0.500	0.875	256	0.530	0.530	
252	31	-33	4	1	0	0	146	0.250	0.250	307	0.375	0.375	152	0.375	1.375	80	0.375	0.375	29	0.604	1.839	
253	31	-35	4	0	1	0	0	0.250	0.250	379	0.250	0.250	444	0.500	1.250	467	0.604	1.839	26	0.625	0.625	
254	29	-34	4	-2	-1	4	374	0.479	1.405	395	0.479	1.155	215	0.500	0.500	248	0.750	0.750	229	0.750	1.000	
255	32	-31	4	-1	-2	2	2	0.125	0.125	197	0.375	1.000	376	0.375	1.375	88	0.479	1.405	340	0.604	1.500	
256	33	-20	4	1	1	0	27	0.250	0.250	297	0.354	1.405	266	0.375	0.375	330	0.500	0.875	498	0.500	0.500	
257	21	-35	4	-1	0	3	345	0.125	0.125	93	0.250	1.125	245	0.250	0.250	76	0.375	1.000	428	0.375	1.250	
258	30	-33	4	1	0	0	233	0.375	0.375	307	0.375	1.000	252	0.375	1.375	328	0.375	0.375	18	0.375	0.375	
259	34	-31	4	-1	0	0	158	0.125	0.125	389	0.250	1.250	347	0.375	0.375	68	0.500	0.500	356	0.500	0.500	
260	34	-36	4	1	0	0	15	0.125	0.125	181	0.250	0.250	311	0.250	0.250	138	0.375	0.375	343	0.375	0.375	
261	29	-36	4	2	-1	0	109	0.125	0.125	324	0.125	0.125	79	0.375	0.375	285	0.500	0.500	217	0.500	1.375	
262	33	-21	4	0	-1	11	422	0.250	0.250	400	0.375	0.375	465	0.500	0.500	82	0.625	1.030	104	0.729	1.280	
263	35	-35	4	-1	0	1	366	0.125	0.125	149	0.125	0.125	37	0.250	0.250	174	0.375	0.375	407	0.375	1.125	
264	35	-16	4	1	0	0	20	0.250	0.250	242	0.375	0.375	238	0.500	0.500	153	0.625	0.625	305	0.750	0.625	
265	35	-18	4	-1	-2	3	489	0.375	1.250	140	0.500	0.500	278	0.559	1.589	234	0.604	1.375	408	0.625	0.625	
266	33	-20	4	2	-1	0	27	0.125	0.125	498	0.125	0.125	256	0.375	0.375	278	0.500	0.875	112	0.500	0.500	
267	33	-19	4	0	1	0	137	0.250	0.250	110	0.250	0.250	454	0.375	0.375	121	0.375	1.000	368	0.375	0.375	
268	24	-36	4	-2	-1	1	144	0.500	0.500	337	0.500	1.125	393	0.625	1.625	449	0.750	0.750	55	0.750	1.750	
269	34	-33	4	-1	1	0	360	0.500	1.000	73	0.500	0.500	434	0.500	1.375	201	0.530	0.530	325	0.625	1.250	
270	35	-15	4	-1	-2	3	478	0.479	1.500	402	0.500	0.500	378	0.559	1.589	223	0.625	0.625	106	0.750	1.000	
271	35	-24	4	0	-1	0	365	0.250	0.250	409	0.250	1.125	333	0.375	0.375	99	0.500	0.500	357	0.625	0.625	
272	33	-19	4	-1	0	0	454	0.125	0.125	110	0.250	0.250	222	0.250	0.250	296	0.250	1.250	364	0.375	0.375	
273	33	-33	4	1	-1	0	325	0.375	0.375	73	0.500	1.375	434	0.500	0.500	29	0.500	0.875	334	0.500	1.000	
274	35	-23	4	-1	-1	0	99	0.354	1.405	175	0.500	1.000	122	0.500	1.250	416	0.500	0.500	365	0.500	0.875	
275	27	-36	4	-1	1	1	386	0.250	0.250	306	0.354	1.280	244	0.375	0.375	381	0.500	0.500	302	0.500	1.000	
276	31	-34	4	1	-2	0	100	0.559	1.589	369	0.604	1.280	316	0.625	1.375	321	0.625	0.625	41	0.729	1.714	
277	34	-27	4	0	1	0	125	0.125	0.125	169	0.250	0.250	483	0.375	0.375	118	0.375	0.375	455	0.625	1.280	
278	34	-20	4	1	-2	0	465	0.375	1.125	499	0.500	0.500	308	0.604	1.375	330	0.625	0.625	437	0.625	0.625	
279	26	-34	4	-1	-2	0	303	0.250	0.250	188	0.500	1.125	67	0.500	1.250	62	0.625	0.625	306	0.625	0.750	
280	31	-30	4	-1	2	0	7	0.250	0.250	31	0.375	0.375	81	0.750	0.655	98	0.750	0.750	399	0.875	0.875	
281	20	-36	4	1	0	0	194	0.250	0.250	157	0.375	0.375	243	0.375	1.375	286	0.375	1.000	63	0.500	1.000	
282	22	-36	4	1	0	0	475	0.375	1.000	351	0.500	0.500	78	0.500	1.000	390	0.604	1.375	239	0.625	0.780	
283	31	-16	4	-2	1	0	430	0.250	0.250	221	0.375	1.375	335	0.500	0.500	129	0.500	0.500	131	0.500	0.500	
284	30	-34	4	-1	1	0	134	0.250	0.250	84	0.500	0.500	254	0.500	1.250	467	0.500	0.875	248	0.530	0.530	
285	29	-36	4	1	2	0	249	0.125	0.125	79	0.125	0.125	166	0.375	0.375	248	0.375	1.250	109	0.375	0.375	
286	21	-36	4	1	-2	0	476	0.375	0.375	243	0.375	0.375	462	0.500	0.500	74	0.500	0.500	64	0.625	0.625	
287	32	-15	4	2	-1	0	413	0.375	0.375	322	0.479	1.280	34	0.500	0.500	377	0.500	0.875	424	0.604	1.375	
288	28	-36	4	-1	1	0	71	0.125	0.125	237	0.250	0.250	302	0.354	1.405	72	0.354	1.280	176	0.479	1.280	
289	33	-17	4	-1	-1	0	241	0.125	0.125	1	0.250	0.250	39	0.479	1.280	90	0.500	1.000	170	0.500	1.375	
290	33	-34	4	-2	-1	2	488	0.250	0.250	111	0.375	1.250	375	0.479	1.280	442	0.500	0.500	392	0.500	1.375	
291	24	-34	4	1	2	4	43	0.250	0.250	320	0.250	0.250	292	0.625	1.250	24	0.750	1.125	435	0.750	0.750	
292	25	-34	4	1	-1	0	24	0.125	0.125	59	0.375	0.375	67	0.479	1.530	188	0.604	1.155	14	0.625	0.625	
293	32	-29	4	2	-1	0	207	0.375	0.375	247	0.375	1.000	133	0.375	0.375	426	0.500	0.500	105	0.604	1.375	
294	31	-16	4	1	0	0	335	0.375	0.375	165	0.500	0.500	34	0.604	1.375	430	0.625	0.625	287	0.750	0.905	
295	25	-35	4	-1	2	0	59	0.500	1.125	87	0.625	0.875	401	0.625	0.625	24	0.750	1.125	144	0.750	1.000	
296	32	-19	4	-2	1	4	368	0.375	0.375	323	0.500	0.500	436	0.625	0.625	251	0.625	0.625	419	0.750	0.750	
297	34	-19	4	1	2	0	178	0.250	0.250	450	0.250	0.250	47	0.375	0.375	142	0.500	0.500	246	0.500	1.125	
298	35	-31	4	0	1	0	382	0.250	0.250	136	0.250	1.125	17	0.375	1.000	212	0.375	1.000	329	0.375	0.375	
299	18	-35	4	1	0	0	177	0.125	0.125	30	0.250	1.375	281	0.604	1.589	194	0.604	1.839	462	0.604	1.589	
300	34	-23	4	0	-1	0	175	0.375	0.375	357	0.375	1.125	143	0.500	1.000	309	0.500	0.500	99	0.500	1.250	
301	34	-22	4	1	1	0	470	0.250	0.250	308	0.354	1.280	83	0.479	1.280	104	0.500	0.500	427	0.500	1.250	
302	27	-35	4	-1	2	0	176	0.125	0.125	72	0.375	0.375	210	0.375	1.250	440	0.625	0.625	192	0.625	0.875	
303	26	-34	4	1	-2	0	279	0.250	0.250	431	0.479	1.405	440	0.479	1.375	188	0.500	1.375	67	0.500	1.000	
304	24	-35	4	0	-1	0	268	0.375	1.000	144	0.500	0.500	432	0.625	0.780	239	0.625	0.625	52	0.625	0.625	
305	35	-17	4	1	2	0	405	0.375	0.375	238	0.375	1.250	20	0.375	1.000	4	0.375	1.250	332	0.500	0.500	
306	26	-35	4	-1	0	0	188	0.375	0.375	295	0.500	1.000	89	0.625	1.030	320	0.729	1.714	432	0.750	1.280	
307	31	-33	4	1	-2	0	447	0.250	0.250	252	0.375	0.375	94	0.500	0.500	276	0.500	1.125	497	0.604	1.280	
308	35	-21	4	1	0	0	312	0.250	0.250	83	0.500	0.500	9	0.625	0.625	231	0.750	0.750	437	0.750	0.625	
309	34	-23	4	1	0	0	236	0.250	0.250	416	0.250	1.125	205	0.375	0.375	231	0.375	1.375	6	0.375	0.375	
310	29	-15	4	1	-2	1	486	0.250	0.250	13	0.375	0.375	388	0.500	0.500	168	0.604	1.500	156	0.750	0.750	
311	34	-36	4	1	-1	0	138	0.125	0.125	260	0.250	0.250	15	0.375	0.375	181	0.500	0.500	28	0.625	0.625	
312	35	-21	4	1	-1	0	308	0.250	0.250	9	0.375	0.375	104	0.530	0.530	465	0.750	0.625	83	0.750	0.750	
313	32	-35	4	1	-1	0	132	0.250	0.250	411	0.354	1.405	369	0.375	0.375	28	0.479	1.280	26	0.500	0.500	
314	34	-18	4	1	0	0	66	0.125	0.125	408	0.375	0.375	69	0.500	1.000	361	0.500	0.500	178	0.500	0.500	
315	35	-30	4	1	-2	1	101	0.250	0.250	327	0.375	1.250	86	0.500	1.125	17	0.500	0.500	492	0.500	0.500	
316	31	-36	4	1	-1	0	459	0.500	0.500	313	0.530	0.530	57	0.625	1.250	100	0.750	0.750	404	0.750	0.750	
317	34	-22	4	-1	0	4	470	0.500	0.500	175	0.500	0.500	122	0.500	0.500	82	0.500	0.500	183	0.604	1.250	
318	33	-18	4	-1	-1	0	90	0.125	0.125	364	0.250	0.250	323	0.354	1.405	121	0.375	0.375	436	0.479	1.280	
319	32	-30	4	-1	0	0	193	0.250	0.250	31	0.375	1.375	280	0.500	1.000	61	0.625	0.625	2	0.625	0.625	
320	24	-34	4	-1	2	1	291	0.250	0.250	43	0.500	0.500	144	0.750	0.750	435	0.750	0.750	457	0.875	0.750	
321	30	-34	4	-1	-2	1	84	0.125	0.125	229	0.479	1.155	215	0.479	1.375	211	0.500	0.875	385	0.625	1.125	
322	33	-16	4	2	-1	0	424	0.375	0.375	378	0.479	1.500	224	0.500	0.875	95	0.625	0.625	289	0.625	1.250	
323	32	-19	4	-1	-2	16	436	0.125	0.125	296	0.500	0.500	266	0.729	1.280	222	0.750	0.625	262	0.809	1.464	
324	29	-36	4	1	-1	0	261	0.125	0.125	109	0.250	0.250	79	0.500	0.500	341	0.500	1.000	471	0.625	0.625	
325	33	-33	4	-1	-2	0	434	0.125	0.125	273	0.375	0.375	29	0.375	1.250	111	0.479	1.375	488	0.500	1.125	
326	34	-32	4	-1	-2	12	68	0.250	0.250	434	0.479	1.405	141	0.500	1.125	23	0.500	0.500	334	0.625	1.125	
327	35	-31	4	-1	-1	1	86	0.125	0.125	326	0.354	1.405	329	0.375	0.375	158	0.500	1.250	68	0.604	1.405	
328	30	-32	4	1	0	0	40	0.125	0.125	439	0.250	0.250	258	0.375	0.375	152	0.604	1.589	252	0.625	1.030	
329	35	-31	4	-2	1	0	86	0.250	0.250	327	0.375	0.375	158	0.375	1.125	298	0.375	0.375	162	0.479	1.405	
330	34	-20	4	1	1	0	458	0.479	1.530	11	0.500	0.500	47	0.500	1.375	137	0.530	0.530	441	0.604	1.155	
331	32	-15	4	-1	1	0	397	0.375	0.375	34	0.375	0.375	493	0.500	0.875	474	0.625	1.000	482	0.625	0.625	
332	34	-17	4	0	1	0	361	0.375	0.375	305	0.500	0.500	391	0.604	1.589	264	0.604	1.250	4	0.625	0.780	
333	35	-24	4	-2	-1	3	365	0.125	0.125	209	0.250	0.250	203	0.375	0.375	271	0.375	0.375	445	0.479	1.500	
334	34	-33	4	2	-1	0	415	0.125	0.125	73	0.375	0.375	91	0.375	1.125	77	0.375	1.250	141	0.500	0.500	
335	31	-16	4	1	2	0	430	0.250	0.250	227	0.375	1.250	493	0.375	1.250	294	0.375	0.375	34	0.479	1.280	
336	18	-36	4	-2	-1	0	396	0.125	0.125	147	0.750	0.750	182	0.875	0.875	362	1.000	0.500	120	1.030	0.729	
337	23	-36	4	-2	-1	1	55	0.375	1.375	475	0.500	0.500	64	0.500	0.875	393	0.500	1.250	78	0.750	0.750	
338	33	-21	4	-1	2	5	183	0.125	0.125	206	0.250	0.250	400	0.500	0.500	256	0.500	1.250	75	0.625	0.750	
339	35	-20	4	0	1	0	12	0.250	1.125	458	0.250	1.125	199	0.375	1.000	441	0.375	1.250	383	0.625	1.625	
340	31	-32	4	-2	-1	4	88	0.125	0.125	349	0.375	0.375	51	0.375	1.375	200	0.375	1.125	198	0.500	0.500	
341	30	-36	4	2	-1	0	217	0.250	0.250	316	0.375	1.000	41	0.625	0.625	385	0.625	0.625	26	0.729	1.714	
342	35	-28	4	-1	0	0	481	0.125	0.125	448	0.375	1.000	348	0.375	0.375	226	0.500	0.875	49	0.500	0.500	
343	34	-36	4	1	2	0	181	0.125	0.125	15	0.250	0.250	407	0.375	1.250	230	0.375	1.125	260	0.375	0.375	
344	29	-33	4	0	-1	0	452	0.125	0.125	485	0.125	0.125	190	0.250	0.250	254	0.375	1.000	233	0.500	0.500	
345	21	-35	4	-2	1	25	257	0.125	0.125	245	0.375	0.375	428	0.375	1.125	93	0.375	1.250	76	0.500	1.125	
346	34	-18	4	-1	2	1	246	0.250	0.250	1	0.479	1.375	66	0.500	0.500	241	0.604	1.280	314	0.625	0.625	
347	34	-31	4	-1	-2	3	398	0.250	0.250	259	0.375	0.375	23	0.479	1.155	68	0.500	0.875	44	0.500	0.500	
348	35	-27	4	-1	0	0	225	0.250	1.125	169	0.250	1.125	125	0.375	1.000	342	0.375	0.375	180	0.500	0.875	
349	31	-32	4	-1	1	0	198	0.125	0.125	340	0.375	0.375	51	0.500	1.000	200	0.500	1.250	88	0.500	0.500	
350	32	-17	4	2	1	0	219	0.500	0.500	95	0.500	1.125	170	0.625	0.625	408	0.729	1.604	151	0.750	0.655	
351	22	-35	4	2	1	0	355	0.479	1.155	390	0.500	0.875	161	0.500	1.125	239	0.500	1.250	282	0.500	0.500	
352	35	-35	4	1	-2	0	37	0.375	0.375	367	0.500	0.875	366	0.500	0.500	311	0.750	0.655	411	0.839	0.839	
353	32	-36	4	-1	1	0	253	0.479	1.280	459	0.500	1.375	163	0.500	0.875	211	0.604	1.714	379	0.604	1.530	
354	34	-15	4	1	1	0	50	0.125	0.125	19	0.375	0.375	127	0.500	0.500	20	0.530	0.530	189	0.625	0.625	
355	23	-34	4	1	0	0	457	0.125	0.125	291	0.375	1.000	123	0.375	0.375	43	0.375	1.250	161	0.500	0.500	
356	34	-30	4	-2	-1	4	162	0.375	0.375	186	0.375	1.250	492	0.375	0.375	126	0.375	1.250	259	0.500	0.500	
357	34	-24	4	1	-1	0	143	0.125	0.125	6	0.250	0.250	99	0.375	0.375	409	0.479	1.530	370	0.479	1.155	
358	32	-32	4	-2	1	0	197	0.375	0.375	340	0.375	1.375	349	0.375	1.000	198	0.500	0.875	88	0.500	1.250	
359	32	-16	4	-2	-1	19	482	0.125	0.125	363	0.250	0.250	131	0.479	1.155	430	0.500	1.125	283	0.500	1.375	
360	34	-32	4	-1	2	1	158	0.500	0.875	68	0.500	0.500	16	0.500	1.250	389	0.604	1.500	259	0.625	0.750	
361	34	-17	4	2	1	0	332	0.375	0.375	264	0.479	1.155	20	0.479	1.405	238	0.479	1.375	305	0.500	0.875	
362	19	-36	4	-1	-1	0	92	0.250	0.250	396	0.500	1.125	371	0.625	0.625	462	0.625	0.625	336	0.625	1.000	
363	32	-16	4	-2	1	0	482	0.125	0.125	359	0.250	0.250	283	0.375	1.125	493	0.479	1.405	227	0.479	1.375	
364	33	-18	4	-1	0	0	121	0.125	0.125	318	0.250	0.250	419	0.250	1.125	1	0.375	0.375	272	0.375	0.375	
365	35	-24	4	-1	-1	0	333	0.125	0.125	271	0.250	0.250	445	0.354	1.405	45	0.354	1.280	209	0.375	0.375	
366	35	-35	4	-2	-1	5	263	0.125	0.125	37	0.125	0.125	149	0.250	0.250	174	0.500	0.500	352	0.500	0.500	
367	35	-36	4	2	-1	0	394	0.500	0.500	138	0.875	0.625	352	0.875	0.500	406	0.875	0.875	149	1.000	1.000	
368	32	-19	4	0	1	0	251	0.250	0.250	22	0.250	1.125	296	0.375	0.375	267	0.375	0.375	139	0.375	1.125	
369	32	-35	4	2	1	0	26	0.125	0.125	313	0.375	0.375	442	0.604	1.280	497	0.625	0.625	57	0.625	0.625	
370	35	-25	4	2	1	0	103	0.125	0.125	409	0.375	0.375	203	0.625	1.250	102	0.750	1.000	209	0.750	1.250	
371	19	-35	4	-1	0	0	120	0.125	0.125	92	0.375	0.375	108	0.375	0.375	182	0.500	1.000	336	0.625	1.155	
372	33	-28	4	-1	1	0	115	0.250	0.250	81	0.530	0.530	169	0.530	0.530	226	0.625	0.625	480	0.655	0.655	
373	34	-19	4	1	-2	1	113	0.125	0.125	437	0.479	1.280	178	0.500	0.500	489	0.500	0.500	9	0.559	1.589	
374	28	-35	4	-1	-1	0	395	0.250	0.250	116	0.354	1.405	386	0.354	1.280	417	0.375	0.375	244	0.604	1.405	
375	32	-35	4	-2	-1	2	8	0.250	0.250	132	0.375	0.375	379	0.375	1.250	459	0.479	1.405	111	0.500	0.500	
376	32	-32	4	1	-2	0	197	0.375	0.375	23	0.500	0.500	488	0.559	1.589	152	0.625	0.750	29	0.729	1.714	
377	33	-15	4	1	-2	1	424	0.375	1.250	224	0.479	1.280	413	0.500	0.500	322	0.500	0.875	391	0.625	0.625	
378	34	-17	4	1	-2	0	10	0.500	0.500	361	0.500	0.500	408	0.500	1.125	167	0.625	0.625	314	0.625	0.750	
379	31	-35	4	-1	1	0	253	0.250	0.250	134	0.479	1.280	284	0.479	1.530	444	0.500	1.000	0	0.500	0.500	
380	34	-20	4	-1	0	0	499	0.125	0.125	425	0.125	0.125	11	0.250	0.250	234	0.375	0.375	75	0.375	1.375	
381	27	-36	4	1	1	0	164	0.125	0.125	423	0.500	0.500	302	0.500	1.250	275	0.500	0.500	460	0.530	0.530	
382	35	-31	4	1	1	0	384	0.125	0.125	298	0.250	0.250	171	0.250	0.250	136	0.625	0.875	212	0.625	1.250	
383	35	-18	4	-1	2	3	140	0.250	0.250	69	0.250	0.250	405	0.375	1.000	305	0.500	1.375	346	0.625	0.625	
384	35	-31	4	2	1	0	171	0.125	0.125	382	0.125	0.125	298	0.375	0.375	17	0.625	0.625	421	0.750	0.625	
385	30	-35	4	2	-1	0	0	0.375	1.250	316	0.479	1.405	18	0.500	0.500	57	0.559	1.589	253	0.625	1.000	
386	27	-36	4	-1	0	1	244	0.125	0.125	275	0.250	0.250	116	0.375	0.375	72	0.375	0.375	491	0.500	1.000	
387	31	-31	4	-2	1	0	31	0.500	0.500	340	0.625	0.625	461	0.625	0.625	240	0.729	1.280	51	0.750	0.780	
388	29	-15	4	-2	-1	3	13	0.125	0.125	486	0.250	0.250	310	0.500	0.500	221	0.780	0.750	464	1.000	0.780	
389	33	-31	4	-2	1	0	2	0.375	1.250	61	0.375	1.000	255	0.500	1.125	186	0.500	0.500	412	0.625	0.625	
390	23	-35	4	1	2	0	161	0.250	0.250	435	0.375	1.250	457	0.500	0.875	43	0.604	1.500	401	0.625	0.625	
391	33	-15	4	-1	0	0	60	0.125	0.125	154	0.375	0.375	331	0.375	1.125	397	0.500	1.250	165	0.604	1.589	
392	32	-34	4	-2	1	0	111	0.125	0.125	444	0.500	0.875	184	0.559	1.589	84	0.625	1.625	145	0.625	0.875	
393	22	-36	4	-1	1	0	55	0.125	0.125	257	0.354	1.280	74	0.500	1.250	345	0.604	1.405	64	0.625	0.625	
394	35	-36	4	1	2	0	406	0.375	0.375	149	0.500	1.125	367	0.500	0.500	174	0.500	1.375	263	0.625	1.000	
395	28	-35	4	-1	0	0	417	0.125	0.125	159	0.250	1.125	374	0.250	0.250	32	0.375	0.375	72	0.375	1.375	
396	18	-36	4	-1	0	1	336	0.125	0.125	147	0.625	0.625	182	0.875	0.750	177	0.875	1.125	120	0.905	0.729	
397	32	-15	4	-2	-1	18	331	0.375	0.375	129	0.375	1.250	117	0.375	1.000	413	0.375	0.375	493	0.375	1.250	
398	34	-31	4	1	-2	0	44	0.250	0.250	347	0.250	0.250	5	0.479	1.405	68	0.500	1.125	326	0.500	1.375	
399	33	-30	4	0	1	0	126	0.250	0.250	191	0.500	0.500	213	0.500	0.500	130	0.604	1.250	162	0.625	0.625	
400	33	-21	4	-2	-1	2	422	0.125	0.125	262	0.375	0.375	338	0.500	0.500	75	0.500	0.500	36	0.625	0.625	
401	24	-35	4	-1	2	0	144	0.375	0.375	320	0.375	1.125	435	0.479	1.405	43	0.500	1.125	52	0.500	0.500	
402	35	-15	4	-2	1	1	223	0.125	0.125	189	0.375	0.375	270	0.500	0.500	438	0.500	0.500	127	0.500	1.000	
403	33	-16	4	-1	1	0	468	0.125	0.125	397	0.479	1.155	154	0.500	1.000	359	0.500	1.250	127	0.530	0.530	
404	32	-36	4	1	-2	0	100	0.250	0.250	57	0.500	0.500	28	0.500	0.500	451	0.625	0.750	316	0.750	0.625	
405	35	-17	4	-1	1	0	185	0.250	0.250	305	0.375	0.375	478	0.479	1.155	242	0.500	1.250	10	0.500	1.250	
406	35	-36	4	-1	1	0	38	0.354	1.405	394	0.375	0.375	204	0.479	1.155	407	0.479	1.530	35	0.500	1.000	
407	34	-35	4	-1	1	0	38	0.125	0.125	442	0.354	1.405	204	0.375	0.375	230	0.375	0.375	290	0.479	1.155	
408	34	-18	4	1	-2	0	113	0.375	1.250	314	0.375	0.375	66	0.500	0.500	373	0.500	1.125	199	0.604	1.280	
409	35	-25	4	1	-1	0	370	0.375	0.375	33	0.500	0.875	103	0.500	0.500	3	0.530	0.530	445	0.750	0.750	
410	35	-33	4	2	1	0	77	0.125	0.125	453	0.250	0.250	91	0.250	0.250	135	0.625	0.625	201	0.625	1.250	
411	33	-36	4	1	-2	0	28	0.125	0.125	451	0.125	0.125	100	0.625	0.625	311	0.625	0.750	260	0.625	1.000	
412	33	-30	4	-2	-1	5	186	0.125	0.125	126	0.375	0.375	105	0.375	0.375	2	0.479	1.405	193	0.500	1.000	
413	32	-15	4	0	-1	1	397	0.375	0.375	359	0.375	1.000	287	0.375	0.375	377	0.500	0.500	131	0.604	1.589	
414	20	-35	4	1	-2	0	76	0.250	0.250	93	0.375	0.375	462	0.375	1.250	194	0.375	1.000	243	0.479	1.375	
415	34	-33	4	1	0	0	334	0.125	0.125	73	0.250	0.250	410	0.250	1.250	77	0.375	1.125	453	0.500	1.000	
416	35	-23	4	1	-1	0	231	0.250	0.250	274	0.500	0.500	357	0.530	0.530	300	0.625	0.625	365	0.625	1.375	
417	28	-35	4	-2	1	0	395	0.125	0.125	374	0.375	0.375	159	0.375	1.250	72	0.375	1.250	302	0.500	0.875	
418	31	-17	4	-2	-1	21	131	0.125	0.125	54	0.500	0.500	283	0.625	0.625	419	0.655	0.655	473	0.729	1.375	
419	32	-18	4	-1	-1	0	39	0.250	0.250	494	0.375	0.375	323	0.500	1.000	22	0.500	0.500	222	0.530	0.530	
420	29	-36	4	-1	0	1	471	0.125	0.125	228	0.125	0.125	166	0.250	0.250	71	0.250	1.250	215	0.375	0.375	
421	35	-32	4	1	1	0	201	0.500	0.500	5	0.500	0.500	16	0.530	0.530	171	0.625	0.625	382	0.625	0.875	
422	33	-21	4	-1	-1	0	400	0.125	0.125	262	0.250	0.250	338	0.625	0.625	75	0.625	0.625	465	0.750	0.750	
423	27	-36	4	1	-1	0	164	0.375	0.375	116	0.375	0.375	381	0.500	0.500	244	0.625	0.625	440	0.625	0.625	
424	33	-16	4	0	-1	0	289	0.250	1.125	241	0.375	1.000	322	0.375	0.375	224	0.500	0.500	39	0.604	1.589	
425	34	-20	4	-2	1	0	380	0.125	0.125	11	0.125	0.125	499	0.250	0.250	36	0.375	1.375	110	0.479	1.405	
426	32	-30	4	1	0	0	235	0.250	1.125	466	0.500	0.500	293	0.500	0.500	150	0.604	1.375	207	0.625	0.625	
427	34	-21	4	-1	2	1	330	0.375	1.250	83	0.500	0.500	11	0.500	1.000	183	0.500	0.500	75	0.604	1.375	
428	20	-35	4	-2	1	5	93	0.375	0.375	120	0.375	1.125	108	0.500	1.125	76	0.500	0.500	371	0.500	1.250	
429	29	-34	4	2	1	0	258	0.479	1.155	18	0.625	1.250	321	0.750	1.125	190	0.750	0.750	216	0.750	0.625	
430	31	-16	4	-1	2	0	283	0.250	0.250	335	0.250	0.250	493	0.375	1.000	474	0.500	0.875	473	0.500	0.500	
431	27	-35	4	1	-1	0	96	0.125	0.125	440	0.250	0.250	159	0.500	0.500	179	0.530	0.530	244	0.625	1.250	
432	25	-36	4	-1	-1	0	449	0.250	0.250	89	0.250	0.250	268	0.500	1.000	172	0.625	0.625	456	0.750	0.750	
433	35	-24	4	-1	2	3	102	0.125	0.125	203	0.125	0.125	209	0.250	0.250	160	0.479	1.155	333	0.500	0.500	
434	33	-33	4	-1	-1	0	325	0.125	0.125	111	0.354	1.280	392	0.479	1.155	29	0.500	1.375	273	0.500	0.500	
435	23	-34	4	-1	1	1	457	0.625	0.625	291	0.750	0.750	355	0.750	0.750	123	0.875	0.875	55	0.964	0.964	
436	32	-19	4	0	-1	9	323	0.125	0.125	266	0.604	1.375	296	0.625	0.625	222	0.625	0.625	27	0.729	1.250	
437	35	-20	4	1	-2	0	312	0.375	1.000	9	0.500	1.375	278	0.625	0.625	308	0.625	0.750	82	0.729	1.464	
438	35	-15	4	1	2	0	189	0.125	0.125	223	0.375	0.375	402	0.500	0.500	127	0.750	0.750	264	0.750	0.750	
439	30	-32	4	1	-1	0	328	0.250	0.250	252	0.354	1.280	307	0.354	1.405	40	0.375	0.375	240	0.375	0.375	
440	27	-35	4	1	0	0	96	0.125	0.125	431	0.250	0.250	164	0.500	0.500	176	0.500	0.500	109	0.604	1.589	
441	35	-19	4	-1	2	3	12	0.125	0.125	458	0.375	0.375	346	0.479	1.280	246	0.479	1.500	383	0.500	1.125	
442	33	-34	4	-1	2	1	145	0.479	1.280	290	0.500	0.500	232	0.500	0.500	392	0.625	0.875	94	0.729	1.604	
443	35	-22	4	0	-1	0	274	0.250	1.125	416	0.250	1.125	82	0.375	0.375	271	0.500	1.750	365	0.500	1.500	
444	31	-34	4	-1	2	0	146	0.375	1.250	134	0.500	0.500	80	0.500	1.375	184	0.604	1.280	84	0.625	1.250	
445	34	-25	4	-1	-2	0	45	0.375	0.375	3	0.500	1.250	58	0.750	0.750	469	0.875	0.875	103	0.875	1.125	
446	35	-32	4	-1	0	0	25	0.125	0.125	201	0.250	0.250	496	0.250	0.250	326	0.375	1.000	360	0.500	1.000	
447	31	-33	4	-1	-2	0	94	0.250	0.250	307	0.250	0.250	276	0.375	1.375	84	0.479	1.405	252	0.625	0.625	
448	34	-28	4	-1	-2	2	477	0.250	0.250	495	0.625	0.625	196	0.625	0.625	235	0.684	1.464	105	0.684	1.714	
449	25	-36	4	0	-1	0	432	0.250	0.250	172	0.375	0.375	89	0.500	0.500	456	0.500	0.500	179	0.625	0.625	
450	34	-19	4	-1	2	1	47	0.125	0.125	142	0.250	0.250	297	0.250	0.250	346	0.375	1.125	234	0.375	0.375	
451	33	-36	4	1	-1	0	411	0.125	0.125	28	0.250	0.250	181	0.500	1.375	15	0.625	1.250	311	0.625	0.875	
452	29	-33	4	-1	-2	1	344	0.125	0.125	485	0.250	0.250	190	0.375	0.375	254	0.500	0.875	32	0.604	1.405	
453	35	-33	4	1	2	0	77	0.125	0.125	410	0.250	0.250	484	0.375	0.375	421	0.375	1.000	201	0.375	1.250	
454	33	-19	4	-2	1	0	272	0.125	0.125	110	0.125	0.125	222	0.375	0.375	267	0.375	0.375	323	0.500	1.125	
455	35	-26	4	1	1	0	103	0.500	0.875	33	0.500	0.500	370	0.750	0.750	45	0.854	1.250	155	0.875	0.655	
456	26	-36	4	1	-2	0	179	0.125	0.125	53	0.375	0.375	449	0.500	0.500	116	0.625	0.625	423	0.625	0.750	
457	23	-34	4	2	1	0	355	0.125	0.125	123	0.500	0.500	291	0.500	0.875	43	0.500	1.125	161	0.625	0.625	
458	35	-19	4	1	1	0	199	0.125	0.125	441	0.375	0.375	12	0.500	0.500	69	0.500	1.000	140	0.625	1.250	
459	31	-36	4	-1	-1	1	316	0.500	0.500	163	0.500	0.500	218	0.500	1.000	41	0.625	0.875	208	0.625	1.250	
460	26	-35	4	1	1	0	210	0.479	1.530	67	0.500	0.500	431	0.500	1.375	381	0.530	0.530	176	0.625	0.625	
461	31	-31	4	1	1	0	426	0.354	1.280	280	0.500	1.250	7	0.500	1.000	466	0.500	1.000	235	0.604	1.589	
462	20	-36	4	0	-1	0	157	0.125	0.125	194	0.250	0.250	281	0.500	0.500	286	0.500	0.500	476	0.625	0.625	
463	33	-18	4	2	1	0	151	0.125	0.125	314	0.375	1.250	361	0.479	1.280	112	0.500	0.500	408	0.500	1.125	
464	30	-16	4	-1	-2	4	221	0.250	0.250	165	0.500	0.500	168	0.500	0.500	13	0.655	0.655	128	0.750	0.750	
465	34	-21	4	1	-2	1	104	0.375	1.000	262	0.500	0.500	9	0.625	0.625	82	0.625	1.250	274	0.684	1.464	
466	32	-31	4	2	1	0	399	0.479	1.375	150	0.500	1.125	46	0.500	1.375	426	0.500	0.500	148	0.500	1.000	
467	30	-33	4	-1	1	0	184	0.375	0.375	349	0.530	0.530	51	0.625	0.750	40	0.750	1.250	80	0.750	0.750	
468	33	-16	4	-1	2	1	403	0.125	0.125	154	0.500	1.125	60	0.500	0.875	397	0.604	1.280	391	0.625	0.750	
469	34	-25	4	0	1	0	58	0.125	0.125	155	0.125	0.125	103	0.625	0.625	236	0.625	1.500	203	0.625	0.780	
470	34	-22	4	0	1	0	301	0.250	0.250	317	0.500	0.500	427	0.500	1.250	75	0.604	1.589	330	0.625	1.500	
471	29	-36	4	-2	-1	2	420	0.125	0.125	228	0.250	0.250	166	0.375	0.375	288	0.375	1.250	215	0.500	0.500	
472	24	-36	4	1	0	0	449	0.500	0.875	52	0.500	0.500	172	0.500	1.250	295	0.729	1.375	432	0.750	1.125	
473	30	-16	4	0	1	0	128	0.125	0.125	56	0.375	1.000	430	0.500	0.500	335	0.500	0.500	70	0.500	1.250	
474	31	-15	4	-2	1	0	129	0.125	0.125	493	0.125	0.125	117	0.375	0.375	56	0.375	1.125	227	0.375	0.375	
475	23	-36	4	1	-2	0	337	0.500	0.500	472	0.625	1.000	64	0.625	0.625	78	0.750	0.750	161	0.875	0.875	
476	21	-36	4	-1	-1	0	74	0.125	0.125	286	0.375	0.375	93	0.530	0.530	462	0.625	0.625	257	0.625	0.625	
477	34	-28	4	1	-2	0	448	0.250	0.250	495	0.375	0.375	101	0.559	1.589	196	0.625	0.625	130	0.625	0.750	
478	34	-16	4	-2	-1	20	403	0.375	1.250	241	0.479	1.280	468	0.500	1.125	224	0.500	0.500	106	0.500	0.500	
479	28	-34	4	1	2	0	429	0.625	0.875	32	0.625	0.625	216	0.655	0.655	210	0.750	0.625	220	0.750	0.750	
480	32	-29	4	-1	2	0	81	0.125	0.125	207	0.375	0.375	293	0.750	0.750	319	0.750	0.750	280	0.780	0.750	
481	35	-28	4	-2	-1	6	342	0.125	0.125	196	0.500	0.500	348	0.500	0.500	448	0.625	0.875	49	0.625	0.625	
482	32	-16	4	-1	0	3	359	0.125	0.125	363	0.125	0.125	283	0.250	1.250	430	0.500	1.000	397	0.500	0.500	
483	35	-27	4	0	1	0	119	0.250	0.250	455	0.250	1.125	277	0.375	0.375	125	0.500	0.500	348	0.500	0.500	
484	35	-33	4	-1	1	0	360	0.354	1.405	453	0.375	0.375	68	0.479	1.155	77	0.500	0.500	65	0.625	0.625	
485	29	-33	4	1	-2	0	344	0.125	0.125	190	0.125	0.125	452	0.250	0.250	254	0.500	1.125	18	0.604	1.375	
486	29	-15	4	-1	-2	6	13	0.125	0.125	388	0.250	0.250	310	0.250	0.250	168	0.729	1.280	156	0.750	0.750	
487	22	-35	4	-2	-1	0	476	0.479	1.405	345	0.500	1.375	245	0.500	1.000	286	0.604	1.280	55	0.625	0.625	
488	33	-34	4	-1	-2	0	290	0.250	0.250	29	0.375	0.375	404	0.559	1.589	375	0.604	1.500	8	0.604	1.280	
489	35	-19	4	0	-1	0	113	0.375	0.375	437	0.375	1.250	373	0.500	0.500	107	0.500	0.875	9	0.625	1.625	
490	29	-15	4	1	2	1	70	0.625	0.625	156	0.625	1.250	310	0.750	0.750	335	0.839	0.839	56	0.875	0.750	
491	26	-36	4	-1	2	0	460	0.500	1.250	432	0.625	1.250	306	0.625	0.750	53	0.625	0.625	440	0.729	1.375	
492	34	-30	4	0	-1	7	398	0.250	1.250	356	0.375	0.375	105	0.375	0.375	44	0.500	1.000	347	0.500	1.250	
493	31	-15	4	-1	1	0	474	0.125	0.125	227	0.250	0.250	129	0.250	0.250	117	0.500	0.500	70	0.625	0.750	
494	32	-18	4	1	-2	0	39	0.125	0.125	419	0.375	0.375	436	0.375	1.250	219	0.375	0.375	323	0.500	1.375	
495	34	-28	4	1	0	0	477	0.375	0.375	196	0.375	1.000	130	0.375	0.375	118	0.500	0.500	226	0.500	0.500	
496	35	-32	4	-1	-1	1	446	0.250	0.250	141	0.354	1.405	25	0.375	0.375	201	0.500	0.500	65	0.500	1.000	
497	32	-34	4	2	1	0	29	0.375	1.250	152	0.500	0.500	334	0.559	1.589	369	0.625	0.625	146	0.655	0.655	
498	33	-20	4	1	-1	0	266	0.125	0.125	27	0.250	0.250	465	0.354	1.405	256	0.500	0.500	422	0.500	1.375	
499	34	-20	4	-2	-1	2	380	0.125	0.125	425	0.250	0.250	11	0.375	0.375	36	0.375	1.125	422	0.479	1.405	
