# states in shortest path from s to t
13

# shortest path from s to t
-24	27	4	-1	-1
-25	26	4	-1	-1
-26	25	4	-1	-1
-27	24	4	-1	-1
-28	23	4	-1	-1
-29	22	4	-1	-1
-30	21	4	-1	-1
-31	20	4	-1	-1
-32	19	4	-1	-1
-33	18	4	-1	-1
-34	17	4	-1	-1
-35	16	4	-2	-1
-37	15	4	-2	-1

# cost of shortest path
4.448

# Line i represents a sample taken at time i. The sample corresponds to a discrete state.
# Line Format: [sample ID] [x] [y] [z] [x-component of yaw] [y-component of yaw] [U: marginal coverage]
#              [sample ID of nearest neighbor 1] [shortest path cost to nearest neighbor 1] [shortest path cost from nearest neighbor 1]
#              ...
#              [sample ID of nearest neighbor k] [shortest path cost to nearest neighbor k] [shortest path cost from nearest neighbor k]
0	-17	17	4	-2	1	67	399	0.125	0.125	170	0.500	1.125	333	0.854	1.280	400	1.163	1.979	284	1.250	0.875	
1	-31	26	4	-1	0	42	283	0.125	0.125	280	0.125	0.125	226	0.250	0.250	214	0.500	0.500	159	0.625	1.030	
2	-31	24	4	-2	1	49	68	0.500	0.500	397	0.625	0.625	200	0.750	0.750	85	0.854	1.589	205	0.934	1.832	
3	-16	15	4	2	-1	90	415	0.375	0.375	7	0.875	0.780	336	0.905	0.625	53	0.979	1.479	332	1.030	0.604	
4	-34	28	4	1	1	91	486	0.604	1.530	130	0.625	1.250	357	0.655	0.655	125	0.875	1.030	477	0.905	0.729	
5	-23	29	4	0	1	39	232	0.500	0.500	301	0.604	1.250	322	0.604	1.375	138	0.604	1.839	376	0.750	1.125	
6	-36	35	4	-1	0	1	362	0.125	0.125	150	0.750	0.750	172	0.875	0.500	365	1.125	0.750	222	1.125	0.905	
7	-15	16	4	1	-2	80	117	0.500	0.500	3	0.875	0.780	48	1.125	0.964	415	1.250	0.729	423	1.375	0.750	
8	-27	27	4	2	-1	69	80	0.250	0.250	260	0.375	0.375	33	0.375	1.250	58	0.625	1.375	439	0.875	0.875	
9	-30	33	4	1	-1	0	175	0.625	0.625	409	0.729	1.589	381	0.750	1.125	374	0.854	1.589	179	1.000	1.375	
10	-20	33	4	1	0	49	366	0.500	0.500	382	0.500	1.250	278	0.875	1.464	338	0.875	0.875	424	0.875	0.750	
11	-36	22	4	2	1	8	50	0.375	0.375	246	0.500	0.500	290	0.729	1.589	212	0.750	1.030	89	1.104	1.354	
12	-18	16	4	2	-1	16	48	0.479	1.405	84	0.500	0.500	333	0.500	0.500	202	0.500	0.500	3	0.854	1.839	
13	-26	17	4	2	-1	32	30	0.625	1.000	21	0.625	1.375	444	0.934	2.082	274	1.000	0.905	318	1.059	1.354	
14	-24	22	4	1	0	46	154	0.875	0.750	104	0.934	1.832	59	0.979	1.250	38	1.000	1.000	28	1.125	0.875	
15	-26	24	4	2	-1	14	39	0.604	1.375	289	0.625	0.625	173	0.750	1.000	471	0.750	0.750	69	0.875	1.125	
16	-31	21	4	1	1	1	61	0.750	0.750	358	0.913	2.229	426	0.979	1.464	188	1.000	1.375	64	1.061	1.061	
17	-20	21	4	1	0	66	384	0.625	0.780	223	0.750	0.750	299	0.780	0.780	348	0.875	1.125	294	0.934	1.832	
18	-17	31	4	2	1	33	311	0.125	0.125	119	0.559	1.589	278	0.780	0.750	201	0.875	0.875	261	1.104	1.354	
19	-20	27	4	-2	-1	6	488	1.155	0.479	110	1.288	2.302	440	1.354	1.714	178	1.354	1.604	377	1.375	1.500	
20	-27	16	4	1	-2	14	274	0.125	0.125	296	0.500	1.125	286	0.625	0.625	74	1.038	2.104	55	1.104	1.229	
21	-24	17	4	1	-1	11	57	0.125	0.125	181	0.250	0.250	132	0.530	0.530	444	0.604	1.530	81	0.625	0.875	
22	-21	15	4	-1	0	31	404	0.500	0.500	90	0.625	0.625	304	0.750	0.750	429	0.875	0.500	134	1.082	1.686	
23	-18	30	4	1	1	14	207	0.250	0.250	18	0.479	1.405	311	0.604	1.530	395	0.625	1.250	464	0.957	1.875	
24	-20	12	4	-2	-1	13	343	0.500	0.500	43	0.875	0.875	469	0.875	1.375	224	1.000	1.000	134	1.354	1.875	
25	-19	27	4	1	1	12	241	0.905	0.729	361	0.979	1.714	52	1.082	1.582	158	1.104	1.354	270	1.186	1.186	
26	-25	12	4	-1	0	47	430	0.625	0.625	225	0.729	1.714	74	0.750	0.625	476	0.750	1.030	419	0.875	0.500	
27	-14	35	4	-1	-2	5	459	0.500	1.125	137	0.750	1.250	344	0.875	1.030	389	0.979	1.339	151	1.259	1.625	
28	-24	21	4	-2	1	21	38	0.125	0.125	161	0.479	1.280	154	0.604	1.375	269	1.082	2.104	75	1.125	0.875	
29	-29	31	4	-2	1	23	457	0.500	0.875	56	0.500	1.125	416	0.655	0.655	167	0.875	1.125	414	0.875	0.500	
30	-25	17	4	0	1	0	472	0.604	1.589	21	0.750	1.125	83	0.854	1.479	248	0.875	1.589	75	0.875	1.339	
31	-23	15	4	-2	-1	15	174	0.375	1.250	180	0.750	0.750	300	1.000	1.125	296	1.118	2.250	134	1.134	1.000	
32	-20	23	4	1	2	17	493	0.559	1.589	104	0.625	0.625	485	0.625	0.750	440	0.854	1.250	488	0.934	1.832	
33	-26	27	4	1	1	6	433	0.979	1.714	252	0.979	1.125	250	1.038	1.854	439	1.089	1.000	481	1.125	1.125	
34	-29	25	4	-1	0	15	397	0.604	1.589	145	0.625	0.625	60	0.750	0.750	1	0.875	1.589	2	0.875	1.464	
35	-32	19	4	1	-2	8	446	0.125	0.125	267	0.500	0.875	410	0.625	0.625	76	0.729	1.589	249	0.750	0.875	
36	-35	20	4	-1	1	2	319	0.250	0.250	50	0.854	1.839	11	0.979	1.464	95	1.000	1.125	339	1.030	0.854	
37	-31	33	4	2	-1	5	128	0.250	0.250	9	0.375	1.000	381	0.604	1.375	233	0.625	1.000	175	0.750	1.155	
38	-24	21	4	-1	0	8	28	0.125	0.125	154	0.604	1.250	143	0.979	1.250	327	0.979	1.625	75	1.000	0.884	
39	-25	23	4	0	-1	6	173	0.375	0.375	14	0.604	1.250	143	0.604	1.589	327	0.729	1.714	289	0.780	0.780	
40	-34	24	4	-2	1	2	153	0.375	1.250	91	0.500	0.500	216	0.500	0.500	205	0.750	0.750	290	0.750	0.875	
41	-19	17	4	-1	2	0	422	0.875	1.030	202	1.000	1.000	84	1.030	0.729	190	1.104	1.436	284	1.104	1.229	
42	-36	18	4	-2	-1	1	100	1.000	0.905	114	1.000	0.500	369	1.000	0.750	169	1.000	1.500	139	1.125	0.875	
43	-20	12	4	1	0	0	343	0.375	0.375	24	0.875	0.875	224	1.250	0.375	469	1.250	1.000	429	1.354	1.339	
44	-28	28	4	1	-1	1	80	0.479	1.155	8	0.479	1.405	33	0.729	1.589	260	0.875	1.030	439	1.000	0.780	
45	-33	32	4	2	-1	7	244	0.559	1.589	391	0.684	1.464	427	0.750	0.625	62	0.854	1.479	309	1.000	1.000	
46	-36	30	4	0	1	17	105	0.375	0.375	281	0.809	2.000	266	1.000	0.875	92	1.125	0.875	357	1.125	0.905	
47	-24	26	4	1	-1	0	178	0.479	1.405	148	0.854	1.354	49	0.854	1.464	230	1.000	1.000	379	1.030	0.854	
48	-17	15	4	1	-1	1	415	0.500	1.375	3	0.625	1.000	336	0.625	0.625	332	0.750	0.750	7	0.964	0.964	
49	-22	25	4	1	2	2	182	0.729	1.604	485	0.979	1.214	148	1.104	1.625	178	1.125	0.500	379	1.309	1.479	
50	-36	22	4	0	1	6	11	0.375	0.375	246	0.875	0.875	216	1.229	1.686	323	1.250	0.750	40	1.280	1.436	
51	-36	27	4	2	1	11	187	0.604	1.500	497	0.750	0.750	4	0.854	1.714	163	0.875	1.125	118	0.979	1.354	
52	-16	27	4	1	-2	10	164	0.500	1.375	421	0.500	1.125	99	0.625	0.875	208	0.684	1.464	127	0.750	1.155	
53	-14	17	4	0	1	0	370	0.625	1.030	279	0.854	1.479	186	0.854	1.957	73	0.875	0.750	140	0.957	2.229	
54	-24	35	4	-1	-2	7	112	0.625	0.625	432	0.625	0.875	317	0.729	1.375	303	0.854	1.464	96	0.875	1.125	
55	-29	15	4	-1	1	19	351	0.500	0.500	240	0.625	0.625	142	0.625	0.625	262	0.934	1.479	478	1.082	1.750	
56	-30	31	4	-2	1	4	457	0.250	0.250	179	0.750	0.750	259	0.875	1.125	391	0.875	1.000	264	0.905	0.854	
57	-24	17	4	1	-2	0	21	0.125	0.125	181	0.375	0.375	132	0.750	0.655	81	0.750	0.750	412	0.750	1.000	
58	-25	27	4	1	-1	0	379	0.500	0.500	47	0.604	1.530	433	0.875	0.905	470	1.000	1.155	129	1.061	1.061	
59	-22	22	4	0	-1	3	102	0.375	1.000	360	0.500	0.500	184	0.729	1.250	70	0.780	0.780	17	0.979	1.589	
60	-29	23	4	-1	0	0	200	0.604	1.250	34	0.750	0.750	199	0.854	1.957	495	0.875	0.875	418	0.957	1.854	
61	-31	22	4	2	1	0	188	0.625	0.875	16	0.750	0.625	195	0.854	1.250	448	0.875	1.030	325	0.934	1.832	
62	-31	33	4	0	1	3	233	0.375	0.375	329	0.375	0.375	324	0.625	0.780	37	0.625	0.625	355	0.625	0.625	
63	-22	20	4	-2	1	1	236	0.500	1.125	102	0.625	0.625	463	0.625	0.750	38	0.684	1.714	184	0.750	1.155	
64	-33	23	4	1	1	4	216	0.875	0.655	188	0.884	1.125	290	0.964	0.964	342	1.000	1.000	40	1.000	1.155	
65	-18	21	4	-1	-2	5	247	0.604	1.500	310	0.625	0.625	287	0.625	0.875	431	0.625	0.750	72	0.875	0.875	
66	-34	25	4	1	-1	3	205	0.500	0.500	91	0.625	1.250	40	0.875	1.125	85	0.875	1.125	165	1.000	1.000	
67	-14	30	4	-1	-1	2	273	0.354	1.405	234	0.500	0.875	251	0.875	1.125	263	0.884	1.125	52	0.913	1.979	
68	-31	24	4	1	2	2	2	0.500	0.500	200	0.500	0.500	79	0.729	1.604	397	0.875	0.875	448	0.979	1.280	
69	-26	23	4	-1	0	9	269	0.500	1.000	173	0.500	0.500	289	0.625	0.625	471	0.750	0.750	39	0.875	0.750	
70	-21	23	4	1	-1	4	32	0.625	1.250	104	0.625	0.625	360	0.625	1.250	102	0.979	1.479	485	1.000	0.780	
71	-27	12	4	-1	-1	6	349	0.375	0.375	225	0.750	0.750	466	1.089	1.000	476	1.280	0.604	240	1.434	1.311	
72	-16	21	4	0	-1	4	462	0.604	1.839	235	0.625	0.625	194	0.625	1.280	320	0.750	0.905	383	0.750	0.750	
73	-15	17	4	-2	1	0	370	0.750	1.000	53	0.750	0.750	88	0.979	1.464	7	1.000	1.125	0	1.104	1.500	
74	-25	13	4	-1	-2	10	419	0.125	0.125	430	0.125	0.125	476	0.750	1.000	225	1.000	1.500	275	1.104	1.104	
75	-24	19	4	-1	1	0	248	0.250	0.250	318	0.625	0.750	236	0.655	0.655	456	0.750	0.750	463	0.875	0.780	
76	-33	17	4	-1	-2	3	218	0.125	0.125	314	0.839	0.839	114	0.964	0.964	369	0.979	1.229	100	1.009	0.875	
77	-20	16	4	1	0	1	254	0.250	1.125	41	0.729	1.375	304	0.780	0.780	202	0.875	1.589	336	0.957	2.119	
78	-28	31	4	-1	2	9	387	0.125	0.125	416	0.375	1.000	409	0.375	1.250	29	0.625	0.875	414	0.780	0.750	
79	-29	25	4	2	-1	0	145	0.500	0.500	353	0.625	0.625	358	0.625	0.625	129	0.625	1.375	231	0.750	0.875	
80	-27	27	4	2	1	0	260	0.125	0.125	8	0.250	0.250	33	0.375	1.000	58	0.625	1.625	481	0.854	1.250	
81	-23	17	4	1	-1	2	412	0.250	0.250	122	0.354	1.280	444	0.500	0.875	465	0.625	0.625	256	0.780	0.625	
82	-24	13	4	2	1	0	372	0.655	0.655	482	0.750	0.655	345	0.875	0.500	300	0.875	1.125	445	0.979	1.339	
83	-23	18	4	2	-1	0	412	0.500	0.500	465	0.604	1.375	256	0.625	0.750	21	0.655	0.655	81	0.750	0.750	
84	-18	16	4	1	2	1	12	0.500	0.500	202	0.625	0.750	399	0.750	0.905	41	0.875	1.030	0	0.875	1.030	
85	-33	25	4	-1	2	1	165	0.375	1.000	205	0.625	1.250	298	0.875	1.125	4	0.934	1.832	405	0.979	1.354	
86	-22	35	4	2	1	4	123	0.125	0.125	425	0.375	1.000	221	0.500	1.375	454	0.750	0.625	160	0.875	1.125	
87	-29	18	4	2	1	0	297	0.375	1.250	239	0.479	1.280	242	0.625	0.750	258	0.750	0.750	197	0.854	1.604	
88	-14	19	4	1	1	9	209	1.000	1.000	194	1.030	0.604	423	1.030	0.854	186	1.250	1.030	370	1.280	0.604	
89	-34	23	4	-1	-2	21	153	0.655	0.655	212	0.809	1.339	375	0.854	1.250	40	0.875	0.875	64	1.000	1.125	
90	-21	15	4	1	-2	1	304	0.125	0.125	445	0.875	0.780	254	0.964	0.964	300	0.979	1.686	22	1.000	0.625	
91	-34	24	4	-1	-2	11	89	0.500	1.125	40	0.500	0.500	153	0.750	0.750	216	1.000	1.000	205	1.000	0.500	
92	-34	30	4	-2	1	5	253	0.500	0.500	130	0.625	0.625	118	0.875	0.780	288	1.030	0.729	266	1.125	0.875	
93	-34	35	4	-1	-2	12	222	0.750	1.280	309	0.875	1.280	364	0.875	1.030	45	0.934	1.707	447	1.000	0.875	
94	-25	34	4	1	0	5	420	0.125	0.125	272	0.375	0.375	185	0.625	0.780	303	0.750	0.625	123	0.809	2.125	
95	-34	20	4	2	-1	0	196	0.479	1.280	339	0.625	1.250	410	0.684	1.464	446	0.729	1.714	342	0.750	0.905	
96	-25	35	4	0	1	2	155	0.625	0.625	432	0.625	0.625	407	0.750	0.750	94	0.875	0.750	112	0.875	0.875	
97	-34	20	4	-1	0	2	168	0.250	0.250	319	0.375	1.375	36	0.375	1.125	339	0.625	0.625	368	0.750	1.375	
98	-19	22	4	0	-1	0	384	0.250	0.250	287	0.375	1.000	310	0.500	1.250	65	0.750	0.905	348	0.750	1.000	
99	-15	27	4	2	-1	2	435	0.500	0.500	127	0.750	1.000	220	1.030	0.979	103	1.214	1.184	393	1.259	1.089	
100	-35	17	4	0	-1	0	169	0.750	0.905	124	0.750	0.750	76	0.875	0.875	337	0.979	1.500	218	1.000	0.884	
101	-20	29	4	1	-1	0	442	0.750	0.750	241	0.750	0.750	207	0.854	1.354	23	0.854	1.589	147	0.875	1.030	
102	-22	21	4	-2	-1	8	184	0.375	1.250	63	0.625	0.625	236	0.875	1.030	480	0.875	1.280	59	1.000	0.375	
103	-16	29	4	1	1	8	388	0.125	0.125	464	0.354	1.280	251	0.354	1.405	261	0.875	0.875	183	0.913	2.229	
104	-21	23	4	1	2	0	485	0.479	1.375	385	0.625	0.625	70	0.625	0.625	32	0.625	0.625	213	0.875	1.000	
105	-36	30	4	-2	1	0	46	0.375	0.375	266	1.250	1.250	118	1.280	0.479	357	1.375	0.979	92	1.500	0.625	
106	-21	19	4	-2	1	0	63	0.479	1.280	256	0.729	1.375	223	0.964	0.964	17	0.979	1.229	463	0.979	1.464	
107	-16	22	4	-1	-2	16	72	0.375	1.250	367	0.479	1.375	109	0.500	0.500	346	0.625	0.625	235	0.750	0.655	
108	-33	15	4	-1	0	4	417	0.500	0.500	347	0.625	0.625	218	1.000	0.884	76	1.125	0.875	262	1.214	0.979	
109	-16	22	4	2	-1	5	346	0.500	0.875	107	0.500	0.500	354	0.729	1.604	437	0.750	0.625	72	0.750	1.000	
110	-24	29	4	-1	0	1	376	0.250	0.250	206	0.375	1.000	232	0.375	0.375	322	0.500	0.500	252	0.625	1.030	
111	-35	35	4	1	0	5	447	0.625	1.625	93	0.625	1.000	309	0.729	1.714	427	0.854	1.811	364	1.125	0.750	
112	-25	35	4	-1	-2	5	432	0.250	0.250	54	0.625	0.625	155	0.625	1.250	308	0.905	1.214	452	1.104	1.714	
113	-18	14	4	-2	-1	13	429	1.038	1.582	343	1.059	2.184	336	1.125	1.250	333	1.250	0.750	24	1.309	2.214	
114	-35	18	4	-1	-1	4	42	0.500	1.000	169	0.729	1.714	369	0.750	0.750	100	0.750	1.125	139	0.875	0.875	
115	-28	13	4	-1	1	3	240	0.354	1.280	285	0.479	1.530	498	0.729	1.839	468	0.854	1.155	71	1.030	0.854	
116	-17	29	4	1	-1	0	103	0.500	1.375	388	0.625	1.250	261	0.750	0.750	464	0.854	1.339	52	0.979	1.714	
117	-15	16	4	2	1	7	53	0.479	1.375	7	0.500	0.500	73	0.750	1.250	3	1.030	0.729	186	1.288	1.832	
118	-35	29	4	-2	1	0	46	0.479	1.375	357	0.750	0.750	105	0.750	1.280	92	0.780	0.750	477	1.000	1.000	
119	-15	32	4	2	-1	17	334	0.250	0.250	183	0.500	1.375	316	0.625	1.000	389	0.625	0.625	67	0.979	1.479	
120	-21	31	4	2	-1	16	291	0.625	0.625	442	0.875	1.030	424	0.875	0.780	366	0.875	0.780	301	0.905	0.625	
121	-30	15	4	1	-1	1	498	0.750	1.125	466	0.854	1.839	156	0.979	1.464	351	1.030	0.875	314	1.155	0.729	
122	-22	16	4	1	0	0	304	0.625	1.280	90	0.750	1.375	77	0.979	1.750	352	1.000	0.979	412	1.030	0.604	
123	-22	35	4	1	0	0	86	0.125	0.125	425	0.250	1.125	221	0.375	1.250	454	0.625	0.625	160	0.750	1.250	
124	-35	17	4	-1	1	0	42	0.479	1.155	386	0.500	1.375	139	0.625	1.250	369	0.750	1.125	100	0.750	0.750	
125	-33	29	4	1	-1	0	492	0.250	0.250	486	0.500	0.500	288	0.625	0.625	401	1.000	1.375	4	1.030	0.604	
126	-19	35	4	2	-1	14	238	0.875	1.000	237	0.979	1.229	382	1.009	1.000	484	1.229	2.104	10	1.280	0.964	
127	-15	26	4	0	-1	59	208	0.250	1.125	164	0.500	0.500	421	0.500	0.500	473	0.604	1.839	393	0.729	1.375	
128	-31	33	4	1	-2	1	37	0.250	0.250	175	0.479	1.375	381	0.750	1.155	9	0.750	0.750	62	0.875	0.875	
129	-27	25	4	1	-1	0	15	0.479	1.405	219	0.500	0.500	341	0.750	0.750	231	0.750	0.750	173	0.854	1.839	
130	-34	29	4	-2	1	0	118	0.500	1.125	92	0.625	0.625	253	0.875	0.750	46	0.979	1.464	105	1.000	1.839	
131	-30	28	4	2	1	1	215	0.500	0.875	438	0.625	0.625	44	0.625	1.625	414	0.854	1.604	439	0.934	2.082	
132	-25	16	4	1	-1	0	21	0.530	0.530	57	0.655	0.655	412	0.854	1.339	181	1.000	0.780	274	1.000	1.000	
133	-28	18	4	-1	0	5	242	0.500	0.500	293	0.875	1.589	378	0.875	0.875	239	1.000	1.125	297	1.000	1.000	
134	-23	13	4	-2	-1	4	300	0.125	0.125	380	0.625	0.625	26	0.684	1.714	180	0.750	0.750	489	0.750	0.905	
135	-16	25	4	1	2	0	270	0.625	0.625	217	0.979	1.214	99	0.979	1.339	421	1.000	1.000	435	1.000	1.839	
136	-23	30	4	1	-1	0	491	0.750	0.750	301	0.750	1.125	171	0.875	0.875	120	0.979	1.214	241	1.038	2.229	
137	-15	35	4	-1	2	21	484	0.875	1.030	499	0.979	1.589	344	1.125	0.875	306	1.186	1.186	238	1.207	1.582	
138	-24	31	4	-1	1	3	403	0.625	0.625	192	0.625	1.125	371	0.729	1.714	330	0.750	1.125	406	0.875	0.875	
139	-35	18	4	1	2	0	369	0.125	0.125	386	0.125	0.125	168	0.729	1.464	196	0.854	1.604	114	0.875	0.875	
140	-16	20	4	-1	2	0	193	0.125	0.125	367	0.479	1.375	294	0.559	1.589	475	0.684	1.714	186	0.750	0.625	
141	-31	23	4	0	-1	0	448	0.500	0.500	418	0.604	1.589	188	0.875	0.875	426	1.000	1.125	2	1.000	0.875	
142	-29	16	4	-1	0	4	55	0.625	0.625	240	0.750	0.750	351	0.750	0.625	478	0.979	2.000	285	1.000	0.884	
143	-26	21	4	0	-1	0	327	0.375	0.375	394	0.375	0.375	487	0.854	1.957	315	0.875	0.875	472	0.979	1.250	
144	-18	24	4	-2	-1	6	493	0.875	1.280	98	0.979	1.714	384	0.979	1.479	32	1.059	1.354	312	1.155	0.479	
145	-29	25	4	1	2	0	79	0.500	0.500	34	0.625	0.625	358	0.875	0.625	353	0.875	0.875	283	0.979	1.354	
146	-26	31	4	2	1	0	228	0.979	1.479	371	1.000	1.000	206	1.104	1.354	330	1.125	0.875	302	1.163	1.729	
147	-19	28	4	-1	-1	3	19	0.479	1.405	25	1.000	1.000	101	1.030	0.604	241	1.155	0.875	377	1.229	1.832	
148	-22	27	4	0	1	0	5	0.604	1.589	241	0.854	1.479	182	0.875	0.750	376	0.979	1.354	232	1.104	1.686	
149	-25	14	4	0	-1	0	430	0.250	1.125	419	0.375	1.375	74	0.500	1.250	476	0.604	1.250	82	0.729	1.375	
150	-36	35	4	1	-1	0	364	0.354	1.405	222	0.604	1.155	362	0.625	0.625	111	0.750	1.125	309	0.979	2.089	
151	-14	32	4	-2	-1	6	67	1.000	1.125	316	1.000	0.625	119	1.000	1.000	334	1.000	1.000	261	1.038	2.104	
152	-33	35	4	-1	2	2	447	0.750	0.750	93	0.750	1.250	222	1.104	1.354	309	1.125	0.875	373	1.250	0.625	
153	-35	24	4	-1	-1	1	246	0.729	1.714	290	0.875	0.875	66	1.030	0.854	342	1.207	1.604	64	1.229	1.104	
154	-25	22	4	0	1	0	161	0.375	0.375	471	0.625	0.780	69	0.729	1.250	14	0.875	0.875	480	0.875	0.875	
155	-26	35	4	-1	1	0	96	0.625	0.625	407	0.750	0.625	452	1.000	0.780	272	1.155	0.729	363	1.214	0.979	
156	-31	13	4	-1	-2	9	402	0.500	1.375	305	0.604	1.500	496	0.625	1.000	271	0.750	0.750	466	0.875	0.875	
157	-16	28	4	-1	0	3	340	0.500	0.500	220	0.625	0.625	261	0.750	0.625	388	0.750	1.000	52	0.750	1.000	
158	-18	29	4	-1	0	1	361	0.625	0.625	147	0.729	1.280	207	0.875	0.875	23	0.875	1.125	19	1.082	1.686	
159	-32	27	4	-1	0	0	165	0.625	0.780	226	0.780	0.780	66	0.854	1.354	298	0.875	1.125	283	0.905	0.729	
160	-21	34	4	-1	-1	0	10	0.854	1.250	338	0.905	0.729	211	1.009	1.000	425	1.125	1.000	237	1.155	0.250	
161	-25	22	4	-2	1	0	154	0.375	0.375	143	0.729	1.375	69	0.750	1.155	269	0.854	1.589	471	0.875	1.155	
162	-26	12	4	2	1	0	345	0.750	1.250	468	0.839	0.839	82	0.854	1.839	225	0.979	1.280	275	1.089	1.089	
163	-35	27	4	-1	-1	3	405	0.625	1.000	66	0.854	1.589	497	0.875	1.030	187	1.000	1.125	205	1.104	1.089	
164	-16	26	4	-1	-2	2	421	0.250	0.250	127	0.500	0.500	473	0.625	1.375	441	0.729	1.604	313	0.750	1.155	
165	-33	26	4	-1	1	0	163	0.604	1.589	159	0.780	0.625	4	0.854	1.589	205	0.875	1.030	118	0.913	2.229	
166	-28	22	4	-1	2	0	60	0.479	1.375	358	0.809	1.339	325	0.875	1.125	269	0.875	0.780	307	0.979	1.229	
167	-29	30	4	1	-1	0	264	0.500	0.500	413	0.625	0.875	439	0.979	1.839	387	1.000	1.000	210	1.186	1.186	
168	-34	20	4	-1	1	0	97	0.250	0.250	36	0.500	0.875	319	0.750	1.125	356	0.854	1.339	375	0.979	1.479	
169	-36	16	4	1	-2	1	337	0.479	1.405	449	0.854	1.155	100	0.905	0.625	124	1.125	0.979	139	1.354	1.479	
170	-18	17	4	-1	-2	4	333	0.375	1.125	12	0.500	1.125	48	0.729	1.714	254	0.750	0.905	41	0.750	1.250	
171	-24	30	4	-1	-1	1	206	0.354	1.405	322	0.375	0.375	376	0.500	0.875	250	0.500	0.500	110	0.750	0.625	
172	-36	34	4	0	1	4	365	0.250	0.250	6	0.500	0.875	111	0.604	1.250	362	0.625	1.000	150	1.125	1.125	
173	-26	23	4	0	-1	0	39	0.375	0.375	69	0.500	0.500	471	0.750	0.750	14	0.979	1.589	269	1.000	1.125	
174	-24	15	4	-1	0	5	149	0.729	1.250	134	0.964	0.964	30	0.979	1.589	265	0.979	1.625	300	1.089	1.089	
175	-30	32	4	1	0	1	381	0.500	0.500	9	0.625	0.625	282	0.729	1.714	355	0.750	1.125	392	0.875	1.125	
176	-36	26	4	0	1	0	51	0.500	1.000	497	0.750	0.750	357	0.979	1.832	66	1.104	1.354	477	1.229	1.582	
177	-19	34	4	-2	1	1	237	0.375	1.250	160	0.625	1.625	203	0.875	0.500	338	0.875	0.780	326	1.000	0.500	
178	-23	25	4	2	-1	0	49	0.500	1.125	213	0.729	1.714	485	0.934	2.082	360	1.038	1.854	148	1.184	1.464	
179	-30	31	4	1	-2	0	259	0.375	1.000	56	0.750	0.750	264	0.750	0.905	175	0.750	0.750	167	0.875	1.405	
180	-23	14	4	-1	1	0	174	0.354	1.280	31	0.750	0.750	134	0.750	0.750	122	0.854	1.354	74	0.934	1.479	
181	-24	17	4	1	0	0	81	0.250	1.125	21	0.250	0.250	57	0.375	0.375	412	0.375	1.375	122	0.604	1.589	
182	-23	27	4	-2	1	0	379	0.625	1.625	252	0.684	1.714	148	0.750	0.750	433	1.000	1.250	230	1.125	0.964	
183	-14	32	4	2	1	13	316	0.375	0.375	277	1.000	0.905	151	1.000	1.000	389	1.030	0.604	119	1.375	0.375	
184	-23	21	4	-1	0	2	28	0.250	1.250	38	0.375	1.375	236	0.500	0.500	480	0.750	0.750	75	1.000	1.089	
185	-24	33	4	1	1	1	317	0.354	1.280	396	0.479	1.155	302	0.500	1.375	420	0.655	0.655	94	0.780	0.625	
186	-15	20	4	-1	1	0	140	0.625	0.750	320	0.625	0.625	193	0.750	0.625	367	0.854	1.839	227	0.875	0.780	
187	-35	28	4	1	2	0	118	0.500	1.125	357	0.625	0.875	125	0.729	1.479	486	0.729	1.464	46	0.729	1.464	
188	-31	23	4	1	2	0	2	0.500	1.125	68	0.500	1.125	426	0.625	0.625	353	0.729	1.604	358	0.729	1.589	
189	-26	18	4	-2	-1	6	487	0.375	1.000	458	0.500	0.500	472	0.500	0.500	13	0.750	1.250	20	0.854	1.604	
190	-17	19	4	0	1	6	193	0.625	1.030	431	0.729	1.250	140	0.750	0.905	462	0.750	0.750	287	0.854	1.479	
191	-18	33	4	1	2	1	326	0.375	1.250	203	0.625	0.625	306	0.750	0.750	177	0.854	1.280	278	0.875	0.625	
192	-24	32	4	0	1	0	185	0.375	1.125	272	0.729	1.464	390	0.750	0.750	255	0.750	1.125	96	0.854	2.125	
193	-16	20	4	0	1	3	140	0.125	0.125	475	0.604	1.589	186	0.625	0.625	294	0.729	1.464	367	0.729	1.250	
194	-15	20	4	1	-1	0	320	0.375	0.375	383	0.780	0.625	209	0.875	1.030	88	0.875	1.030	279	1.000	1.155	
195	-30	21	4	-1	-2	2	307	0.500	0.500	455	0.875	0.780	199	0.964	0.964	418	1.009	0.875	461	1.125	1.125	
196	-33	19	4	2	-1	0	446	0.375	1.000	410	0.375	1.250	267	0.479	1.280	35	0.500	0.875	268	0.750	1.250	
197	-28	20	4	-1	2	0	378	0.500	0.500	455	0.750	1.250	408	0.875	0.875	195	0.979	1.354	293	0.979	1.214	
198	-27	21	4	1	0	0	315	0.375	0.375	394	0.500	1.250	474	1.059	1.436	456	1.082	2.119	166	1.125	1.155	
199	-32	22	4	-1	-1	2	356	0.750	1.125	418	0.750	1.125	195	0.964	0.964	89	0.964	0.964	16	1.000	1.000	
200	-30	24	4	0	1	0	68	0.500	0.500	1	0.604	1.589	280	0.729	1.714	79	0.729	1.375	358	0.750	0.750	
201	-17	30	4	1	-2	0	359	0.375	0.375	116	0.375	1.000	158	0.729	1.375	261	0.875	1.030	18	0.875	0.875	
202	-18	17	4	1	0	0	12	0.500	0.500	284	0.625	0.780	170	0.625	0.625	84	0.750	0.625	254	0.780	0.780	
203	-19	33	4	-1	2	0	237	0.479	1.375	177	0.500	0.875	191	0.625	0.625	338	0.625	0.875	326	0.750	0.655	
204	-28	12	4	1	1	0	349	0.625	1.250	115	0.625	1.375	275	0.854	1.714	225	0.854	1.155	71	1.000	1.000	
205	-34	25	4	-1	-1	3	66	0.500	0.500	153	0.604	1.530	91	0.625	1.000	405	0.655	0.655	331	0.750	0.750	
206	-25	29	4	-1	-2	5	379	0.625	1.375	252	0.625	0.750	376	0.750	0.625	433	0.875	1.250	110	1.000	0.375	
207	-18	30	4	0	1	0	23	0.250	0.250	395	0.375	1.000	311	0.625	1.280	201	0.875	1.125	158	0.875	0.750	
208	-15	25	4	-1	-1	1	473	0.604	1.530	441	0.625	1.250	164	0.655	0.655	437	0.854	1.589	135	0.875	1.125	
209	-14	19	4	-1	-1	8	320	0.655	0.655	193	0.854	1.354	423	0.875	1.030	140	0.979	1.479	279	1.000	1.375	
210	-27	32	4	1	-2	0	146	0.604	1.280	416	0.875	1.125	371	0.875	0.750	303	0.964	0.964	29	0.979	1.354	
211	-23	34	4	0	-1	0	396	0.375	0.375	317	0.500	0.500	390	0.604	1.839	454	0.875	1.125	302	0.875	1.125	
212	-35	21	4	2	-1	0	95	0.479	1.280	356	0.729	1.479	319	0.875	1.125	339	0.979	1.479	11	1.030	0.729	
213	-21	24	4	1	-1	0	70	0.500	0.875	440	0.625	0.625	377	0.655	0.655	485	0.750	1.125	59	0.854	1.339	
214	-31	27	4	-2	-1	2	159	0.375	1.250	1	0.500	0.500	283	0.625	0.625	280	0.625	0.625	165	0.684	1.464	
215	-29	28	4	1	2	0	44	0.625	1.250	276	0.750	0.750	131	0.875	0.500	387	0.934	1.832	260	0.964	0.964	
216	-34	24	4	1	2	0	40	0.500	0.500	290	0.625	0.625	64	0.655	0.655	165	0.684	1.464	66	0.875	1.000	
217	-14	24	4	1	0	35	443	0.500	0.500	393	0.500	0.500	460	0.750	0.750	354	0.750	0.625	229	1.155	0.479	
218	-33	17	4	-1	-1	6	76	0.125	0.125	369	0.854	1.354	124	0.875	1.561	314	0.964	0.964	450	0.979	1.214	
219	-27	25	4	-1	-1	2	129	0.500	0.500	289	0.530	0.530	341	0.625	1.250	231	0.750	0.750	325	0.854	1.589	
220	-16	28	4	1	2	0	340	0.125	0.125	103	0.375	1.000	388	0.500	1.125	157	0.625	0.625	435	0.780	0.750	
221	-21	35	4	2	-1	12	425	0.375	0.375	245	0.500	1.375	160	0.750	1.250	126	0.750	1.500	454	1.155	0.479	
222	-35	34	4	-1	-2	28	364	0.250	0.250	281	1.000	1.000	6	1.000	0.905	150	1.155	0.479	365	1.250	0.875	
223	-20	21	4	-1	1	0	104	0.729	1.714	348	0.750	0.750	17	0.750	0.750	184	0.957	1.875	106	0.964	0.964	
224	-21	12	4	2	-1	0	43	0.375	1.250	343	0.500	0.875	24	1.000	1.000	469	1.375	0.750	22	1.604	1.207	
225	-27	13	4	-2	1	0	115	0.500	1.000	275	0.625	1.125	71	0.750	0.750	265	0.839	0.839	498	0.934	2.082	
226	-31	26	4	-1	-1	5	283	0.125	0.125	1	0.250	0.250	280	0.375	0.375	85	0.854	1.464	159	1.000	0.780	
227	-14	21	4	0	1	1	257	0.625	0.625	235	0.750	1.125	186	0.780	0.780	140	0.964	0.964	354	0.979	1.625	
228	-25	33	4	-1	1	1	363	0.375	0.375	302	0.530	0.530	420	0.625	1.250	94	0.750	1.125	272	0.750	1.250	
229	-15	23	4	2	1	0	443	0.500	1.375	354	0.500	0.875	441	0.625	0.625	217	0.750	1.155	346	0.875	0.875	
230	-24	25	4	-1	1	0	470	0.729	1.714	219	0.957	1.707	182	0.964	0.964	292	1.000	0.875	178	1.000	1.125	
231	-28	25	4	-1	-2	21	219	0.750	0.625	129	0.750	0.750	34	0.750	1.000	60	0.854	1.464	341	0.875	1.280	
232	-24	29	4	-1	2	0	250	0.375	1.000	110	0.375	0.375	322	0.500	0.875	5	0.500	0.500	138	0.625	1.375	
233	-30	33	4	0	1	0	324	0.250	1.125	355	0.250	0.250	392	0.375	0.375	62	0.375	0.375	329	0.750	0.750	
234	-14	29	4	-1	-1	0	263	0.625	0.750	273	0.750	0.750	421	0.913	1.979	157	0.979	1.839	99	0.979	1.464	
235	-15	21	4	-1	-1	2	194	0.500	1.375	320	0.625	1.000	383	0.625	0.625	72	0.625	0.625	107	0.655	0.655	
236	-23	20	4	-2	1	0	463	0.375	0.375	28	0.479	1.280	184	0.500	0.500	38	0.750	1.155	75	0.750	0.655	
237	-20	34	4	-1	0	5	160	0.250	1.125	338	0.500	0.500	10	1.125	1.000	126	1.229	0.979	177	1.250	0.375	
238	-18	35	4	-1	-1	0	177	0.479	1.155	424	0.913	1.979	382	0.979	1.464	237	0.979	1.839	126	1.000	0.875	
239	-28	19	4	2	1	0	297	0.500	0.500	315	0.750	1.155	197	0.750	1.125	242	1.000	0.375	378	1.000	1.000	
240	-29	14	4	-1	0	1	285	0.250	0.250	498	0.375	1.375	55	0.625	0.625	351	0.625	0.625	156	0.729	1.714	
241	-20	28	4	2	-1	0	361	0.729	1.604	101	0.750	0.625	19	0.750	1.250	25	0.750	0.905	147	0.875	1.000	
242	-28	18	4	0	1	0	239	0.500	1.000	297	0.500	0.500	133	0.500	0.500	87	0.750	0.625	198	0.934	1.707	
243	-28	35	4	-2	-1	5	324	0.684	1.464	411	0.875	0.875	452	0.905	0.625	407	1.000	0.750	295	1.184	1.500	
244	-31	31	4	2	1	0	391	0.125	0.125	179	0.500	1.125	457	0.750	0.875	175	0.750	1.155	409	0.934	2.082	
245	-20	35	4	2	1	0	126	0.625	1.375	10	0.875	0.875	238	1.184	1.229	425	1.280	0.500	338	1.354	1.000	
246	-36	22	4	1	-2	2	323	0.375	0.375	212	0.479	1.500	11	0.500	0.500	50	0.875	0.875	319	0.934	1.375	
247	-19	20	4	-2	-1	4	106	0.559	1.589	287	0.625	0.625	310	0.875	0.500	352	1.038	2.104	284	1.354	1.604	
248	-24	19	4	0	1	0	75	0.250	0.250	456	0.500	0.500	318	0.500	0.500	463	0.625	1.030	474	0.750	0.625	
249	-32	18	4	2	1	0	267	0.250	0.250	446	0.750	0.750	410	0.750	0.750	35	0.875	0.750	258	0.934	1.832	
250	-24	30	4	-1	1	1	322	0.125	0.125	330	0.354	1.280	171	0.500	0.500	110	0.625	0.625	403	0.625	1.250	
251	-15	30	4	1	2	0	464	0.375	0.375	316	0.684	1.714	183	0.979	1.589	151	1.059	1.354	334	1.104	1.250	
252	-25	28	4	-1	0	1	206	0.750	0.625	379	0.750	0.625	58	0.875	1.125	322	0.964	0.964	110	1.030	0.604	
253	-34	30	4	-1	-2	8	92	0.500	0.500	118	0.604	1.280	130	0.750	0.875	125	0.750	1.155	492	0.750	0.905	
254	-19	16	4	1	-1	0	12	0.625	1.000	84	0.750	1.250	113	0.854	1.464	170	0.905	0.729	90	0.964	0.964	
255	-25	32	4	-1	-1	1	371	0.500	1.000	330	0.750	0.625	228	0.875	0.875	453	0.979	1.839	138	1.030	0.604	
256	-22	18	4	0	-1	0	465	0.375	1.375	81	0.625	0.780	352	0.750	0.905	83	0.750	0.625	90	0.809	2.082	
257	-14	21	4	-2	-1	7	235	0.375	1.000	383	0.375	0.375	320	0.479	1.500	186	0.750	0.905	140	0.809	1.339	
258	-29	19	4	1	-1	0	297	0.354	1.280	239	0.625	1.250	87	0.750	0.750	408	0.780	0.625	315	0.854	1.339	
259	-30	30	4	1	-1	0	167	0.625	0.875	401	0.655	0.655	414	0.875	1.125	276	0.979	1.464	78	0.979	1.229	
260	-27	27	4	1	1	0	80	0.125	0.125	8	0.375	0.375	33	0.500	0.875	215	0.964	0.964	439	1.000	1.000	
261	-16	29	4	-1	-2	3	273	0.625	0.625	157	0.625	0.750	359	0.655	0.655	99	0.729	1.604	116	0.750	0.750	
262	-31	14	4	-1	-2	2	156	0.500	1.125	450	0.780	0.750	121	0.905	0.854	305	0.979	1.589	498	1.000	0.375	
263	-14	28	4	-2	-1	6	234	0.750	0.625	273	0.875	0.780	127	0.979	1.714	99	1.000	1.250	251	1.059	1.354	
264	-29	30	4	-1	-1	4	167	0.500	0.500	414	0.625	0.625	29	0.750	0.750	44	0.854	1.589	56	0.875	0.905	
265	-26	15	4	-2	1	0	296	0.500	1.375	286	0.750	1.155	225	0.839	0.839	476	0.875	0.875	142	0.934	2.082	
266	-35	30	4	1	0	0	477	0.500	0.500	357	0.500	0.500	492	0.604	1.589	125	0.604	1.839	46	0.875	0.750	
267	-32	18	4	2	-1	0	249	0.250	0.250	436	0.729	1.714	446	0.750	0.625	410	0.750	0.750	314	0.854	1.604	
268	-33	18	4	-2	-1	1	114	0.625	1.375	76	0.625	0.875	124	0.684	1.464	339	0.750	0.655	218	0.750	0.750	
269	-27	23	4	-1	2	1	350	0.375	0.375	341	0.750	1.125	471	0.750	0.750	166	0.780	0.750	69	1.000	0.375	
270	-17	25	4	1	2	0	135	0.625	0.625	313	0.875	0.875	340	0.934	2.082	421	1.000	1.250	220	1.059	2.207	
271	-30	13	4	1	-1	0	466	0.625	0.625	156	0.750	0.750	496	0.780	0.625	402	1.125	0.655	262	1.155	0.729	
272	-25	34	4	1	2	0	420	0.250	0.250	94	0.375	0.375	96	0.625	1.250	185	0.655	0.655	302	0.750	0.750	
273	-15	29	4	-1	-2	3	157	0.479	1.375	52	0.559	1.589	261	0.625	0.625	234	0.750	0.625	359	0.964	0.964	
274	-27	16	4	0	-1	0	20	0.125	0.125	296	0.375	1.000	286	0.500	0.500	240	0.854	1.604	285	0.854	1.354	
275	-27	14	4	1	2	0	468	0.250	0.250	265	0.875	1.030	115	0.905	0.854	419	0.979	1.229	142	1.059	1.479	
276	-29	28	4	-2	-1	2	159	0.934	2.082	438	1.000	1.250	44	1.000	1.000	131	1.000	1.000	1	1.059	1.686	
277	-15	33	4	0	1	0	389	0.625	0.625	334	1.000	0.625	119	1.000	0.875	434	1.000	0.625	316	1.030	0.604	
278	-18	32	4	2	1	0	434	0.559	1.589	191	0.625	0.875	311	0.750	0.655	306	0.875	1.155	18	0.875	0.780	
279	-16	19	4	-2	-1	4	462	0.375	1.000	190	0.625	1.000	284	0.875	1.155	140	0.875	0.875	186	0.905	0.854	
280	-31	26	4	-2	1	0	1	0.125	0.125	283	0.250	0.250	226	0.375	0.375	214	0.625	0.625	159	0.750	1.155	
281	-35	33	4	-1	2	0	365	0.750	0.905	6	0.854	1.464	172	0.875	1.155	362	0.979	1.339	447	0.979	1.354	
282	-28	33	4	1	2	0	374	0.375	1.000	407	0.684	1.714	233	0.875	0.875	295	1.104	1.561	303	1.207	1.582	
283	-31	26	4	-2	-1	3	1	0.125	0.125	226	0.125	0.125	280	0.250	0.250	214	0.625	0.625	159	0.750	0.905	
284	-17	18	4	1	-1	0	202	0.780	0.625	0	0.875	1.125	12	0.964	0.964	333	0.979	1.464	399	1.000	1.000	
285	-29	14	4	-1	1	0	240	0.250	0.250	55	0.625	0.875	498	0.750	1.125	156	0.934	1.479	351	1.030	0.875	
286	-27	16	4	-1	0	2	296	0.500	0.500	274	0.500	0.500	351	0.604	1.839	20	0.625	0.625	242	0.979	1.589	
287	-19	21	4	-2	-1	8	310	0.250	0.250	223	0.375	1.250	247	0.625	0.625	348	0.875	1.030	431	0.905	0.625	
288	-33	29	4	-2	-1	1	492	0.375	0.375	130	0.500	1.375	125	0.625	0.625	92	0.875	1.030	253	0.875	0.780	
289	-26	24	4	-1	-1	0	219	0.530	0.530	15	0.625	0.625	69	0.750	0.625	173	0.750	1.125	231	0.964	0.964	
290	-35	24	4	1	2	0	216	0.625	0.625	176	0.729	1.464	40	0.875	0.750	153	0.875	0.875	64	0.964	0.964	
291	-21	32	4	2	1	0	366	0.500	1.375	424	0.500	1.125	382	0.559	1.589	120	0.625	0.625	321	0.625	0.625	
292	-24	24	4	-1	-1	0	39	0.479	1.280	230	0.875	0.875	69	0.979	1.839	143	1.038	2.104	178	1.155	0.979	
293	-30	19	4	-1	0	1	451	0.125	0.125	461	0.604	1.250	268	0.979	2.082	436	1.125	1.354	195	1.125	0.875	
294	-17	22	4	1	2	0	475	0.125	0.125	312	0.375	1.250	229	0.729	1.589	437	0.875	1.155	367	1.000	0.750	
295	-30	35	4	-1	2	1	373	0.875	1.479	324	1.000	0.500	374	1.214	1.184	392	1.250	0.875	411	1.375	1.375	
296	-27	15	4	-2	-1	2	286	0.500	0.500	351	0.625	1.375	285	0.684	1.464	240	0.684	1.714	498	0.934	2.082	
297	-28	18	4	1	0	0	242	0.500	0.500	239	0.500	0.500	30	1.104	1.625	274	1.104	1.589	318	1.184	1.582	
298	-32	26	4	1	-1	0	397	0.854	1.839	438	0.979	1.214	226	1.030	0.875	358	1.038	1.979	353	1.038	2.229	
299	-21	20	4	1	-1	0	256	0.854	1.339	106	0.875	1.125	400	0.875	1.030	17	1.000	0.780	223	1.000	1.000	
300	-23	13	4	-1	-1	1	134	0.125	0.125	430	0.875	1.250	482	1.000	1.000	419	1.000	1.000	489	1.000	1.030	
301	-22	30	4	1	0	0	101	0.604	1.839	120	0.750	0.905	398	0.750	0.750	491	0.905	0.729	442	0.979	1.625	
302	-24	34	4	-1	1	0	432	0.479	1.155	96	0.479	1.280	228	0.530	0.530	155	0.604	1.589	272	0.750	0.750	
303	-25	33	4	1	-1	0	185	0.500	1.375	255	0.500	1.375	94	0.625	0.625	363	0.625	0.625	420	0.750	0.750	
304	-21	15	4	1	-1	0	90	0.125	0.125	22	0.750	0.750	445	0.875	0.655	77	0.875	0.780	254	1.089	1.089	
305	-32	12	4	-2	-1	3	467	0.854	1.354	402	0.875	0.875	335	1.000	1.000	496	1.125	1.250	490	1.375	0.750	
306	-17	33	4	-1	1	2	326	0.604	1.530	395	0.964	0.964	177	0.979	1.714	203	1.000	1.125	277	1.000	1.000	
307	-29	21	4	0	-1	0	195	0.500	0.500	455	0.500	1.250	293	0.604	1.589	408	0.625	1.030	378	0.750	0.905	
308	-24	33	4	-1	-1	0	228	0.500	1.375	390	0.500	0.875	363	0.500	1.000	255	0.604	1.530	371	0.604	1.714	
309	-33	34	4	2	-1	15	447	0.625	0.625	427	0.750	0.750	152	0.875	1.125	329	1.000	1.000	45	1.009	1.000	
310	-19	21	4	-1	-2	2	287	0.250	0.250	247	0.500	0.875	65	0.625	0.625	223	0.625	1.250	400	0.729	1.714	
311	-17	31	4	1	1	0	18	0.125	0.125	278	0.655	0.655	119	0.729	1.714	464	0.934	1.339	251	0.964	0.964	
312	-17	23	4	-1	1	0	144	0.479	1.155	367	1.000	1.000	473	1.030	0.604	475	1.155	0.250	294	1.280	0.375	
313	-17	25	4	0	-1	2	144	0.604	1.375	473	0.625	0.780	109	0.809	1.832	270	0.875	0.875	421	0.905	0.729	
314	-31	16	4	-1	-2	12	450	0.479	1.280	478	0.604	1.280	76	0.839	0.839	436	0.905	0.854	218	0.964	0.964	
315	-27	20	4	1	0	0	198	0.375	0.375	394	0.750	0.905	456	0.854	2.125	474	0.875	1.464	408	0.875	0.750	
316	-14	32	4	0	1	0	183	0.375	0.375	151	0.625	0.625	334	0.750	0.625	277	0.875	1.030	137	0.979	2.082	
317	-23	34	4	1	0	0	396	0.125	0.125	454	0.375	1.125	211	0.500	0.500	123	0.625	1.030	10	0.854	2.125	
318	-25	19	4	-1	2	0	474	0.500	0.500	248	0.500	0.500	75	0.750	0.625	487	0.979	1.464	327	0.979	1.339	
319	-35	20	4	-1	0	1	36	0.250	0.250	368	0.750	0.750	339	0.780	0.780	323	1.000	1.089	50	1.104	1.589	
320	-15	20	4	-1	-2	2	194	0.375	0.375	279	0.604	1.500	186	0.625	0.625	140	0.750	1.250	209	0.750	0.655	
321	-21	32	4	0	-1	0	120	0.500	1.000	424	0.500	0.500	291	0.625	0.625	366	0.750	0.750	171	1.104	2.104	
322	-24	30	4	-2	1	0	250	0.125	0.125	171	0.375	0.375	110	0.500	0.500	403	0.750	1.250	330	0.750	1.155	
323	-36	22	4	-1	-1	2	246	0.375	0.375	50	0.750	0.750	11	0.875	0.875	319	1.089	1.000	212	1.125	1.155	
324	-30	34	4	-1	1	0	295	0.625	1.000	373	0.729	1.589	62	0.780	0.625	128	1.000	1.125	329	1.089	1.000	
325	-28	23	4	1	-1	0	350	0.500	1.375	307	0.854	1.339	269	0.875	1.125	15	0.979	1.214	173	1.000	1.000	
326	-18	34	4	-1	1	0	177	0.625	1.000	203	0.655	0.655	160	0.957	1.707	499	0.964	0.964	238	1.030	0.875	
327	-26	21	4	-2	-1	3	143	0.375	0.375	166	0.729	1.604	394	0.750	0.750	197	0.809	1.339	69	0.875	0.875	
328	-28	26	4	1	-2	0	231	0.500	1.375	34	0.729	1.375	219	0.750	0.905	341	0.854	1.589	129	0.875	1.405	
329	-32	33	4	0	1	0	62	0.375	0.375	152	0.729	1.714	233	0.750	0.750	128	0.875	1.125	37	0.875	1.000	
330	-25	31	4	-1	0	2	255	0.625	0.625	371	0.750	0.905	171	0.780	0.780	416	0.809	1.957	363	0.875	0.875	
331	-35	25	4	1	-2	0	153	0.375	1.250	205	0.750	0.750	66	0.750	0.750	89	0.854	1.589	91	0.875	1.030	
332	-17	14	4	2	1	0	336	0.125	0.125	48	0.750	0.750	3	0.875	1.030	117	1.184	1.811	84	1.250	1.089	
333	-18	16	4	-1	-2	13	12	0.500	0.500	254	0.750	0.750	48	0.750	1.155	41	0.979	1.280	415	0.979	1.229	
334	-15	32	4	2	1	0	119	0.250	0.250	183	0.500	1.125	389	0.625	0.625	316	0.625	0.750	464	0.875	0.875	
335	-33	13	4	2	1	0	402	0.729	1.604	496	0.729	1.464	467	0.875	0.625	478	0.979	1.354	262	1.104	1.354	
336	-17	14	4	1	0	0	332	0.125	0.125	3	0.625	0.905	48	0.625	0.625	415	0.854	1.280	117	1.207	1.686	
337	-35	15	4	1	-1	0	335	1.059	1.686	467	1.184	1.405	124	1.434	1.250	76	1.436	1.082	305	1.457	1.913	
338	-20	33	4	-2	1	1	237	0.500	0.500	160	0.750	0.905	177	0.780	0.750	428	0.875	0.875	10	0.875	0.875	
339	-34	19	4	-1	-1	4	114	0.604	1.530	42	0.604	1.714	97	0.625	0.625	268	0.655	0.655	368	0.750	0.750	
340	-16	28	4	0	1	0	220	0.125	0.125	388	0.250	1.250	103	0.375	1.125	157	0.500	0.500	311	0.854	1.875	
341	-27	24	4	2	-1	0	15	0.500	1.125	173	0.604	1.375	325	0.655	0.655	129	0.750	0.625	471	0.750	0.905	
342	-33	21	4	1	0	0	375	0.500	0.500	426	0.854	1.479	95	0.905	0.729	188	0.979	1.729	356	1.000	0.875	
343	-20	12	4	1	-2	0	43	0.375	0.375	24	0.500	0.500	224	0.875	0.500	469	1.500	1.104	429	1.729	1.354	
344	-15	34	4	2	-1	13	389	0.625	0.625	459	0.750	0.875	434	0.780	0.750	151	0.979	1.354	484	1.089	1.059	
345	-24	12	4	1	2	0	489	0.375	0.375	82	0.625	0.875	482	0.750	0.750	180	0.854	1.464	380	0.875	0.750	
346	-15	22	4	1	-2	0	235	0.375	1.250	107	0.625	0.625	383	0.750	1.155	72	0.750	0.905	109	0.875	0.500	
347	-33	15	4	1	2	0	417	0.125	0.125	108	0.625	0.625	478	0.875	0.750	249	1.059	1.957	121	1.082	1.582	
348	-20	22	4	-2	1	1	360	0.500	1.125	102	0.729	1.589	223	0.750	0.625	385	0.854	1.589	98	1.000	0.750	
349	-27	12	4	1	-2	0	71	0.375	0.375	162	0.750	1.125	225	1.125	0.875	468	1.250	1.125	419	1.280	0.964	
350	-27	23	4	1	1	0	269	0.375	0.375	15	0.479	1.155	471	0.500	0.875	341	0.750	0.750	198	1.000	1.000	
351	-29	15	4	-1	-1	3	498	0.354	1.280	55	0.500	0.500	142	0.625	0.625	240	0.750	0.625	271	0.854	1.589	
352	-21	17	4	-1	-2	3	465	0.500	0.500	77	0.854	1.375	404	0.875	0.875	256	0.905	0.625	445	1.059	2.104	
353	-29	24	4	2	-1	0	358	0.250	0.250	79	0.625	0.625	350	0.684	1.464	60	0.875	1.125	145	0.875	0.875	
354	-14	23	4	1	2	0	460	0.375	1.250	443	0.500	0.500	217	0.625	0.750	229	0.875	0.500	393	1.104	1.250	
355	-30	33	4	-1	1	0	392	0.125	0.125	233	0.250	0.250	324	0.625	0.875	62	0.750	0.625	295	1.000	1.375	
356	-33	22	4	0	1	0	375	0.375	0.375	64	0.375	1.125	216	0.729	1.464	40	0.729	1.714	426	0.750	0.905	
357	-35	29	4	2	1	0	477	0.250	0.250	266	0.500	0.500	125	0.625	1.625	118	0.750	0.750	4	0.750	0.655	
358	-29	24	4	2	1	0	353	0.250	0.250	79	0.625	0.625	145	0.625	0.875	129	0.684	1.464	200	0.750	0.750	
359	-17	30	4	-1	-1	1	158	0.354	1.280	201	0.375	0.375	116	0.500	1.375	207	0.750	1.125	395	0.875	0.905	
360	-21	22	4	-1	-2	11	59	0.500	0.500	102	0.604	1.500	310	0.839	0.839	98	0.875	0.875	385	0.979	1.280	
361	-18	29	4	1	2	0	207	0.375	1.250	23	0.375	1.000	158	0.625	0.625	116	0.625	1.250	311	0.729	1.714	
362	-36	35	4	-2	-1	3	6	0.125	0.125	150	0.625	0.625	222	1.000	0.780	364	1.000	1.030	172	1.000	0.625	
363	-25	33	4	-2	-1	3	228	0.375	0.375	371	0.479	1.280	303	0.625	0.625	390	0.655	0.655	255	0.750	0.750	
364	-35	34	4	1	-2	0	222	0.250	0.250	427	0.729	1.464	111	0.750	0.750	281	1.000	1.000	93	1.030	0.604	
365	-36	34	4	1	1	2	172	0.250	0.250	111	0.354	1.280	364	0.625	1.250	222	0.875	1.125	281	0.905	0.729	
366	-20	32	4	2	-1	14	424	0.250	0.250	10	0.500	0.500	191	0.729	1.604	321	0.750	0.750	120	0.780	0.750	
367	-17	21	4	-1	0	1	65	0.375	1.000	431	0.625	1.030	294	0.750	1.000	475	0.875	0.875	72	0.875	0.750	
368	-35	19	4	-1	-2	13	114	0.375	1.000	42	0.604	1.500	319	0.750	0.750	339	0.750	0.625	386	0.875	1.125	
369	-35	18	4	0	1	0	139	0.125	0.125	386	0.250	0.250	368	0.875	1.125	168	0.875	1.339	36	0.979	1.500	
370	-15	18	4	0	1	0	193	0.604	1.589	88	0.625	1.280	140	0.729	1.714	423	0.750	0.750	367	0.957	1.854	
371	-26	32	4	-2	-1	0	387	0.684	1.464	210	0.750	0.875	453	0.750	1.155	78	0.809	1.339	228	0.905	0.854	
372	-25	14	4	1	1	0	149	0.750	0.750	174	0.979	1.125	265	1.000	1.155	74	1.000	1.125	412	1.038	2.104	
373	-32	35	4	-1	-1	3	152	0.625	1.250	427	0.854	1.589	309	0.854	1.155	222	1.104	1.839	447	1.125	0.875	
374	-28	34	4	1	1	0	407	0.479	1.280	411	0.625	0.625	243	0.875	1.125	420	1.038	1.750	409	1.250	0.750	
375	-33	22	4	2	1	0	356	0.375	0.375	342	0.500	0.500	418	0.729	1.375	64	0.750	0.750	188	0.854	1.589	
376	-24	29	4	-1	-1	0	110	0.250	0.250	252	0.354	1.280	232	0.625	0.625	322	0.750	0.750	206	0.750	0.750	
377	-20	25	4	1	-2	0	485	0.625	0.750	213	0.750	0.655	440	0.854	1.280	98	0.934	2.082	384	0.934	2.082	
378	-28	20	4	-2	-1	4	408	0.375	0.375	197	0.500	0.500	455	0.500	0.875	451	0.559	1.589	293	0.684	1.714	
379	-25	27	4	-1	-1	1	481	0.354	1.405	470	0.479	1.405	58	0.500	0.500	252	0.625	0.625	231	1.038	2.229	
380	-23	12	4	-2	1	3	489	0.375	1.000	134	0.625	0.625	482	0.625	0.625	430	0.684	1.464	469	0.750	0.750	
381	-30	32	4	0	-1	1	179	0.250	1.250	175	0.500	0.500	264	0.875	1.339	401	0.979	1.750	413	0.979	1.811	
382	-19	33	4	2	-1	14	191	0.500	1.125	366	0.780	0.750	278	0.875	1.030	428	0.979	1.229	126	1.000	1.000	
383	-14	21	4	0	-1	0	257	0.375	0.375	320	0.625	1.155	194	0.625	0.780	72	0.750	0.750	235	0.750	0.625	
384	-19	22	4	1	-1	0	98	0.250	0.250	65	0.604	1.155	287	0.625	1.250	310	0.625	1.250	17	0.780	0.625	
385	-22	23	4	-1	2	1	104	0.625	0.625	480	0.780	0.750	292	0.854	1.479	213	0.875	1.125	178	1.059	1.354	
386	-35	18	4	1	1	0	139	0.125	0.125	369	0.250	0.250	196	0.604	1.714	168	0.854	1.589	114	1.000	1.000	
387	-28	31	4	-1	1	0	78	0.125	0.125	409	0.500	1.375	29	0.625	1.000	416	0.625	0.875	414	0.655	0.655	
388	-16	29	4	1	2	0	103	0.125	0.125	251	0.479	1.280	464	0.479	1.375	261	1.000	1.000	311	1.000	1.214	
389	-15	33	4	2	-1	0	119	0.625	0.625	334	0.625	0.625	344	0.625	0.625	183	0.875	1.030	277	1.000	0.625	
390	-24	32	4	-1	-1	0	330	0.354	1.280	406	0.625	1.250	255	0.625	0.875	136	0.854	1.589	403	0.875	1.125	
391	-31	31	4	1	1	0	244	0.125	0.125	175	0.354	1.280	355	0.854	1.589	233	0.854	1.839	329	0.854	1.339	
392	-30	33	4	-2	1	1	355	0.125	0.125	233	0.375	0.375	62	0.625	0.750	324	0.750	0.750	9	0.875	0.875	
393	-14	25	4	2	1	0	217	0.500	0.500	441	1.030	0.729	460	1.250	0.625	435	1.250	1.089	354	1.250	0.750	
394	-26	21	4	2	-1	0	143	0.375	0.375	327	0.750	0.750	315	0.905	0.625	456	1.059	1.686	463	1.184	1.582	
395	-18	31	4	-2	1	1	278	0.750	1.250	158	0.875	0.875	359	0.905	0.854	306	0.964	0.964	311	1.000	1.000	
396	-23	34	4	2	-1	12	317	0.125	0.125	211	0.375	0.375	454	0.500	1.250	425	0.854	1.714	123	1.000	0.905	
397	-31	24	4	0	-1	0	141	0.375	1.375	199	0.604	1.839	2	0.625	0.625	418	0.854	2.125	68	0.875	0.875	
398	-22	28	4	1	0	0	301	0.750	0.750	25	0.854	1.875	101	0.875	1.339	442	0.979	1.686	241	0.979	1.625	
399	-17	17	4	-1	1	0	0	0.125	0.125	333	0.854	1.155	41	0.884	1.125	84	0.905	0.729	400	1.163	1.854	
400	-20	19	4	-1	-1	1	106	0.625	1.250	422	0.875	1.125	352	0.979	1.714	63	0.979	1.464	479	1.000	1.155	
401	-31	29	4	2	-1	0	259	0.750	0.655	215	0.809	1.339	131	0.875	1.030	44	0.934	2.082	159	0.979	1.229	
402	-31	12	4	1	-2	0	496	0.375	0.375	271	0.655	0.655	305	0.875	0.875	466	1.280	0.964	285	1.354	1.104	
403	-24	31	4	2	1	0	406	0.500	0.500	491	0.500	1.125	138	0.625	0.625	228	0.979	1.464	255	1.125	0.979	
404	-21	16	4	-2	1	0	22	0.500	0.500	31	0.729	1.589	352	0.875	0.750	304	0.875	1.125	90	1.000	1.125	
405	-35	26	4	-1	-2	4	331	0.500	1.375	205	0.750	0.655	497	0.750	0.750	66	0.875	1.155	163	1.000	0.500	
406	-24	31	4	1	-2	0	171	0.375	1.250	403	0.500	0.500	376	0.625	1.625	491	0.625	1.125	206	0.729	1.589	
407	-27	35	4	0	1	0	155	0.625	0.625	96	0.750	0.750	452	0.875	0.750	243	0.875	1.000	411	0.875	0.500	
408	-28	20	4	0	-1	0	378	0.375	0.375	455	0.500	0.500	258	0.625	0.780	487	0.875	1.339	315	0.875	0.875	
409	-28	32	4	1	1	0	282	0.500	1.000	416	0.500	0.500	155	1.038	1.854	146	1.059	1.214	324	1.104	1.561	
410	-32	19	4	1	1	0	461	0.479	1.280	446	0.500	0.500	35	0.625	0.625	267	0.750	0.750	258	0.957	1.707	
411	-28	35	4	1	0	0	374	0.625	0.625	94	0.854	2.125	407	0.979	0.875	420	0.979	2.000	272	0.979	1.750	
412	-23	17	4	1	0	0	81	0.250	0.250	83	0.500	0.500	122	0.625	1.030	444	0.750	0.625	77	0.854	2.125	
413	-28	30	4	1	-1	0	439	0.354	1.280	264	0.875	0.875	146	0.979	1.464	276	0.979	1.479	259	1.250	0.750	
414	-29	30	4	-1	2	0	457	0.479	1.280	29	0.500	0.875	56	0.604	1.500	264	0.625	0.625	387	0.750	0.655	
415	-16	15	4	1	1	0	3	0.375	0.375	117	0.604	1.405	399	0.854	1.589	84	0.964	0.964	0	0.979	1.479	
416	-28	32	4	-1	1	0	409	0.500	0.500	282	0.750	1.250	295	0.913	2.229	457	0.964	0.964	392	0.979	1.714	
417	-33	15	4	0	1	0	347	0.125	0.125	108	0.500	0.500	478	0.750	0.625	249	0.809	1.832	267	1.059	1.582	
418	-32	21	4	0	-1	0	16	0.875	1.125	195	0.875	0.875	35	0.979	1.625	168	1.104	1.354	97	1.104	1.589	
419	-25	13	4	0	-1	0	74	0.125	0.125	430	0.250	0.250	82	0.750	1.000	482	0.854	1.354	476	0.875	0.875	
420	-25	34	4	2	1	0	94	0.125	0.125	272	0.250	0.250	185	0.750	0.655	303	0.750	0.750	302	0.875	1.000	
421	-16	26	4	1	-2	0	164	0.250	0.250	127	0.500	0.500	473	0.625	1.625	313	0.750	0.905	208	0.750	0.905	
422	-20	18	4	2	1	0	479	0.500	1.375	77	0.875	0.875	190	1.184	1.832	63	1.229	1.479	193	1.288	2.186	
423	-15	18	4	1	-1	0	88	1.000	1.030	7	1.000	1.375	209	1.030	0.604	53	1.125	1.125	0	1.229	1.229	
424	-20	32	4	1	-2	0	366	0.250	0.250	321	0.500	0.500	10	0.750	0.750	428	1.104	1.000	291	1.125	0.500	
425	-21	35	4	1	1	0	221	0.375	0.375	245	0.625	1.000	160	1.000	1.000	382	1.229	1.436	237	1.280	0.750	
426	-32	23	4	-1	2	0	188	0.625	0.625	40	0.729	1.589	64	0.750	0.750	68	0.875	1.030	356	0.905	0.625	
427	-33	33	4	1	-1	0	329	0.750	1.125	45	0.750	0.750	37	1.000	1.375	179	1.038	2.229	233	1.082	1.457	
428	-20	31	4	-1	0	0	424	1.000	0.625	101	1.125	1.354	203	1.214	1.214	136	1.229	1.457	366	1.250	0.875	
429	-21	14	4	0	1	0	31	0.934	1.479	22	0.979	0.875	300	1.104	1.354	134	1.229	1.464	445	1.250	0.875	
430	-25	13	4	-1	-1	1	74	0.125	0.125	419	0.250	0.250	71	0.604	1.589	476	0.625	1.125	26	0.750	0.625	
431	-18	20	4	-1	0	0	247	0.500	1.250	400	0.604	1.839	65	0.750	0.625	287	0.750	0.905	310	0.750	0.905	
432	-25	35	4	-2	-1	13	112	0.250	0.250	155	0.375	1.250	96	0.625	0.625	452	0.684	1.714	54	0.875	0.625	
433	-24	28	4	2	1	0	5	0.604	1.375	232	0.750	1.125	110	0.875	1.125	58	0.905	0.854	398	1.104	1.625	
434	-16	33	4	2	-1	13	119	0.479	1.280	389	0.500	1.125	183	0.559	1.589	277	0.625	1.000	334	0.875	1.030	
435	-15	27	4	1	2	0	99	0.500	0.500	157	0.729	1.375	340	0.750	0.905	220	0.875	0.780	103	1.000	1.214	
436	-30	17	4	1	-1	0	351	0.854	1.589	242	0.854	1.354	297	0.854	1.339	87	0.875	0.905	478	1.104	1.229	
437	-16	23	4	1	-1	0	346	0.354	1.405	229	0.625	1.250	107	0.625	1.250	109	0.750	0.750	235	0.854	1.589	
438	-30	27	4	2	-1	0	131	0.625	0.625	328	0.854	1.589	215	0.875	1.280	44	1.000	1.214	231	1.059	1.604	
439	-27	29	4	1	0	0	44	0.780	0.780	80	0.875	0.875	433	0.979	2.000	379	0.979	1.354	33	1.000	1.089	
440	-21	24	4	-2	-1	5	70	0.625	1.250	213	0.625	0.625	385	0.875	1.030	59	0.979	1.714	49	1.000	1.250	
441	-15	24	4	2	-1	0	217	0.375	1.250	443	0.479	1.280	229	0.625	0.625	437	0.655	0.655	109	0.839	0.839	
442	-20	30	4	2	1	0	291	0.839	0.839	428	0.875	1.125	311	0.934	2.082	147	0.979	1.229	101	1.000	0.750	
443	-14	23	4	2	-1	0	354	0.500	0.500	217	0.500	0.500	235	1.229	1.464	393	1.259	1.000	441	1.280	0.479	
444	-23	16	4	1	-1	0	31	0.625	1.250	412	0.625	0.625	122	0.750	1.125	465	0.780	0.625	445	0.979	1.714	
445	-22	14	4	1	-2	0	304	0.655	0.655	300	0.750	1.155	90	0.780	0.750	429	0.875	1.125	180	1.000	1.125	
446	-32	19	4	1	-1	0	35	0.125	0.125	410	0.500	0.500	249	0.750	0.750	267	0.750	0.750	218	0.854	1.589	
447	-33	35	4	2	-1	11	309	0.625	0.625	152	0.750	0.750	373	0.875	1.000	364	1.089	1.059	295	1.163	1.750	
448	-30	23	4	1	-2	0	141	0.500	0.500	307	0.684	1.714	495	0.750	1.155	60	1.000	0.625	455	1.059	1.957	
449	-37	15	4	-1	-1	2	169	1.155	0.729	337	1.375	1.250	124	1.561	1.207	100	1.811	0.854	42	2.039	1.229	
450	-32	15	4	-1	-2	1	478	0.500	0.500	156	1.000	1.339	335	1.059	1.354	271	1.229	1.686	417	1.250	1.125	
451	-30	19	4	-2	1	0	293	0.125	0.125	461	0.604	1.375	16	0.979	1.479	197	1.089	1.059	258	1.125	1.000	
452	-27	34	4	-1	0	3	243	0.750	0.905	155	0.780	0.780	295	0.809	1.979	355	0.854	1.875	407	0.875	0.875	
453	-27	31	4	-1	0	0	387	0.375	1.125	78	0.500	1.000	264	0.604	1.839	416	0.625	1.280	282	0.854	1.479	
454	-22	34	4	1	1	0	221	0.479	1.155	425	0.479	1.530	123	0.625	0.625	86	0.750	0.750	10	0.854	1.339	
455	-29	20	4	-1	-2	2	258	0.375	1.250	293	0.479	1.375	408	0.500	0.500	451	0.604	1.280	195	0.780	0.750	
456	-24	19	4	1	0	0	248	0.500	0.500	256	0.604	1.589	463	0.604	1.250	75	0.750	0.750	181	0.750	0.750	
457	-30	31	4	-1	2	0	56	0.250	0.250	175	0.625	1.000	355	0.625	1.375	62	0.684	1.714	391	0.750	0.750	
458	-26	17	4	-1	0	0	189	0.500	0.500	286	0.625	1.030	487	0.625	0.780	274	0.729	1.250	472	0.750	0.750	
459	-14	34	4	-1	-2	18	119	0.809	1.339	344	0.875	0.750	389	0.875	1.030	137	0.979	1.280	334	1.059	1.354	
460	-14	24	4	-1	1	0	393	0.625	1.250	217	0.750	0.750	208	0.875	1.030	346	1.104	1.229	229	1.155	0.729	
461	-31	20	4	0	1	1	16	0.375	1.125	356	0.979	1.561	426	0.979	2.082	61	1.104	1.375	199	1.229	1.354	
462	-17	19	4	-1	-1	2	284	0.500	1.375	247	0.979	1.214	170	0.979	1.714	367	1.000	1.000	431	1.000	0.780	
463	-23	20	4	0	1	0	236	0.375	0.375	28	0.604	1.375	38	0.729	1.250	63	0.750	0.625	75	0.780	0.780	
464	-15	30	4	1	0	0	251	0.375	0.375	119	0.875	0.875	316	0.979	1.589	273	1.125	1.000	263	1.229	1.229	
465	-22	17	4	0	-1	0	352	0.500	0.500	81	0.625	0.625	444	0.625	0.780	31	0.729	1.714	57	0.875	0.875	
466	-29	13	4	0	-1	0	271	0.625	0.625	240	0.875	0.750	262	0.964	0.964	71	1.000	1.089	285	1.125	1.000	
467	-34	13	4	1	2	0	108	0.934	1.375	417	1.000	1.714	402	1.184	1.604	449	1.229	2.184	496	1.309	1.839	
468	-27	14	4	2	1	0	275	0.250	0.250	162	0.839	0.839	265	1.000	1.250	296	1.000	1.000	30	1.163	1.979	
469	-22	12	4	0	1	0	180	0.604	1.839	482	0.625	0.625	345	0.875	0.875	380	0.875	0.750	174	0.957	1.854	
470	-26	26	4	-2	-1	4	481	0.250	0.250	231	0.854	1.589	129	0.875	1.155	260	0.875	1.125	34	0.934	2.082	
471	-26	23	4	1	1	0	15	0.750	0.750	173	0.750	0.750	269	0.750	0.750	154	0.780	0.625	341	0.905	0.729	
472	-26	19	4	-1	0	0	189	0.500	0.500	133	0.604	1.589	197	0.729	1.714	487	0.729	1.280	458	0.750	0.750	
473	-16	24	4	-1	-1	0	437	0.500	1.375	313	0.780	0.625	346	0.979	1.464	270	1.000	1.125	107	1.000	1.375	
474	-25	19	4	2	1	0	456	0.375	1.250	318	0.500	0.500	248	0.625	0.750	83	0.729	1.589	75	0.875	1.000	
475	-17	22	4	0	1	0	294	0.125	0.125	312	0.250	1.125	135	0.809	2.082	367	0.875	0.750	109	1.000	1.000	
476	-26	13	4	-1	0	1	225	0.250	1.250	275	0.729	1.375	349	0.750	1.375	26	1.030	0.604	296	1.125	0.964	
477	-35	29	4	2	-1	0	357	0.250	0.250	266	0.500	0.500	125	0.625	1.375	4	0.750	0.905	187	0.875	0.750	
478	-32	15	4	-2	1	0	108	0.375	1.250	450	0.500	0.500	417	0.625	0.750	347	0.750	0.875	436	1.229	1.104	
479	-19	18	4	2	-1	0	284	0.625	1.375	202	0.750	1.155	190	0.854	1.479	333	0.854	1.604	254	1.000	1.125	
480	-23	22	4	-1	2	0	184	0.750	0.750	385	0.875	0.780	28	1.000	0.780	14	1.000	0.625	154	1.009	0.875	
481	-26	26	4	-1	-2	5	470	0.250	0.250	289	0.625	1.375	129	0.750	0.905	341	0.809	1.339	219	0.875	1.405	
482	-23	12	4	1	1	0	380	0.625	0.625	82	0.655	0.655	469	0.750	0.625	345	0.750	0.625	372	1.061	1.061	
483	-32	30	4	2	-1	13	401	0.479	1.280	259	0.625	1.375	125	0.655	0.655	244	0.875	1.030	492	1.000	0.905	
484	-16	36	4	2	1	1	494	0.250	0.250	499	1.250	1.125	27	1.354	1.354	326	1.479	1.104	183	1.677	1.677	
485	-20	24	4	1	0	0	493	0.729	1.375	377	0.750	0.625	32	0.750	0.625	70	0.780	0.780	270	0.934	1.832	
486	-33	29	4	1	1	0	483	0.479	1.155	125	0.500	0.500	492	0.750	0.750	92	1.000	1.155	130	1.000	1.000	
487	-27	18	4	-1	-1	3	242	0.750	1.125	133	0.750	1.125	458	0.780	0.625	378	0.964	0.964	13	1.000	1.155	
488	-19	26	4	-1	1	1	19	0.479	1.155	25	0.500	1.375	377	0.979	1.125	144	1.214	0.979	270	1.214	0.979	
489	-24	12	4	-1	1	0	345	0.375	0.375	476	0.729	1.839	82	0.750	1.250	26	0.750	1.125	430	0.875	1.030	
490	-31	12	4	0	1	0	496	0.500	0.500	402	0.875	0.875	108	0.957	1.854	478	1.104	1.832	305	1.125	1.000	
491	-23	31	4	2	1	0	301	0.750	0.905	321	0.934	1.375	185	0.964	0.964	192	1.000	0.905	136	1.000	0.750	
492	-33	29	4	0	-1	0	125	0.250	0.250	288	0.375	0.375	486	0.750	0.750	130	0.750	1.000	253	0.905	0.729	
493	-19	25	4	-1	2	1	488	0.375	1.000	19	0.979	1.339	440	1.104	1.339	270	1.259	1.000	144	1.280	0.729	
494	-16	36	4	2	-1	1	484	0.250	0.250	27	0.979	1.604	459	1.104	1.604	137	1.125	1.104	499	1.125	1.125	
495	-29	22	4	0	-1	0	307	0.375	1.375	195	0.625	1.155	325	0.780	0.780	408	0.875	1.589	60	0.875	0.750	
496	-31	12	4	1	0	0	402	0.375	0.375	490	0.500	0.500	271	0.750	0.780	156	1.000	0.625	285	1.104	1.354	
497	-36	26	4	1	-1	0	331	0.354	1.405	66	0.604	1.589	51	0.750	0.750	176	0.750	0.750	405	0.750	0.750	
498	-30	14	4	-1	0	2	262	0.375	1.000	156	0.604	1.375	55	0.780	0.780	271	0.875	1.125	402	0.979	1.479	
499	-17	36	4	-2	1	3	238	1.000	1.155	326	1.125	0.964	177	1.184	1.311	160	1.457	2.186	126	1.530	1.104	
