# states in shortest path from s to t
12

# shortest path from s to t
-11	-1	4	-1	0
-12	-1	4	-1	0
-13	-1	4	-1	0
-14	-1	4	-1	0
-15	-1	4	-1	0
-16	-1	4	-1	0
-17	-1	4	-1	0
-18	-1	4	-1	0
-19	-1	4	-1	0
-20	-1	4	-1	0
-21	-1	4	-2	1
-23	0	4	-1	0

# cost of shortest path
3.059

# Line i represents a sample taken at time i. The sample corresponds to a discrete state.
# Line Format: [sample ID] [x] [y] [z] [x-component of yaw] [y-component of yaw] [U: marginal coverage]
#              [sample ID of nearest neighbor 1] [shortest path cost to nearest neighbor 1] [shortest path cost from nearest neighbor 1]
#              ...
#              [sample ID of nearest neighbor k] [shortest path cost to nearest neighbor k] [shortest path cost from nearest neighbor k]
0	-9	2	4	-1	1	56	320	0.125	0.125	383	0.354	1.280	349	0.500	0.500	234	0.500	0.500	265	0.625	1.250	
1	-13	3	4	-1	-1	130	209	0.250	0.250	476	0.375	0.375	295	0.500	1.000	113	0.500	0.875	96	0.604	1.714	
2	-3	-2	4	-1	2	52	59	0.125	0.125	364	0.375	0.375	45	0.375	1.250	214	0.479	1.280	456	0.500	1.125	
3	-16	1	4	-1	2	33	109	0.500	0.500	479	0.625	0.750	386	0.729	1.589	181	0.750	1.250	164	0.839	0.839	
4	-20	-2	4	-2	-1	30	115	0.500	0.500	272	0.625	0.625	304	0.625	0.750	435	0.729	1.604	262	0.750	1.000	
5	-10	-3	4	0	1	9	252	0.375	1.375	139	0.375	0.375	76	0.625	0.625	184	0.625	1.280	490	0.750	0.750	
6	-9	0	4	1	-2	136	378	0.500	0.500	393	0.604	1.500	298	0.625	1.625	315	0.750	0.905	146	0.750	1.000	
7	-1	-4	4	-2	-1	35	82	0.125	0.125	395	0.500	0.500	70	0.500	0.500	299	0.500	0.500	245	0.500	1.125	
8	-22	0	4	1	-1	19	124	0.500	1.375	66	0.625	0.625	110	0.625	0.625	173	0.750	0.750	236	0.750	0.750	
9	-3	-5	4	1	-1	14	307	0.375	0.375	52	0.625	0.625	331	0.750	0.750	223	0.875	0.780	65	0.905	0.729	
10	-20	2	4	-1	-1	21	480	0.479	1.530	447	0.604	1.405	282	0.625	1.250	186	0.625	1.250	144	0.750	0.750	
11	-4	-1	4	1	0	43	456	0.250	1.250	40	0.250	0.250	106	0.375	0.375	372	0.375	1.000	363	0.375	0.375	
12	-13	-1	4	2	1	17	434	0.625	0.625	402	0.625	0.750	309	0.684	1.464	77	0.729	1.604	491	0.750	0.655	
13	-24	-2	4	2	-1	11	460	0.125	0.125	153	0.375	0.375	493	0.479	1.500	53	0.625	0.625	72	0.625	0.625	
14	-19	-1	4	2	1	16	446	0.125	0.125	432	0.125	0.125	310	0.500	0.500	118	0.559	1.589	316	0.625	0.625	
15	-17	1	4	-2	-1	23	181	0.250	0.250	182	0.500	0.500	195	0.625	0.625	204	0.625	0.625	414	0.625	0.625	
16	-19	0	4	1	-2	2	310	0.375	0.375	482	0.500	1.375	280	0.625	0.625	177	0.625	0.625	446	0.625	0.750	
17	-3	-1	4	1	2	6	45	0.125	0.125	456	0.250	0.250	403	0.500	0.875	439	0.559	1.589	190	0.625	0.625	
18	-2	0	4	1	-2	24	210	0.604	1.280	374	0.625	0.625	269	0.625	0.625	413	0.750	0.875	23	0.809	1.339	
19	-22	2	4	-2	-1	14	356	0.125	0.125	215	0.250	0.250	499	0.479	1.500	466	0.625	1.250	84	0.625	0.750	
20	-21	1	4	2	1	6	241	0.125	0.125	350	0.375	0.375	417	0.375	1.000	332	0.500	0.500	38	0.500	1.125	
21	-13	-4	4	-1	0	52	451	0.125	0.125	422	0.250	0.250	464	0.625	0.625	29	0.750	0.625	397	0.750	0.750	
22	-20	0	4	-2	-1	5	294	0.250	0.250	148	0.375	1.250	115	0.500	0.500	319	0.500	1.125	50	0.625	0.625	
23	-1	-2	4	-2	-1	23	401	0.250	0.250	243	0.479	1.500	395	0.500	0.500	325	0.625	1.375	405	0.684	1.464	
24	-5	-3	4	-1	-1	3	174	0.479	1.280	147	0.500	0.500	71	0.530	0.530	459	0.604	1.714	412	0.625	1.125	
25	-2	2	4	-1	-2	12	168	0.125	0.125	55	0.250	0.250	289	0.375	0.375	492	0.375	1.250	250	0.500	1.125	
26	-22	-2	4	2	-1	10	387	0.479	1.500	274	0.500	1.375	362	0.559	1.589	304	0.625	0.750	173	0.625	0.625	
27	-14	-1	4	-1	-2	1	449	0.125	0.125	381	0.250	0.250	306	0.375	0.375	418	0.375	1.250	217	0.479	1.280	
28	-22	-3	4	1	2	24	46	0.125	0.125	274	0.604	1.500	205	0.625	1.625	26	0.750	0.875	461	0.750	0.750	
29	-13	-3	4	-1	-2	5	484	0.500	1.125	422	0.500	1.000	464	0.625	0.625	92	0.625	0.625	36	0.625	0.625	
30	-5	-5	4	-1	0	19	488	0.375	0.375	263	0.375	1.125	398	0.500	0.875	423	0.500	0.500	101	0.500	0.500	
31	-7	-3	4	-1	0	5	469	0.250	0.250	459	0.500	0.500	133	0.500	0.875	39	0.625	0.625	189	0.750	1.030	
32	-13	2	4	1	0	1	270	0.375	0.375	104	0.500	1.000	344	0.604	1.250	495	0.625	1.155	295	0.625	0.625	
33	-18	2	4	1	2	3	354	0.125	0.125	465	0.479	1.375	86	0.500	0.500	278	0.500	1.250	386	0.500	0.500	
34	-18	-3	4	-1	-1	3	128	0.479	1.155	407	0.500	0.875	444	0.625	0.625	179	0.625	0.625	382	0.625	0.750	
35	-19	2	4	1	2	0	86	0.125	0.125	399	0.479	1.155	87	0.500	0.875	354	0.500	0.500	134	0.625	1.125	
36	-14	-3	4	-1	-2	6	442	0.375	0.375	49	0.500	1.125	360	0.625	1.250	29	0.625	0.625	149	0.625	0.625	
37	-7	-4	4	2	-1	7	327	0.125	0.125	105	0.375	1.000	408	0.604	1.405	398	0.604	1.405	174	0.625	0.750	
38	-20	1	4	1	-2	0	16	0.479	1.280	310	0.479	1.375	50	0.500	0.500	22	0.500	1.125	482	0.559	1.589	
39	-7	-2	4	-1	-1	0	175	0.125	0.125	133	0.479	1.280	95	0.500	0.500	345	0.500	1.375	218	0.625	0.625	
40	-4	-1	4	1	-1	0	106	0.125	0.125	11	0.250	0.250	489	0.354	1.405	43	0.375	0.375	335	0.479	1.280	
41	-14	3	4	1	1	1	130	0.750	0.750	476	0.750	1.250	209	0.875	1.125	104	0.964	0.964	344	1.000	1.000	
42	-4	0	4	-2	-1	20	452	0.250	0.250	454	0.375	1.250	297	0.375	1.000	40	0.625	1.250	43	0.625	0.875	
43	-4	-1	4	-1	-2	3	111	0.125	0.125	106	0.250	0.250	40	0.375	0.375	293	0.375	1.250	363	0.625	1.000	
44	-14	1	4	0	-1	0	277	0.125	0.125	88	0.250	1.250	288	0.375	0.375	313	0.500	0.500	169	0.729	1.714	
45	-3	-1	4	0	1	0	17	0.125	0.125	456	0.375	0.375	403	0.500	1.000	214	0.500	0.500	190	0.500	0.500	
46	-22	-3	4	1	1	1	28	0.125	0.125	377	0.500	0.875	274	0.604	1.405	461	0.625	0.625	387	0.625	1.250	
47	-5	3	4	0	-1	3	336	0.375	1.000	226	0.375	0.375	340	0.604	1.250	427	0.625	0.780	253	0.625	1.280	
48	-21	-4	4	-1	2	7	305	0.375	0.375	62	0.500	0.500	377	0.500	1.250	285	0.500	0.500	410	0.604	1.280	
49	-14	-4	4	2	-1	0	397	0.375	1.250	484	0.500	1.125	188	0.729	1.464	442	0.750	0.625	375	0.875	1.280	
50	-20	1	4	-2	-1	3	480	0.375	1.000	319	0.479	1.280	447	0.500	1.125	332	0.500	1.125	38	0.500	0.500	
51	-6	2	4	1	0	1	359	0.125	0.125	427	0.250	0.250	235	0.625	0.625	249	0.729	1.375	338	0.780	0.780	
52	-4	-5	4	0	-1	15	199	0.125	0.125	307	0.500	0.500	488	0.604	1.250	9	0.625	0.625	268	0.625	1.030	
53	-24	-2	4	0	1	12	153	0.250	0.250	460	0.500	0.500	13	0.625	0.625	193	0.625	0.625	72	0.750	0.750	
54	-4	-1	4	-1	1	4	214	0.125	0.125	454	0.354	1.280	190	0.375	0.375	111	0.500	0.500	43	0.625	0.625	
55	-2	2	4	-2	-1	10	25	0.250	0.250	187	0.250	0.250	168	0.375	0.375	166	0.500	1.125	289	0.625	0.625	
56	-8	1	4	-1	-2	7	494	0.125	0.125	406	0.250	0.250	146	0.625	1.000	349	0.655	0.655	265	0.839	0.839	
57	-18	-2	4	1	-2	0	34	0.375	1.250	194	0.625	1.250	436	0.684	1.714	179	0.750	0.905	444	0.750	1.155	
58	-5	-3	4	1	0	7	129	0.125	0.125	196	0.250	1.250	73	0.375	1.000	448	0.625	1.030	201	0.625	0.625	
59	-3	-2	4	0	1	0	2	0.125	0.125	364	0.250	0.250	17	0.250	1.250	45	0.375	1.375	456	0.500	1.000	
60	-19	-4	4	2	1	0	284	0.125	0.125	328	0.500	0.875	455	0.500	1.125	255	0.625	0.625	62	0.750	0.750	
61	-8	2	4	-1	1	0	428	0.125	0.125	68	0.250	0.250	320	0.500	1.000	349	0.500	1.375	120	0.625	0.625	
62	-20	-4	4	0	1	0	362	0.500	1.000	48	0.500	0.500	284	0.625	0.625	377	0.625	0.780	255	0.729	1.375	
63	-6	-2	4	-1	0	5	311	0.250	0.250	39	0.250	1.125	71	0.250	0.250	175	0.375	1.000	412	0.375	0.375	
64	-7	0	4	1	-1	0	411	0.375	0.375	131	0.625	1.250	393	0.655	0.655	337	0.750	1.125	71	0.854	1.589	
65	-4	-6	4	2	1	6	207	0.729	1.714	9	0.750	0.905	140	0.875	0.875	199	0.875	0.750	121	0.875	0.875	
66	-22	0	4	1	2	1	176	0.375	1.125	241	0.479	1.405	350	0.479	1.155	308	0.500	1.000	20	0.604	1.500	
67	-24	-3	4	-2	1	2	326	0.125	0.125	281	0.500	0.500	193	0.625	0.625	72	0.750	0.750	153	0.750	1.250	
68	-8	2	4	0	1	0	61	0.250	0.250	346	0.375	1.000	428	0.375	0.375	230	0.625	0.625	0	0.625	0.625	
69	-12	3	4	1	-1	0	97	0.500	0.875	248	0.604	1.155	209	0.625	0.625	78	0.729	1.714	476	0.750	0.625	
70	-1	-4	4	1	-2	3	82	0.375	0.375	155	0.375	0.375	7	0.500	0.500	388	0.875	0.875	395	1.000	0.750	
71	-6	-2	4	-1	-1	0	218	0.250	0.250	63	0.250	0.250	31	0.354	1.280	311	0.500	0.500	24	0.530	0.530	
72	-24	-2	4	-1	-1	9	193	0.125	0.125	300	0.625	0.625	13	0.625	0.625	460	0.750	0.750	53	0.750	0.750	
73	-4	-3	4	1	-2	0	324	0.250	0.250	99	0.375	1.250	196	0.500	0.500	468	0.500	1.125	307	0.559	1.589	
74	-23	3	4	1	1	0	213	0.375	0.375	145	0.625	1.000	450	0.625	1.250	467	0.854	1.339	215	1.000	1.125	
75	-7	1	4	-1	0	1	463	0.125	0.125	56	0.375	1.000	68	0.604	1.250	228	0.625	0.625	61	0.625	1.280	
76	-9	-3	4	1	1	0	244	0.375	0.375	425	0.479	1.530	157	0.500	1.250	445	0.604	1.405	184	0.625	0.875	
77	-11	-2	4	1	-2	0	244	0.729	1.589	151	0.750	1.155	490	0.750	0.905	85	0.750	0.750	117	0.750	0.625	
78	-11	1	4	-1	-2	1	239	0.250	0.250	102	0.375	0.375	309	0.375	1.250	290	0.625	0.625	474	0.625	1.250	
79	-4	2	4	-2	1	4	419	0.250	0.250	498	0.250	0.250	336	0.500	1.375	160	0.559	1.589	249	0.604	1.500	
80	-16	2	4	2	-1	10	313	0.604	1.280	351	0.625	0.875	414	0.655	0.655	260	0.750	0.750	118	0.839	0.839	
81	-4	3	4	1	0	23	366	0.125	0.125	340	0.375	0.375	203	0.500	0.500	168	0.604	1.589	289	0.604	1.839	
82	-1	-4	4	-1	-1	1	7	0.125	0.125	70	0.375	0.375	299	0.625	0.625	395	0.625	0.625	245	0.625	1.250	
83	-13	-2	4	0	-1	0	150	0.125	0.125	473	0.250	0.250	29	0.500	1.250	188	0.604	1.250	117	0.625	0.625	
84	-23	2	4	0	-1	1	440	0.125	0.125	171	0.250	1.250	208	0.500	1.000	215	0.500	0.500	499	0.500	1.250	
85	-10	-2	4	-1	-1	0	231	0.250	0.250	490	0.500	0.875	275	0.500	1.375	358	0.655	0.655	252	0.750	0.750	
86	-19	2	4	0	1	1	35	0.125	0.125	354	0.375	0.375	134	0.375	1.000	87	0.500	1.000	33	0.500	0.500	
87	-19	3	4	2	1	0	462	0.500	1.125	119	0.625	1.000	399	0.625	0.750	430	0.625	1.625	134	0.750	0.750	
88	-14	0	4	1	-2	0	449	0.375	1.250	27	0.500	1.375	138	0.500	0.875	381	0.500	1.125	150	0.559	1.589	
89	-3	-3	4	1	1	27	2	0.500	1.250	405	0.500	0.500	191	0.500	1.375	158	0.530	0.530	302	0.604	1.405	
90	-12	-4	4	-1	-2	1	100	0.500	0.500	125	0.500	0.500	21	0.625	1.000	451	0.750	1.125	29	0.780	0.750	
91	-11	0	4	2	1	0	309	0.375	0.375	221	0.500	1.375	478	0.604	1.375	369	0.625	0.625	315	0.729	1.375	
92	-12	-3	4	-1	-2	5	90	0.375	1.125	21	0.479	1.375	422	0.479	1.405	451	0.604	1.280	464	0.625	1.250	
93	-15	-4	4	1	2	0	360	0.375	1.250	141	0.500	0.500	271	0.625	1.250	433	0.729	1.479	485	0.875	0.875	
94	-13	2	4	-2	1	3	197	0.375	0.375	295	0.500	0.500	251	0.500	0.875	431	0.655	0.655	113	0.750	0.905	
95	-7	-2	4	1	-1	0	429	0.354	1.280	175	0.375	0.375	267	0.500	0.500	345	0.500	0.875	39	0.500	0.500	
96	-15	2	4	-2	1	4	479	0.375	1.250	15	0.729	1.589	182	0.854	1.354	181	0.854	1.604	260	0.875	1.125	
97	-11	3	4	1	-1	0	248	0.500	1.250	265	0.604	1.155	234	0.729	1.589	290	0.729	1.714	394	0.750	1.250	
98	-16	-1	4	0	1	0	163	0.375	0.375	481	0.375	1.375	396	0.375	0.375	152	0.500	0.500	204	0.604	1.375	
99	-4	-4	4	0	-1	0	52	0.250	1.375	468	0.375	0.375	199	0.375	1.250	458	0.500	0.500	268	0.604	1.589	
100	-12	-4	4	-2	1	8	422	0.375	1.250	21	0.375	1.250	90	0.500	0.500	451	0.500	1.125	36	0.809	1.339	
101	-5	-6	4	-2	-1	11	488	0.125	0.125	268	0.375	0.375	487	0.500	0.500	30	0.500	0.500	140	0.500	0.500	
102	-11	1	4	-1	0	0	161	0.250	1.125	78	0.375	0.375	339	0.375	0.375	474	0.375	1.125	394	0.500	0.500	
103	-18	3	4	-2	1	1	278	0.125	0.125	399	0.375	0.375	379	0.375	1.250	134	0.500	1.125	386	0.625	0.625	
104	-12	2	4	1	2	0	254	0.500	0.500	431	0.500	1.250	344	0.625	1.250	495	0.875	0.875	94	0.875	0.875	
105	-6	-4	4	1	-1	0	174	0.250	0.250	216	0.500	1.375	429	0.625	0.625	487	0.729	1.714	415	0.750	1.125	
106	-4	-1	4	1	-2	0	40	0.125	0.125	43	0.250	0.250	111	0.375	0.375	11	0.375	0.375	293	0.375	1.000	
107	-15	-2	4	2	-1	13	418	0.375	1.000	217	0.500	0.500	443	0.625	0.625	12	0.729	1.589	375	0.809	1.339	
108	-9	-3	4	0	-1	0	244	0.375	0.375	133	0.375	0.375	151	0.375	0.375	490	0.625	0.625	275	0.625	0.625	
109	-15	1	4	0	1	0	96	0.375	1.000	180	0.375	0.375	3	0.500	0.500	479	0.604	1.250	41	0.729	1.839	
110	-23	0	4	0	-1	0	236	0.125	0.125	72	0.604	1.839	8	0.625	0.625	173	0.729	1.375	26	0.729	1.714	
111	-4	-1	4	-1	-1	0	43	0.125	0.125	106	0.375	0.375	54	0.500	0.500	293	0.500	1.375	40	0.500	0.500	
112	-10	2	4	-2	-1	2	265	0.250	0.250	102	0.479	1.155	248	0.500	0.875	394	0.500	1.125	383	0.500	0.500	
113	-14	3	4	-1	-1	0	130	0.250	0.250	96	0.479	1.155	197	0.530	0.530	209	0.625	0.625	479	0.729	1.839	
114	-3	3	4	-1	0	10	257	0.250	0.250	392	0.375	0.375	166	0.500	0.500	185	0.500	0.500	498	0.625	1.155	
115	-20	-1	4	-1	0	2	279	0.375	0.375	4	0.500	0.500	294	0.500	0.500	22	0.500	0.500	148	0.625	1.280	
116	-22	1	4	1	-2	1	466	0.125	0.125	8	0.500	1.000	499	0.625	0.625	171	0.625	0.625	308	0.625	0.625	
117	-12	-2	4	1	-1	0	357	0.479	1.155	491	0.500	0.500	188	0.625	0.625	92	0.625	1.250	83	0.625	0.625	
118	-17	0	4	2	-1	11	334	0.500	1.125	457	0.604	1.375	481	0.625	1.000	414	0.750	0.625	195	0.750	0.750	
119	-18	3	4	0	-1	0	462	0.125	0.125	453	0.500	0.500	430	0.625	0.625	103	0.625	0.625	437	0.750	0.905	
120	-8	2	4	-1	-2	6	494	0.375	1.250	56	0.500	1.125	428	0.500	0.500	406	0.500	1.375	6	0.559	1.589	
121	-4	-6	4	-1	0	9	488	0.375	1.375	140	0.500	1.000	101	0.500	1.250	263	0.729	1.839	143	0.729	1.375	
122	-2	3	4	-1	-2	6	392	0.479	1.375	55	0.500	0.875	25	0.500	1.125	261	0.500	0.500	264	0.500	0.500	
123	-4	-2	4	-1	1	3	355	0.479	1.280	214	0.500	1.000	158	0.500	0.500	147	0.530	0.530	385	0.604	1.155	
124	-21	0	4	1	1	0	148	0.500	0.500	308	0.530	0.530	417	0.604	1.530	241	0.625	0.875	332	0.625	1.250	
125	-11	-4	4	0	-1	0	225	0.500	0.500	90	0.500	0.500	100	0.750	1.000	275	0.780	0.780	92	0.905	0.729	
126	-9	2	4	1	-2	0	349	0.375	0.375	406	0.479	1.280	265	0.625	0.625	120	0.625	0.625	234	0.625	0.625	
127	-3	1	4	-2	-1	16	452	0.479	1.500	42	0.479	1.280	392	0.500	0.500	496	0.625	1.000	166	0.625	0.625	
128	-19	-4	4	-2	1	0	62	0.625	0.750	284	0.625	0.625	48	0.750	1.250	60	0.750	0.750	470	0.875	0.905	
129	-5	-3	4	2	-1	0	58	0.125	0.125	73	0.500	0.875	196	0.500	1.375	99	0.604	1.375	24	0.625	0.625	
130	-14	3	4	-1	0	2	113	0.250	0.250	479	0.604	1.589	41	0.750	0.750	251	0.750	0.625	96	0.750	0.905	
131	-7	-1	4	-1	-2	0	39	0.375	1.000	95	0.375	1.250	175	0.500	1.125	276	0.500	0.500	133	0.684	1.714	
132	-10	-1	4	1	0	0	303	0.500	0.500	221	0.500	0.500	315	0.500	0.500	184	0.625	0.780	6	0.750	0.905	
133	-8	-3	4	0	-1	0	108	0.375	0.375	329	0.500	0.500	345	0.625	0.625	37	0.729	1.375	244	0.750	0.625	
134	-19	3	4	-2	1	1	379	0.375	0.375	233	0.750	0.750	399	0.750	0.750	87	0.750	0.750	480	0.979	1.686	
135	-13	1	4	0	1	0	94	0.375	1.000	180	0.375	0.375	270	0.500	0.500	167	0.500	0.500	251	0.625	1.155	
136	-8	-4	4	2	1	0	327	0.375	1.250	329	0.500	0.500	37	0.625	1.375	76	0.655	0.655	429	0.684	1.714	
137	-6	-1	4	1	1	0	475	0.479	1.155	201	0.530	0.530	385	0.625	0.750	202	0.655	0.655	420	0.750	1.125	
138	-14	-1	4	2	-1	12	381	0.250	0.250	27	0.500	0.500	12	0.500	1.375	83	0.604	1.375	449	0.625	0.625	
139	-11	-3	4	0	1	0	5	0.375	0.375	357	0.375	0.375	402	0.604	1.589	252	0.625	1.030	491	0.625	0.780	
140	-5	-6	4	-1	2	13	143	0.375	1.375	488	0.375	0.375	101	0.500	0.500	263	0.604	1.405	30	0.625	0.750	
141	-15	-4	4	2	-1	0	93	0.500	0.500	49	0.500	1.125	443	0.625	0.625	397	0.625	1.625	442	0.750	0.655	
142	-6	1	4	-2	-1	16	75	0.375	1.250	411	0.479	1.500	420	0.500	0.500	463	0.500	1.125	297	0.655	0.655	
143	-5	-5	4	1	2	23	448	0.479	1.375	216	0.500	1.000	30	0.625	0.625	415	0.625	1.250	371	0.729	1.589	
144	-20	2	4	1	0	0	437	0.375	1.000	35	0.500	1.000	323	0.604	1.589	417	0.625	0.625	10	0.750	0.750	
145	-22	3	4	2	1	0	450	0.500	0.500	144	0.729	1.464	467	0.750	0.905	20	0.839	0.839	312	0.875	1.030	
146	-8	0	4	1	0	0	64	0.250	1.125	393	0.500	0.500	321	0.625	0.625	406	0.750	0.625	494	0.875	0.500	
147	-5	-3	4	-1	1	0	63	0.354	1.280	24	0.500	0.500	201	0.500	1.375	370	0.500	1.000	123	0.530	0.530	
148	-21	0	4	-1	1	0	319	0.375	0.375	124	0.500	0.500	241	0.500	1.375	332	0.500	1.000	205	0.530	0.530	
149	-15	-3	4	-1	-2	4	141	0.500	1.125	389	0.500	0.500	443	0.500	0.500	485	0.604	1.280	360	0.625	0.625	
150	-13	-2	4	-1	-2	2	83	0.125	0.125	473	0.125	0.125	36	0.479	1.280	29	0.500	1.125	449	0.655	0.655	
151	-10	-3	4	0	-1	0	275	0.250	0.250	490	0.250	0.250	108	0.375	0.375	301	0.729	1.375	133	0.750	0.750	
152	-17	-1	4	-1	2	0	396	0.125	0.125	164	0.479	1.280	204	0.500	0.875	98	0.500	0.500	483	0.625	0.875	
153	-24	-2	4	1	1	0	53	0.250	0.250	460	0.250	0.250	13	0.375	0.375	156	0.530	0.530	173	0.604	1.714	
154	-17	-4	4	-1	2	0	348	0.250	0.250	222	0.375	1.000	212	0.500	1.125	328	0.625	0.625	407	0.625	1.250	
155	-1	-4	4	1	0	40	70	0.375	0.375	388	0.500	0.500	299	0.625	0.625	302	0.964	0.964	395	1.000	1.000	
156	-23	-3	4	1	1	0	330	0.250	0.250	26	0.479	1.155	227	0.500	0.500	46	0.500	0.875	153	0.530	0.530	
157	-9	-2	4	-1	2	0	184	0.375	0.375	252	0.500	0.500	391	0.625	0.750	298	0.625	0.625	85	0.625	1.250	
158	-4	-2	4	1	1	0	363	0.250	0.250	17	0.354	1.405	45	0.479	1.280	456	0.479	1.405	364	0.500	0.875	
159	-18	-4	4	-1	1	0	382	0.375	0.375	328	0.375	0.375	407	0.500	0.500	222	0.530	0.530	455	0.625	0.625	
160	-6	3	4	-2	-1	6	226	0.375	0.375	183	0.479	1.500	428	0.559	1.589	427	0.625	1.250	61	0.684	1.464	
161	-12	1	4	-1	-1	0	474	0.500	0.500	197	0.530	0.530	486	0.604	1.155	322	0.604	1.714	266	0.625	1.250	
162	-1	2	4	2	1	0	296	0.500	0.500	352	0.625	0.625	384	0.750	0.625	409	0.750	0.750	492	0.905	0.854	
163	-16	-1	4	-2	1	0	98	0.375	0.375	204	0.479	1.280	433	0.500	0.500	152	0.500	0.875	457	0.625	0.625	
164	-18	0	4	-1	2	0	198	0.500	0.500	35	0.559	1.589	240	0.625	0.625	323	0.625	1.000	86	0.684	1.714	
165	-9	3	4	-1	-2	5	317	0.125	0.125	349	0.375	1.000	126	0.375	1.375	112	0.604	1.500	394	0.729	1.589	
166	-3	2	4	-2	-1	1	392	0.125	0.125	79	0.375	1.375	498	0.500	1.125	114	0.500	0.500	127	0.625	0.625	
167	-12	1	4	1	2	0	424	0.250	0.250	474	0.375	0.375	135	0.500	0.500	495	0.500	0.500	104	0.500	1.125	
168	-2	2	4	0	-1	13	25	0.125	0.125	289	0.250	0.250	55	0.375	0.375	492	0.375	1.125	250	0.500	1.000	
169	-15	-1	4	-1	-2	0	433	0.479	1.375	457	0.500	0.500	217	0.500	1.125	107	0.500	1.125	27	0.625	0.625	
170	-16	-4	4	1	0	0	93	0.500	1.000	141	0.500	1.250	271	0.604	1.250	443	0.625	0.905	389	0.875	0.500	
171	-23	1	4	1	-2	0	208	0.250	0.250	499	0.250	0.250	110	0.375	1.250	236	0.500	1.375	497	0.500	0.500	
172	-13	-1	4	-1	0	1	434	0.250	0.250	449	0.250	1.125	27	0.375	1.000	306	0.375	1.375	342	0.375	1.125	
173	-22	-1	4	2	-1	12	304	0.604	1.375	26	0.625	0.625	8	0.750	0.625	438	0.750	1.250	274	0.875	1.030	
174	-6	-4	4	0	-1	3	105	0.250	0.250	398	0.375	1.375	408	0.375	1.125	327	0.625	0.625	37	0.750	0.625	
175	-7	-2	4	-1	-2	0	39	0.125	0.125	95	0.375	0.375	345	0.375	1.250	218	0.500	0.500	327	0.625	1.625	
176	-22	1	4	1	2	0	308	0.125	0.125	467	0.479	1.375	350	0.500	0.500	312	0.604	1.280	332	0.625	0.625	
177	-19	0	4	1	1	0	198	0.250	0.250	310	0.250	0.250	323	0.354	1.280	240	0.375	0.375	417	0.530	0.530	
178	-19	1	4	0	1	0	35	0.250	1.250	86	0.375	1.375	417	0.625	0.625	399	0.729	1.589	350	0.750	0.750	
179	-19	-3	4	0	-1	0	477	0.125	0.125	255	0.375	0.375	262	0.375	0.375	470	0.625	0.625	407	0.625	0.780	
180	-14	1	4	0	1	0	135	0.375	0.375	109	0.375	0.375	251	0.500	1.250	32	0.604	1.250	288	0.625	0.625	
181	-17	1	4	-1	-2	1	15	0.250	0.250	182	0.250	0.250	414	0.375	0.375	118	0.500	1.125	195	0.500	0.875	
182	-17	1	4	1	-2	0	414	0.125	0.125	181	0.250	0.250	15	0.500	0.500	118	0.500	0.875	195	0.500	1.125	
183	-7	2	4	-1	-2	4	56	0.479	1.280	463	0.500	0.875	120	0.625	0.625	75	0.625	0.750	61	0.625	1.250	
184	-9	-2	4	1	1	0	157	0.375	0.375	393	0.479	1.155	425	0.500	0.875	445	0.625	1.000	252	0.625	0.625	
185	-3	3	4	0	1	4	257	0.250	0.250	114	0.500	0.500	366	0.750	0.625	261	0.750	0.625	392	0.875	0.750	
186	-21	2	4	-2	1	2	282	0.250	0.250	356	0.375	1.250	215	0.500	1.125	19	0.500	1.375	447	0.625	0.625	
187	-2	2	4	-2	1	4	55	0.250	0.250	392	0.375	1.250	409	0.375	0.375	257	0.479	1.405	185	0.479	1.375	
188	-12	-3	4	1	0	0	357	0.250	1.250	225	0.625	1.030	117	0.625	0.625	491	0.750	0.625	77	0.750	0.905	
189	-8	-4	4	-1	0	2	472	0.125	0.125	469	0.780	0.780	5	0.854	1.589	416	0.875	0.875	133	0.875	0.500	
190	-4	-1	4	1	2	0	214	0.250	0.250	54	0.375	0.375	11	0.375	0.375	355	0.500	0.500	45	0.500	0.500	
191	-2	-3	4	1	-1	0	376	0.250	0.250	70	0.354	1.405	155	0.354	1.280	243	0.375	0.375	223	0.625	0.625	
192	-21	-4	4	1	0	0	284	0.625	1.500	362	0.625	1.155	377	0.625	0.625	48	0.625	0.625	255	0.684	1.464	
193	-24	-2	4	-2	-1	1	72	0.125	0.125	326	0.500	0.500	53	0.625	0.625	67	0.625	0.625	281	0.625	0.875	
194	-17	-2	4	1	1	0	98	0.479	1.280	200	0.500	0.500	380	0.625	0.750	152	0.625	1.250	220	0.625	0.625	
195	-17	0	4	-2	-1	1	204	0.250	0.250	390	0.479	1.500	164	0.500	1.125	15	0.625	0.625	118	0.750	0.750	
196	-4	-3	4	2	1	0	89	0.375	1.000	448	0.500	0.500	73	0.500	0.500	371	0.500	0.500	363	0.500	0.500	
197	-13	2	4	-1	-1	0	295	0.125	0.125	277	0.354	1.405	94	0.375	0.375	44	0.479	1.280	161	0.530	0.530	
198	-19	0	4	0	1	0	240	0.125	0.125	177	0.250	0.250	178	0.375	1.375	310	0.500	0.500	164	0.500	0.500	
199	-4	-5	4	1	-2	0	52	0.125	0.125	307	0.625	0.625	101	0.729	1.280	65	0.750	0.875	9	0.750	0.750	
200	-17	-2	4	1	-1	0	389	0.479	1.280	194	0.500	0.500	259	0.500	1.375	367	0.500	0.500	443	0.604	1.714	
201	-5	-2	4	1	1	0	202	0.125	0.125	11	0.354	1.280	190	0.354	1.405	370	0.375	0.375	158	0.500	0.875	
202	-5	-2	4	1	2	0	201	0.125	0.125	370	0.250	0.250	355	0.375	1.250	190	0.479	1.280	11	0.479	1.375	
203	-4	2	4	2	-1	10	340	0.125	0.125	253	0.125	0.125	81	0.500	0.500	366	0.625	0.625	492	0.729	1.714	
204	-17	0	4	-2	1	0	195	0.250	0.250	164	0.500	0.875	15	0.625	0.625	482	0.729	1.604	361	0.750	0.655	
205	-22	-1	4	-1	1	0	435	0.125	0.125	66	0.500	1.250	148	0.530	0.530	438	0.750	0.750	300	0.854	1.250	
206	-8	3	4	-1	0	5	346	0.125	0.125	165	0.375	1.000	428	0.500	0.500	317	0.500	0.875	0	0.625	0.780	
207	-3	-4	4	0	1	0	373	0.125	0.125	405	0.250	1.125	89	0.375	1.125	245	0.500	0.500	123	0.604	1.839	
208	-23	1	4	2	-1	4	171	0.250	0.250	497	0.250	0.250	466	0.375	1.000	8	0.479	1.405	116	0.500	0.875	
209	-13	3	4	0	-1	2	476	0.125	0.125	197	0.250	1.125	1	0.250	0.250	295	0.500	1.250	44	0.604	1.589	
210	-1	-1	4	2	1	0	211	0.375	0.375	273	0.500	0.500	229	0.625	1.250	269	0.875	0.750	283	0.979	1.214	
211	-1	-1	4	0	1	0	273	0.125	0.125	229	0.250	1.125	210	0.375	0.375	283	0.604	1.589	439	0.729	1.714	
212	-17	-3	4	-1	2	0	222	0.125	0.125	194	0.375	1.250	259	0.625	0.625	34	0.625	1.250	159	0.655	0.655	
213	-23	3	4	2	-1	3	74	0.375	0.375	421	0.375	0.375	450	0.500	0.875	145	0.500	1.375	215	0.604	1.280	
214	-4	-1	4	-1	2	0	54	0.125	0.125	190	0.250	0.250	454	0.479	1.375	355	0.500	0.500	45	0.500	0.500	
215	-22	2	4	-1	-2	1	19	0.250	0.250	356	0.375	0.375	466	0.375	1.250	84	0.500	0.500	116	0.500	1.375	
216	-5	-4	4	1	1	0	415	0.250	0.250	196	0.479	1.405	147	0.500	1.375	371	0.604	1.155	58	0.625	0.625	
217	-15	-2	4	-1	-2	0	149	0.500	1.125	107	0.500	0.500	443	0.500	1.125	256	0.625	0.625	49	0.729	1.604	
218	-6	-2	4	0	-1	0	71	0.250	0.250	175	0.500	0.500	246	0.500	0.500	63	0.500	0.500	258	0.500	1.250	
219	-16	-2	4	1	-1	0	256	0.125	0.125	443	0.479	1.405	333	0.500	1.375	107	0.500	1.000	149	0.604	1.155	
220	-18	-2	4	0	1	0	361	0.250	1.125	483	0.375	1.000	280	0.604	1.589	198	0.604	1.589	194	0.625	0.625	
221	-10	0	4	2	-1	0	132	0.500	0.500	6	0.500	0.875	378	0.500	1.375	238	0.500	0.500	315	0.750	1.000	
222	-17	-3	4	-1	1	1	212	0.125	0.125	220	0.479	1.280	259	0.500	0.500	194	0.500	1.375	34	0.500	1.375	
223	-2	-4	4	1	0	0	155	0.375	1.375	70	0.375	1.000	376	0.375	0.375	388	0.625	1.155	191	0.625	0.625	
224	-20	-3	4	1	0	0	362	0.125	0.125	179	0.500	0.875	255	0.500	1.250	477	0.625	1.000	284	0.625	0.780	
225	-11	-4	4	1	0	0	357	0.500	0.500	5	0.604	1.250	244	0.684	1.464	301	0.750	1.625	275	0.750	0.780	
226	-6	3	4	0	-1	1	160	0.375	0.375	47	0.375	0.375	427	0.375	1.125	359	0.500	1.000	75	0.604	1.589	
227	-23	-3	4	-1	1	0	53	0.479	1.280	193	0.479	1.155	67	0.500	1.000	156	0.500	0.500	326	0.625	1.125	
228	-7	1	4	1	2	0	230	0.375	1.000	51	0.479	1.375	232	0.500	0.500	359	0.604	1.280	75	0.625	0.625	
229	-1	0	4	-1	1	1	439	0.354	1.405	283	0.479	1.280	384	0.500	1.375	127	0.729	1.714	409	0.854	1.839	
230	-7	2	4	1	1	0	338	0.500	0.875	427	0.500	1.375	359	0.625	1.250	68	0.625	0.625	235	0.750	0.750	
231	-10	-2	4	-1	0	2	85	0.250	0.250	252	0.500	0.500	92	0.729	1.714	358	0.750	0.905	490	0.750	0.625	
232	-8	1	4	0	1	0	321	0.250	0.250	61	0.250	1.125	428	0.375	1.000	68	0.375	1.375	228	0.500	0.500	
233	-19	2	4	-1	-1	0	437	0.375	0.375	10	0.500	0.875	38	0.604	1.155	50	0.604	1.405	86	0.750	0.750	
234	-9	2	4	1	1	0	0	0.500	0.500	321	0.530	0.530	338	0.604	1.589	68	0.625	0.625	126	0.625	0.625	
235	-6	2	4	-1	2	1	346	0.729	1.589	338	0.750	0.905	230	0.750	0.750	142	0.875	0.875	183	0.875	1.250	
236	-23	0	4	-1	-2	0	110	0.125	0.125	72	0.729	1.714	13	0.809	1.339	173	0.854	1.280	26	0.854	1.604	
237	-5	1	4	-1	-2	4	297	0.375	1.000	368	0.375	1.250	420	0.479	1.375	475	0.500	1.125	286	0.500	1.375	
238	-10	1	4	1	0	0	478	0.500	0.500	221	0.500	0.500	6	0.604	1.375	146	0.604	1.589	290	0.625	0.625	
239	-11	1	4	1	-2	0	78	0.250	0.250	309	0.375	1.000	369	0.500	0.500	221	0.604	1.500	102	0.625	0.625	
240	-19	0	4	-1	2	0	198	0.125	0.125	177	0.375	0.375	178	0.375	1.250	280	0.375	0.375	50	0.604	1.280	
241	-21	1	4	1	1	0	20	0.125	0.125	350	0.250	0.250	144	0.354	1.280	332	0.375	0.375	417	0.500	0.875	
242	-19	-2	4	-1	0	3	4	0.500	1.250	115	0.625	1.030	470	0.729	1.280	262	0.729	1.250	279	0.750	0.905	
243	-2	-3	4	-1	-2	5	191	0.375	0.375	376	0.625	0.625	325	0.655	0.655	9	0.684	1.464	468	0.729	1.589	
244	-9	-3	4	2	-1	0	76	0.375	0.375	329	0.375	1.250	108	0.375	0.375	301	0.625	0.625	133	0.625	0.750	
245	-2	-4	4	-1	2	1	341	0.375	1.250	207	0.500	0.500	376	0.625	1.000	299	0.625	0.625	373	0.625	0.625	
246	-5	-2	4	1	-2	0	24	0.375	1.250	73	0.479	1.280	218	0.500	0.500	129	0.500	0.875	196	0.604	1.280	
247	-4	1	4	1	1	0	496	0.250	0.250	289	0.604	1.589	79	0.625	1.250	340	0.625	0.625	419	0.625	1.250	
248	-11	2	4	-1	-2	1	394	0.250	0.250	339	0.375	0.375	78	0.500	1.125	239	0.500	1.375	102	0.625	0.750	
249	-5	3	4	-1	2	0	160	0.750	1.125	235	0.780	0.750	226	0.875	1.125	81	0.875	1.000	185	0.875	0.875	
250	-2	1	4	2	-1	15	492	0.125	0.125	296	0.375	1.250	384	0.375	1.250	269	0.479	1.500	18	0.625	0.875	
251	-14	2	4	-1	2	0	41	0.375	1.250	96	0.625	0.875	3	0.839	0.839	288	0.875	0.875	94	0.875	0.500	
252	-10	-2	4	0	1	0	303	0.375	1.375	157	0.500	0.500	231	0.500	0.500	184	0.625	0.625	378	0.729	1.714	
253	-4	2	4	1	-1	0	203	0.125	0.125	340	0.250	0.250	492	0.604	1.589	81	0.625	0.625	498	0.625	0.625	
254	-11	2	4	0	1	0	339	0.500	0.500	104	0.500	0.500	394	0.625	0.625	474	0.780	0.780	383	0.875	0.875	
255	-19	-3	4	2	-1	0	179	0.375	0.375	477	0.500	0.500	316	0.625	0.625	60	0.625	0.625	194	0.729	1.714	
256	-16	-2	4	1	-2	0	219	0.125	0.125	389	0.375	1.250	333	0.375	1.250	443	0.604	1.500	433	0.625	0.625	
257	-3	3	4	-1	1	0	185	0.250	0.250	114	0.250	0.250	392	0.625	0.625	419	0.655	0.655	166	0.750	0.750	
258	-6	-3	4	-1	-2	3	105	0.375	1.250	412	0.375	0.375	459	0.604	1.500	469	0.625	1.250	174	0.625	1.250	
259	-17	-3	4	-1	-1	2	444	0.250	0.250	382	0.479	1.405	222	0.500	0.500	128	0.604	1.714	407	0.604	1.530	
260	-16	1	4	1	-1	0	351	0.125	0.125	118	0.655	0.655	169	0.729	1.714	109	0.750	1.125	313	0.750	0.750	
261	-2	3	4	-2	1	3	114	0.375	1.250	257	0.375	1.000	122	0.500	0.500	55	0.625	0.625	187	0.625	0.625	
262	-20	-3	4	0	-1	0	470	0.250	0.250	179	0.375	0.375	224	0.500	0.500	477	0.500	0.500	387	0.500	0.500	
263	-6	-5	4	-1	1	0	459	0.479	1.155	291	0.500	0.500	189	0.604	1.839	426	0.625	0.875	472	0.729	1.714	
264	-1	3	4	0	-1	0	352	0.375	0.375	122	0.500	0.500	55	0.604	1.375	289	0.625	0.780	25	0.625	1.155	
265	-10	2	4	-1	-2	5	112	0.250	0.250	78	0.479	1.280	102	0.479	1.375	290	0.500	1.125	248	0.625	0.625	
266	-12	0	4	2	-1	0	309	0.375	1.000	353	0.375	0.375	91	0.500	1.375	495	0.625	0.625	424	0.625	0.625	
267	-7	-2	4	1	1	0	95	0.500	0.500	137	0.604	1.530	276	0.625	1.250	337	0.854	1.839	175	0.875	0.875	
268	-5	-6	4	0	-1	6	487	0.125	0.125	101	0.375	0.375	488	0.500	0.500	140	0.875	0.875	30	0.875	0.750	
269	-1	0	4	1	-2	0	18	0.625	0.625	210	0.750	0.875	296	0.750	0.750	372	0.839	0.839	229	0.875	0.875	
270	-13	1	4	1	0	0	424	0.250	1.250	32	0.375	0.375	167	0.500	1.000	135	0.500	0.500	495	0.500	1.250	
271	-15	-3	4	0	1	0	360	0.250	0.250	433	0.604	1.250	98	0.604	1.589	443	0.625	0.625	163	0.729	1.714	
272	-20	-2	4	0	1	0	446	0.604	1.250	148	0.604	1.839	432	0.625	1.280	4	0.625	0.625	274	0.750	0.625	
273	-1	-1	4	-1	2	0	211	0.125	0.125	229	0.375	1.000	210	0.500	0.500	283	0.684	1.714	2	0.839	0.839	
274	-21	-2	4	2	1	0	304	0.625	0.625	272	0.625	0.750	446	0.684	1.714	255	0.729	1.589	432	0.729	1.714	
275	-10	-3	4	1	-1	0	151	0.250	0.250	301	0.479	1.155	490	0.500	0.500	244	0.500	1.000	136	0.604	1.714	
276	-7	-1	4	-2	1	2	131	0.500	0.500	95	0.875	1.125	31	0.875	0.875	411	0.875	0.750	39	0.875	0.750	
277	-14	1	4	-1	-2	2	44	0.125	0.125	288	0.250	0.250	88	0.500	1.375	313	0.625	0.625	449	0.625	1.375	
278	-18	3	4	-1	1	0	103	0.125	0.125	399	0.250	0.250	134	0.625	1.000	379	0.625	1.375	119	0.750	0.750	
279	-20	-1	4	-1	-2	0	115	0.375	0.375	4	0.500	0.875	387	0.559	1.589	470	0.625	1.375	482	0.625	0.625	
280	-19	0	4	-1	0	1	294	0.250	1.250	240	0.375	0.375	198	0.500	0.500	22	0.500	1.250	279	0.604	1.375	
281	-24	-3	4	-1	-2	0	326	0.375	0.375	67	0.500	0.500	493	0.625	0.625	193	0.875	0.625	72	1.000	0.500	
282	-21	2	4	-1	2	0	186	0.250	0.250	19	0.625	1.125	404	0.625	0.875	356	0.750	1.000	215	0.875	1.250	
283	-2	1	4	0	1	0	439	0.125	0.125	187	0.375	1.000	409	0.375	1.375	392	0.604	1.250	185	0.604	1.589	
284	-19	-4	4	1	1	0	60	0.125	0.125	328	0.625	0.750	128	0.625	0.625	62	0.625	0.625	455	0.625	1.000	
285	-22	-4	4	0	1	0	318	0.125	0.125	28	0.250	1.250	46	0.375	1.125	461	0.500	0.500	48	0.500	0.500	
286	-5	0	4	1	-2	0	368	0.125	0.125	475	0.250	0.250	297	0.375	0.375	106	0.479	1.280	11	0.479	1.375	
287	-22	-4	4	1	-1	0	461	0.250	0.250	387	0.655	0.655	192	0.750	1.125	285	0.750	0.750	224	0.854	1.339	
288	-14	1	4	-2	-1	3	277	0.250	0.250	44	0.375	0.375	313	0.500	0.875	322	0.625	0.625	109	0.625	1.000	
289	-2	2	4	1	-1	4	168	0.250	0.250	296	0.354	1.280	25	0.375	0.375	492	0.500	0.875	55	0.625	0.625	
290	-10	1	4	-1	-2	6	221	0.500	1.125	239	0.625	0.625	78	0.625	0.625	309	0.750	0.905	102	0.750	1.000	
291	-6	-5	4	1	1	0	415	0.479	1.280	216	0.479	1.530	408	0.500	0.500	263	0.500	0.500	143	0.625	0.750	
292	-14	0	4	-1	1	0	322	0.125	0.125	109	0.479	1.280	306	0.625	0.625	180	0.625	1.125	288	0.750	0.750	
293	-4	-2	4	1	-1	0	363	0.250	0.250	364	0.500	1.375	158	0.500	0.500	11	0.625	0.625	324	0.625	1.250	
294	-20	0	4	-2	1	1	22	0.250	0.250	148	0.375	1.000	332	0.479	1.500	115	0.500	0.500	319	0.500	1.375	
295	-13	2	4	-1	-2	1	197	0.125	0.125	277	0.479	1.280	94	0.500	0.500	88	0.559	1.589	288	0.604	1.500	
296	-1	1	4	1	0	0	384	0.250	0.250	162	0.500	0.500	352	0.875	0.875	283	0.875	0.750	269	0.875	0.750	
297	-5	0	4	-1	-1	0	454	0.250	0.250	286	0.375	0.375	368	0.500	0.500	111	0.530	0.530	276	0.604	1.714	
298	-9	-2	4	-1	-1	0	151	0.479	1.280	490	0.604	1.530	231	0.625	1.125	157	0.625	0.625	391	0.625	0.625	
299	-1	-4	4	-1	2	3	341	0.479	1.155	7	0.500	0.500	245	0.625	0.625	395	0.625	0.750	82	0.625	0.625	
300	-23	-2	4	0	-1	0	493	0.250	1.250	72	0.625	0.625	26	0.750	0.750	347	0.750	0.905	438	0.750	0.625	
301	-9	-4	4	2	1	0	416	0.375	0.375	136	0.500	1.125	244	0.625	0.625	345	0.684	1.464	76	0.750	0.750	
302	-2	-2	4	2	1	0	210	0.479	1.280	376	0.500	0.500	211	0.604	1.375	413	0.625	0.625	314	0.625	0.750	
303	-10	-1	4	0	1	0	132	0.500	0.500	102	0.604	1.589	91	0.750	0.905	402	0.750	0.750	184	0.780	0.780	
304	-21	-2	4	0	-1	0	387	0.250	1.250	224	0.604	1.250	470	0.625	0.780	347	0.625	1.155	274	0.625	0.625	
305	-21	-4	4	-1	0	4	471	0.250	0.250	48	0.375	0.375	318	0.500	1.000	410	0.625	0.905	28	0.729	1.375	
306	-14	-1	4	-1	0	1	342	0.250	0.250	449	0.250	0.250	27	0.375	0.375	169	0.375	1.000	322	0.500	0.500	
307	-3	-5	4	-1	-2	0	9	0.375	0.375	331	0.375	0.375	52	0.500	0.500	121	0.604	1.375	199	0.625	0.625	
308	-22	1	4	1	1	0	176	0.125	0.125	467	0.354	1.280	312	0.479	1.155	241	0.500	0.875	466	0.500	0.500	
309	-11	0	4	1	-1	0	132	0.354	1.280	91	0.375	0.375	315	0.479	1.280	221	0.500	1.000	358	0.625	1.250	
310	-19	0	4	1	0	0	177	0.250	0.250	16	0.375	0.375	446	0.375	0.375	198	0.500	0.500	14	0.500	0.500	
311	-6	-2	4	-1	1	0	63	0.250	0.250	276	0.479	1.405	71	0.500	0.500	137	0.500	1.375	469	0.530	0.530	
312	-21	2	4	2	-1	12	467	0.125	0.125	38	0.604	1.500	20	0.625	0.625	144	0.625	1.250	466	0.655	0.655	
313	-15	1	4	-1	-2	2	44	0.500	0.500	351	0.625	0.625	277	0.625	0.625	457	0.684	1.714	381	0.729	1.589	
314	-1	-2	4	0	1	0	401	0.375	0.375	211	0.375	1.375	210	0.500	1.000	273	0.500	1.250	23	0.625	0.625	
315	-10	-1	4	0	-1	0	85	0.250	1.125	132	0.500	0.500	358	0.500	0.500	298	0.625	0.780	244	0.729	1.714	
316	-19	-2	4	2	-1	2	57	0.500	0.875	446	0.500	0.500	255	0.625	0.625	200	0.625	1.375	14	0.625	0.625	
317	-9	3	4	0	-1	0	165	0.125	0.125	126	0.250	1.250	349	0.250	1.125	112	0.604	1.375	400	0.625	0.625	
318	-22	-4	4	-1	2	0	285	0.125	0.125	28	0.375	1.375	227	0.479	1.405	46	0.500	1.250	48	0.625	0.625	
319	-21	0	4	-2	-1	1	148	0.375	0.375	447	0.625	0.625	205	0.750	0.905	480	0.750	0.625	4	0.839	0.839	
320	-9	2	4	-2	1	1	0	0.125	0.125	349	0.375	0.375	265	0.500	1.125	112	0.500	1.375	234	0.625	0.625	
321	-8	1	4	1	1	0	232	0.250	0.250	61	0.500	1.375	234	0.530	0.530	230	0.604	1.530	427	0.604	1.589	
322	-14	0	4	-2	1	0	292	0.125	0.125	306	0.500	0.500	109	0.604	1.375	288	0.625	0.625	88	0.750	0.750	
323	-18	1	4	1	0	0	414	0.250	1.125	182	0.375	1.000	33	0.750	0.750	386	0.875	1.125	178	0.875	0.750	
324	-4	-3	4	-1	-2	3	73	0.250	0.250	99	0.375	1.250	468	0.500	0.875	423	0.604	1.500	448	0.625	1.000	
325	-3	-2	4	-1	-1	0	335	0.250	0.250	324	0.354	1.405	489	0.375	0.375	123	0.500	1.375	111	0.530	0.530	
326	-24	-3	4	-1	0	0	67	0.125	0.125	281	0.375	0.375	193	0.500	0.500	72	0.625	0.625	153	0.875	1.125	
327	-7	-4	4	1	-1	0	37	0.125	0.125	408	0.479	1.530	398	0.479	1.280	174	0.625	0.625	105	0.625	0.875	
328	-18	-4	4	1	2	0	455	0.250	0.250	159	0.375	0.375	154	0.625	0.625	242	0.729	1.479	222	0.750	0.905	
329	-8	-3	4	1	0	0	345	0.250	1.125	136	0.500	0.500	133	0.500	0.500	445	0.500	0.500	174	0.604	1.589	
330	-23	-3	4	1	0	0	156	0.250	0.250	493	0.375	0.375	46	0.375	1.125	28	0.500	1.000	192	0.604	1.589	
331	-3	-5	4	-1	0	0	307	0.375	0.375	268	0.604	1.589	488	0.604	1.589	458	0.625	1.030	121	0.729	1.030	
332	-21	1	4	-1	2	0	350	0.125	0.125	241	0.375	0.375	356	0.479	1.375	282	0.500	1.125	20	0.500	0.500	
333	-16	-3	4	-1	-1	0	389	0.250	0.250	348	0.479	1.155	436	0.479	1.280	367	0.530	0.530	407	0.604	1.589	
334	-16	0	4	2	-1	0	343	0.500	1.125	260	0.750	0.625	457	0.750	1.000	180	0.854	1.479	217	0.854	1.604	
335	-3	-2	4	0	-1	0	489	0.125	0.125	325	0.250	0.250	99	0.604	1.589	376	0.604	1.250	324	0.625	1.155	
336	-5	2	4	-2	-1	12	235	0.625	1.125	237	0.625	0.875	142	0.750	1.280	42	0.839	0.839	75	0.854	1.714	
337	-6	0	4	0	1	0	420	0.500	0.500	75	0.729	1.250	228	0.750	0.905	368	0.750	1.125	230	0.854	1.339	
338	-7	3	4	1	1	0	226	0.875	1.125	359	0.875	0.905	230	0.875	0.500	235	0.905	0.729	51	1.000	0.780	
339	-11	2	4	-1	0	1	394	0.125	0.125	248	0.375	0.375	102	0.375	0.375	254	0.500	0.500	344	0.604	1.250	
340	-4	2	4	1	0	0	203	0.125	0.125	253	0.250	0.250	81	0.375	0.375	366	0.500	0.500	185	0.604	1.250	
341	-2	-3	4	0	1	0	302	0.500	1.000	376	0.500	0.500	45	0.604	1.589	2	0.625	1.155	89	0.625	0.625	
342	-14	-1	4	-1	1	0	306	0.250	0.250	449	0.500	0.500	343	0.604	1.155	27	0.625	0.625	292	0.625	0.875	
343	-15	0	4	1	2	0	109	0.375	1.250	481	0.500	0.500	251	0.559	1.589	292	0.750	0.750	88	0.750	1.250	
344	-12	3	4	0	1	0	431	0.250	0.250	69	0.750	0.750	1	0.750	1.125	97	0.750	1.125	251	0.964	0.964	
345	-7	-3	4	1	-1	0	174	0.479	1.280	105	0.479	1.530	327	0.500	0.875	133	0.625	0.625	459	0.750	1.250	
346	-8	3	4	-2	1	2	206	0.125	0.125	165	0.500	1.125	317	0.625	1.000	428	0.625	0.625	0	0.750	0.655	
347	-22	-3	4	-1	-2	0	410	0.250	0.250	287	0.375	1.250	227	0.625	1.250	493	0.625	0.625	461	0.625	1.000	
348	-17	-4	4	-2	1	0	154	0.250	0.250	407	0.375	1.250	159	0.375	1.000	382	0.500	1.375	212	0.625	0.875	
349	-9	2	4	-1	-1	0	290	0.354	1.405	320	0.375	0.375	126	0.375	0.375	0	0.500	0.500	112	0.625	1.000	
350	-21	1	4	0	1	0	332	0.125	0.125	241	0.250	0.250	186	0.375	1.000	20	0.375	0.375	282	0.500	1.250	
351	-16	1	4	1	-2	0	260	0.125	0.125	334	0.500	0.875	169	0.559	1.589	182	0.625	0.625	181	0.625	0.625	
352	-1	3	4	2	-1	28	264	0.375	0.375	162	0.625	0.625	289	0.655	0.655	250	0.839	0.839	492	0.964	0.964	
353	-12	0	4	0	-1	0	266	0.375	0.375	486	0.500	0.500	83	0.604	1.589	473	0.604	1.839	309	0.625	0.625	
354	-18	2	4	0	1	0	33	0.125	0.125	278	0.250	1.125	399	0.375	1.375	103	0.375	1.000	86	0.375	0.375	
355	-5	-1	4	0	1	0	385	0.125	0.125	190	0.500	0.500	214	0.500	0.500	137	0.625	0.625	54	0.625	0.625	
356	-22	2	4	-1	0	3	19	0.125	0.125	215	0.375	0.375	499	0.604	1.375	365	0.625	0.780	116	0.750	1.000	
357	-11	-3	4	2	1	0	275	0.375	1.250	139	0.375	0.375	252	0.479	1.375	225	0.500	0.500	151	0.625	1.000	
358	-11	-1	4	-1	-2	0	315	0.500	0.500	77	0.500	1.375	117	0.750	0.905	85	0.750	0.655	402	0.875	1.125	
359	-6	2	4	2	-1	0	51	0.125	0.125	427	0.125	0.125	237	0.604	1.280	297	0.729	1.479	235	0.750	0.750	
360	-15	-3	4	-1	1	0	271	0.250	0.250	433	0.354	1.280	333	0.500	1.375	380	0.604	1.155	149	0.625	0.625	
361	-18	-1	4	-1	1	0	483	0.125	0.125	280	0.354	1.280	240	0.354	1.405	198	0.479	1.280	164	0.500	1.000	
362	-20	-3	4	2	1	0	224	0.125	0.125	255	0.500	1.375	179	0.625	1.000	284	0.750	0.655	477	0.750	1.125	
363	-4	-2	4	1	0	0	158	0.250	0.250	293	0.250	0.250	489	0.375	1.000	11	0.375	0.375	364	0.375	1.125	
364	-3	-2	4	1	1	0	59	0.250	0.250	2	0.375	0.375	413	0.479	1.405	17	0.500	1.000	302	0.625	1.000	
365	-23	1	4	-1	1	0	499	0.625	0.625	497	0.625	0.625	176	0.750	0.750	356	0.780	0.625	208	0.875	0.875	
366	-4	3	4	2	1	0	81	0.125	0.125	340	0.500	0.500	203	0.625	0.625	185	0.625	0.750	289	0.729	1.714	
367	-17	-2	4	-1	-1	0	259	0.500	0.875	200	0.500	0.500	333	0.530	0.530	34	0.604	1.530	390	0.655	0.655	
368	-5	0	4	1	-1	0	475	0.125	0.125	286	0.125	0.125	11	0.354	1.280	106	0.354	1.405	297	0.500	0.500	
369	-11	1	4	2	1	0	238	0.375	1.250	239	0.500	0.500	91	0.625	0.625	478	0.625	0.750	234	0.729	1.714	
370	-5	-2	4	-1	2	0	202	0.250	0.250	201	0.375	0.375	355	0.375	1.250	385	0.500	1.375	71	0.625	1.250	
371	-4	-3	4	-1	2	0	123	0.375	1.000	158	0.375	1.250	370	0.479	1.280	196	0.500	0.500	385	0.559	1.589	
372	-3	-1	4	1	-2	0	335	0.375	1.250	325	0.375	1.250	456	0.500	0.500	489	0.500	1.125	243	0.559	1.589	
373	-3	-4	4	1	2	0	207	0.125	0.125	405	0.375	1.250	341	0.479	1.155	376	0.479	1.375	89	0.500	1.000	
374	-3	0	4	1	-2	0	403	0.500	0.500	372	0.500	1.125	413	0.604	1.280	452	0.625	0.625	325	0.625	1.625	
375	-13	-3	4	1	2	0	464	0.375	0.375	434	0.625	1.625	402	0.684	1.714	188	0.750	1.000	491	0.875	1.405	
376	-2	-3	4	1	0	0	388	0.250	1.250	191	0.250	0.250	223	0.375	0.375	302	0.500	0.500	341	0.500	0.500	
377	-21	-3	4	1	1	0	272	0.479	1.280	316	0.604	1.714	192	0.625	0.625	387	0.625	0.625	362	0.625	1.000	
378	-9	0	4	2	1	0	146	0.375	1.250	6	0.500	0.500	232	0.604	1.375	64	0.625	1.625	445	0.839	0.839	
379	-19	3	4	-1	-1	0	134	0.375	0.375	10	0.479	1.530	437	0.500	1.250	186	0.604	1.714	119	0.625	0.625	
380	-16	-2	4	1	2	0	98	0.375	1.250	163	0.500	1.125	433	0.625	0.625	219	0.625	0.625	204	0.729	1.604	
381	-14	-1	4	1	-2	0	138	0.250	0.250	27	0.250	0.250	449	0.375	0.375	418	0.375	1.000	29	0.559	1.589	
382	-18	-4	4	-2	-1	5	407	0.125	0.125	159	0.375	0.375	128	0.500	1.375	436	0.750	0.750	34	0.750	0.625	
383	-10	3	4	-1	0	3	112	0.500	0.500	394	0.625	1.155	97	0.750	1.125	248	0.750	1.375	349	0.780	0.780	
384	-1	1	4	1	1	0	296	0.250	0.250	283	0.625	0.625	439	0.750	0.750	162	0.750	0.750	55	0.979	1.125	
385	-5	-1	4	1	2	0	355	0.125	0.125	214	0.625	0.625	190	0.625	0.625	40	0.625	1.250	158	0.655	0.655	
386	-18	2	4	-2	1	1	233	0.375	1.250	354	0.375	0.375	33	0.500	0.500	103	0.625	0.625	86	0.625	0.750	
387	-21	-3	4	1	-2	0	262	0.500	0.500	471	0.500	1.250	362	0.625	1.125	192	0.625	0.750	377	0.625	0.625	
388	-1	-3	4	2	1	0	155	0.500	0.500	314	0.750	1.000	341	0.750	0.750	302	0.780	0.750	413	0.839	0.839	
389	-16	-3	4	0	-1	0	333	0.250	0.250	444	0.375	0.375	149	0.500	0.500	259	0.625	0.625	141	0.729	1.375	
390	-18	-1	4	-1	-2	0	242	0.479	1.375	483	0.500	0.500	57	0.500	1.375	482	0.625	0.625	34	0.625	1.375	
391	-9	-1	4	-1	0	0	231	0.625	1.030	85	0.729	1.280	157	0.750	0.625	298	0.750	0.625	252	0.875	0.875	
392	-3	2	4	-1	0	0	166	0.125	0.125	79	0.250	1.250	114	0.375	0.375	419	0.500	1.000	127	0.500	0.500	
393	-8	-1	4	2	-1	2	146	0.500	0.500	445	0.625	0.625	64	0.750	0.655	267	0.750	0.905	425	0.750	0.750	
394	-11	2	4	-2	-1	13	339	0.125	0.125	248	0.250	0.250	161	0.479	1.405	102	0.500	0.500	254	0.625	0.625	
395	-1	-3	4	-1	0	2	243	0.375	1.000	7	0.500	0.500	23	0.500	0.500	401	0.500	0.500	2	0.729	1.714	
396	-17	-1	4	0	1	0	152	0.125	0.125	204	0.375	1.000	98	0.375	0.375	164	0.625	1.155	481	0.625	1.030	
397	-13	-4	4	1	1	0	188	0.354	1.280	484	0.375	0.375	375	0.500	1.000	451	0.625	0.625	464	0.625	1.375	
398	-6	-5	4	0	-1	0	408	0.250	0.250	487	0.625	1.155	52	0.750	0.750	101	0.750	0.905	263	0.750	0.750	
399	-18	3	4	0	1	0	278	0.250	0.250	103	0.375	0.375	87	0.750	0.625	465	0.750	0.875	379	0.750	1.125	
400	-8	3	4	1	-1	0	120	0.500	1.250	338	0.500	1.375	183	0.604	1.155	317	0.625	0.625	51	0.729	1.839	
401	-1	-2	4	-2	1	1	23	0.250	0.250	314	0.375	0.375	395	0.500	0.500	325	0.625	1.625	273	0.625	0.875	
402	-12	-1	4	0	1	0	135	0.604	1.589	369	0.729	1.714	12	0.750	0.625	434	0.750	0.625	303	0.750	0.750	
403	-3	0	4	2	1	0	374	0.500	0.500	18	0.500	1.125	283	0.604	1.375	456	0.625	0.625	247	0.655	0.655	
404	-21	3	4	-2	1	0	186	0.625	0.625	84	0.729	1.479	356	0.750	0.905	450	0.750	1.125	440	0.854	1.354	
405	-3	-3	4	-1	1	0	89	0.500	0.500	364	0.500	1.375	2	0.500	1.000	123	0.604	1.530	371	0.625	0.750	
406	-8	1	4	1	-2	0	494	0.125	0.125	56	0.250	0.250	131	0.559	1.589	321	0.625	0.625	146	0.625	0.750	
407	-18	-4	4	-1	-1	0	382	0.125	0.125	159	0.500	0.500	436	0.625	0.625	128	0.625	1.250	477	0.655	0.655	
408	-6	-5	4	1	-1	0	398	0.250	0.250	487	0.354	1.405	268	0.479	1.280	291	0.500	0.500	65	0.604	1.714	
409	-2	2	4	0	1	0	261	0.375	1.000	187	0.375	0.375	55	0.625	0.625	114	0.729	1.250	352	0.729	1.375	
410	-22	-3	4	-2	-1	1	347	0.250	0.250	227	0.375	1.250	287	0.625	1.250	438	0.625	0.625	471	0.655	0.655	
411	-7	0	4	-1	-2	1	64	0.375	0.375	131	0.500	1.125	39	0.625	1.375	276	0.750	0.875	75	0.750	0.750	
412	-6	-3	4	-1	0	0	258	0.375	0.375	31	0.375	1.375	63	0.375	0.375	469	0.375	1.125	189	0.604	1.589	
413	-2	-1	4	2	1	0	210	0.500	1.125	302	0.625	0.625	211	0.625	0.750	273	0.750	0.875	45	0.750	0.750	
414	-17	1	4	1	-1	0	182	0.125	0.125	181	0.375	0.375	334	0.479	1.405	195	0.625	1.250	15	0.625	0.625	
415	-5	-4	4	0	1	0	216	0.250	0.250	147	0.250	1.125	63	0.604	1.589	196	0.604	1.375	311	0.604	1.839	
416	-9	-4	4	0	1	0	301	0.375	0.375	76	0.375	1.125	231	0.604	1.589	329	0.604	1.250	252	0.604	1.589	
417	-20	1	4	1	1	0	35	0.354	1.405	86	0.479	1.280	177	0.530	0.530	38	0.625	0.625	144	0.625	0.625	
418	-14	-2	4	1	-1	0	442	0.500	0.875	29	0.604	1.155	36	0.625	1.250	83	0.625	0.625	443	0.655	0.655	
419	-4	2	4	-1	2	0	79	0.250	0.250	498	0.500	0.500	366	0.500	1.125	336	0.625	1.125	81	0.625	1.000	
420	-6	0	4	-1	0	1	411	0.375	1.000	337	0.500	0.500	142	0.500	0.500	131	0.604	1.375	75	0.625	1.030	
421	-23	3	4	0	-1	0	440	0.250	1.250	84	0.375	1.375	213	0.375	0.375	450	0.500	0.500	215	0.750	0.905	
422	-13	-4	4	-1	-1	1	21	0.250	0.250	451	0.375	0.375	484	0.625	0.625	36	0.655	0.655	360	0.854	1.589	
423	-5	-4	4	-2	-1	4	426	0.375	1.250	398	0.479	1.375	30	0.500	0.500	415	0.625	0.625	31	0.729	1.464	
424	-12	1	4	2	1	0	167	0.250	0.250	495	0.250	0.250	239	0.500	1.125	369	0.500	1.125	254	0.604	1.375	
425	-8	-2	4	1	1	0	445	0.125	0.125	267	0.500	0.875	329	0.625	0.625	393	0.750	0.750	157	0.750	0.750	
426	-6	-4	4	-1	1	0	31	0.354	1.280	147	0.530	0.530	469	0.604	1.530	415	0.625	0.625	459	0.625	1.250	
427	-6	2	4	1	-1	0	359	0.125	0.125	51	0.250	0.250	237	0.604	1.155	142	0.750	1.250	183	0.750	0.750	
428	-8	2	4	-2	1	0	61	0.125	0.125	349	0.375	1.250	68	0.375	0.375	0	0.375	1.000	120	0.500	0.500	
429	-6	-3	4	1	0	0	58	0.375	1.375	129	0.500	1.250	99	0.604	1.589	448	0.604	1.589	202	0.604	1.375	
430	-17	3	4	1	-1	0	453	0.125	0.125	465	0.250	0.250	441	0.500	1.250	80	0.604	1.405	119	0.625	0.625	
431	-12	3	4	-1	1	1	344	0.250	0.250	1	0.625	1.375	94	0.875	0.655	197	0.875	1.030	251	0.964	0.964	
432	-19	-1	4	1	1	0	14	0.125	0.125	446	0.250	0.250	164	0.604	1.155	310	0.625	0.625	177	0.625	0.875	
433	-16	-2	4	-1	0	1	367	0.250	1.125	163	0.500	0.500	34	0.604	1.839	396	0.604	1.250	380	0.625	0.625	
434	-13	-1	4	-1	1	0	172	0.250	0.250	322	0.479	1.405	342	0.500	0.875	292	0.604	1.530	12	0.625	0.625	
435	-22	-1	4	-1	2	0	205	0.125	0.125	66	0.500	1.375	308	0.625	1.625	365	0.729	1.714	148	0.750	0.655	
436	-17	-4	4	0	-1	0	407	0.625	0.625	348	0.625	0.625	170	0.750	0.875	382	0.750	0.750	34	0.780	0.780	
437	-19	2	4	1	-2	0	233	0.375	0.375	323	0.479	1.375	22	0.729	1.604	35	0.750	0.750	33	0.750	1.250	
438	-22	-2	4	-2	-1	0	347	0.625	0.875	410	0.625	0.625	493	0.729	1.280	67	0.729	1.589	227	0.750	0.905	
439	-2	1	4	-1	2	0	283	0.125	0.125	409	0.375	1.250	392	0.479	1.375	187	0.500	0.875	166	0.604	1.280	
440	-23	2	4	1	-2	0	84	0.125	0.125	116	0.479	1.280	499	0.500	1.375	208	0.500	0.875	171	0.500	1.125	
441	-17	2	4	-1	-2	1	414	0.375	1.250	181	0.500	1.125	15	0.500	0.875	182	0.500	1.375	386	0.750	1.125	
442	-14	-3	4	1	-1	0	36	0.375	0.375	484	0.479	1.405	49	0.625	0.750	141	0.655	0.655	29	0.750	0.750	
443	-15	-3	4	2	-1	0	442	0.375	1.000	149	0.500	0.500	107	0.625	0.625	141	0.625	0.625	397	0.684	1.464	
444	-17	-3	4	0	-1	0	259	0.250	0.250	389	0.375	0.375	436	0.375	1.375	382	0.604	1.375	170	0.604	1.250	
445	-8	-2	4	2	1	0	425	0.125	0.125	95	0.375	1.250	267	0.375	1.000	329	0.500	0.500	393	0.625	0.625	
446	-19	-1	4	1	0	0	14	0.125	0.125	432	0.250	0.250	310	0.375	0.375	316	0.500	0.500	57	0.604	1.375	
447	-21	1	4	-2	-1	1	480	0.125	0.125	332	0.500	0.500	319	0.625	0.625	350	0.625	0.625	186	0.625	0.625	
448	-4	-4	4	1	0	0	373	0.500	1.000	196	0.500	0.500	371	0.750	1.000	199	0.750	0.750	363	0.750	0.750	
449	-14	-1	4	-1	-1	1	27	0.125	0.125	306	0.250	0.250	217	0.354	1.405	381	0.375	0.375	342	0.500	0.500	
450	-22	3	4	1	-2	0	215	0.375	1.375	312	0.479	1.500	145	0.500	0.500	421	0.500	0.500	467	0.604	1.375	
451	-13	-4	4	-2	1	0	21	0.125	0.125	422	0.375	0.375	375	0.625	1.125	397	0.625	0.625	360	0.729	1.714	
452	-4	0	4	-1	-2	1	42	0.250	0.250	111	0.375	1.000	40	0.375	1.250	43	0.500	1.125	106	0.500	1.375	
453	-17	3	4	1	-2	0	430	0.125	0.125	465	0.375	0.375	441	0.500	1.375	119	0.500	0.500	80	0.604	1.500	
454	-5	0	4	-1	0	3	297	0.250	0.250	420	0.375	1.375	286	0.625	0.625	131	0.729	1.714	237	0.750	0.625	
455	-18	-4	4	2	1	0	328	0.250	0.250	436	0.625	1.000	159	0.625	0.625	154	0.750	0.875	212	0.875	1.280	
456	-3	-1	4	2	1	0	17	0.250	0.250	45	0.375	0.375	372	0.500	0.500	413	0.500	1.125	403	0.625	0.625	
457	-16	-1	4	0	-1	0	256	0.250	1.250	219	0.375	1.125	169	0.500	0.500	444	0.604	1.589	259	0.604	1.839	
458	-4	-4	4	-1	0	0	468	0.125	0.125	423	0.500	1.250	398	0.604	1.589	24	0.625	0.780	412	0.729	1.589	
459	-7	-4	4	-2	-1	5	189	0.375	1.250	31	0.500	0.500	472	0.500	1.375	327	0.625	0.625	469	0.750	0.750	
460	-24	-2	4	1	0	0	13	0.125	0.125	153	0.250	0.250	53	0.500	0.500	330	0.625	1.030	156	0.625	0.780	
461	-22	-4	4	1	0	0	287	0.250	0.250	192	0.375	1.375	285	0.500	0.500	46	0.625	0.625	318	0.625	0.625	
462	-18	3	4	1	-2	0	119	0.125	0.125	453	0.625	0.625	181	0.729	1.589	80	0.729	1.589	379	0.750	0.750	
463	-7	1	4	-2	-1	0	75	0.125	0.125	56	0.500	0.875	232	0.625	1.000	64	0.625	1.250	411	0.625	0.875	
464	-13	-3	4	-1	1	1	375	0.375	0.375	21	0.625	0.625	36	0.625	1.250	29	0.625	0.625	217	0.854	1.464	
465	-17	3	4	1	0	0	430	0.250	0.250	453	0.375	0.375	80	0.625	1.155	313	0.854	1.479	399	0.875	0.750	
466	-22	1	4	1	-1	0	116	0.125	0.125	241	0.500	1.375	308	0.500	0.500	8	0.500	0.875	20	0.625	1.250	
467	-21	2	4	1	0	0	312	0.125	0.125	144	0.375	1.375	20	0.500	0.500	38	0.604	1.375	241	0.625	0.625	
468	-4	-4	4	-2	-1	6	458	0.125	0.125	99	0.375	0.375	30	0.479	1.155	423	0.500	1.125	268	0.729	1.714	
469	-7	-3	4	-1	1	0	31	0.250	0.250	267	0.500	1.375	311	0.530	0.530	298	0.729	1.589	425	0.729	1.030	
470	-20	-3	4	-1	-1	0	262	0.250	0.250	305	0.354	1.280	471	0.604	1.530	179	0.625	0.625	387	0.750	0.750	
471	-21	-4	4	-1	-1	0	305	0.250	0.250	48	0.625	0.625	318	0.625	1.250	347	0.655	0.655	192	0.750	0.750	
472	-8	-4	4	-2	1	1	189	0.125	0.125	416	0.625	0.750	469	0.655	0.655	490	0.684	1.464	136	0.750	0.750	
473	-13	-2	4	-1	-1	0	150	0.125	0.125	83	0.250	0.250	36	0.354	1.405	449	0.530	0.530	172	0.625	0.625	
474	-12	1	4	-1	1	0	167	0.375	0.375	94	0.479	1.405	161	0.500	0.500	424	0.625	0.625	104	0.750	1.250	
475	-5	0	4	2	-1	0	368	0.125	0.125	286	0.250	0.250	106	0.479	1.500	456	0.559	1.589	297	0.625	0.625	
476	-13	3	4	1	-2	0	209	0.125	0.125	1	0.375	0.375	197	0.375	1.250	295	0.500	1.375	44	0.729	1.464	
477	-19	-3	4	-1	-2	2	179	0.125	0.125	262	0.500	0.500	255	0.500	0.500	407	0.750	0.655	470	0.750	0.750	
478	-10	1	4	0	1	0	238	0.500	0.500	339	0.604	1.250	0	0.625	0.780	234	0.625	1.280	394	0.729	1.375	
479	-16	2	4	-1	0	0	441	0.375	1.000	181	0.604	1.375	15	0.625	1.155	351	0.750	1.000	3	0.750	0.625	
480	-21	1	4	-1	-1	0	447	0.125	0.125	332	0.625	0.625	22	0.655	0.655	215	0.655	0.655	116	0.750	0.750	
481	-16	0	4	0	1	0	343	0.500	0.500	3	0.500	1.250	334	0.625	0.625	109	0.625	1.030	386	0.854	1.729	
482	-19	-1	4	-1	-2	0	316	0.500	1.125	4	0.604	1.500	279	0.625	0.625	390	0.625	0.625	242	0.625	0.750	
483	-18	-1	4	-2	1	0	361	0.125	0.125	240	0.479	1.500	390	0.500	0.500	482	0.500	1.125	22	0.559	1.589	
484	-13	-4	4	2	-1	0	397	0.375	0.375	422	0.625	0.625	139	0.729	1.479	188	0.750	0.905	90	0.750	0.875	
485	-16	-4	4	-2	1	0	212	0.479	1.500	154	0.500	0.875	348	0.500	1.125	436	0.625	1.000	159	0.625	1.375	
486	-13	0	4	1	-2	0	353	0.500	0.500	88	0.625	0.625	473	0.625	1.625	266	0.625	0.875	117	0.729	1.714	
487	-5	-6	4	1	-2	0	268	0.125	0.125	101	0.500	0.500	488	0.625	0.625	65	0.750	1.125	199	0.780	0.750	
488	-5	-6	4	-1	0	0	101	0.125	0.125	140	0.375	0.375	30	0.375	0.375	268	0.500	0.500	487	0.625	0.625	
489	-3	-2	4	1	-2	0	335	0.125	0.125	325	0.375	0.375	376	0.479	1.375	364	0.625	0.625	468	0.729	1.604	
490	-10	-3	4	-1	-1	0	151	0.250	0.250	125	0.479	1.280	275	0.500	0.500	100	0.604	1.714	108	0.625	0.625	
491	-12	-2	4	1	1	0	117	0.500	0.500	188	0.625	0.625	12	0.655	0.655	402	0.750	1.125	139	0.780	0.625	
492	-2	1	4	1	-1	0	250	0.125	0.125	269	0.354	1.405	384	0.500	1.375	18	0.625	1.000	296	0.750	1.125	
493	-23	-3	4	1	-2	0	330	0.375	0.375	461	0.479	1.375	287	0.479	1.405	281	0.625	0.625	347	0.625	0.625	
494	-8	1	4	0	-1	0	56	0.125	0.125	406	0.125	0.125	391	0.604	1.589	64	0.625	1.280	463	0.750	0.625	
495	-12	1	4	2	-1	11	424	0.250	0.250	167	0.500	0.500	239	0.500	0.875	369	0.500	1.375	266	0.625	0.625	
496	-4	1	4	0	1	0	247	0.250	0.250	79	0.375	1.000	419	0.500	1.250	185	0.729	1.589	249	0.729	1.714	
497	-23	1	4	2	1	0	208	0.250	0.250	466	0.375	1.250	171	0.500	0.500	116	0.500	1.125	308	0.500	1.000	
498	-4	2	4	-2	-1	13	79	0.250	0.250	419	0.500	0.500	336	0.500	1.125	237	0.604	1.500	253	0.625	0.625	
499	-23	1	4	-1	-2	1	171	0.250	0.250	110	0.375	1.250	208	0.500	0.500	236	0.500	1.125	365	0.625	0.625	
