# states in shortest path from s to t
14

# shortest path from s to t
1	28	4	-2	1
-1	29	4	-1	0
-2	29	4	-1	0
-3	29	4	-1	0
-4	29	4	-1	0
-5	29	4	-1	0
-6	29	4	-1	0
-7	29	4	-1	0
-8	29	4	-1	0
-9	29	4	-1	0
-10	29	4	-1	0
-11	29	4	-1	0
-12	29	4	-1	0
-13	29	4	-1	0

# cost of shortest path
3.559

# Line i represents a sample taken at time i. The sample corresponds to a discrete state.
# Line Format: [sample ID] [x] [y] [z] [x-component of yaw] [y-component of yaw] [U: marginal coverage]
#              [sample ID of nearest neighbor 1] [shortest path cost to nearest neighbor 1] [shortest path cost from nearest neighbor 1]
#              ...
#              [sample ID of nearest neighbor k] [shortest path cost to nearest neighbor k] [shortest path cost from nearest neighbor k]
0	-2	33	4	0	-1	1	173	0.125	0.125	473	0.250	1.250	298	0.625	1.155	328	0.750	0.905	30	0.854	1.957	
1	4	20	4	1	-1	277	489	0.250	0.250	290	0.500	1.375	210	0.500	0.500	245	0.604	1.714	125	0.625	1.250	
2	-2	20	4	1	-2	212	135	0.750	0.625	59	0.750	0.905	343	0.750	1.000	62	0.809	1.339	119	0.854	1.589	
3	-6	24	4	2	-1	18	212	0.750	0.750	398	0.875	1.030	331	0.979	1.479	191	1.038	1.582	261	1.059	1.354	
4	8	27	4	-1	-2	15	149	0.625	0.625	410	0.875	1.250	42	0.875	0.750	335	0.875	0.500	458	1.089	1.089	
5	2	27	4	1	1	13	379	0.479	1.405	234	0.913	1.979	485	1.000	1.125	253	1.000	1.000	97	1.082	1.582	
6	-7	35	4	-2	1	21	463	0.625	1.625	380	0.729	1.714	352	0.729	1.479	348	0.839	0.839	20	0.875	1.625	
7	5	25	4	-1	2	43	274	0.625	0.625	36	0.934	2.207	186	0.979	1.339	377	1.000	1.000	75	1.000	0.625	
8	-5	33	4	2	1	14	291	0.500	1.375	120	0.500	0.500	179	0.625	0.625	239	0.684	1.464	415	0.729	1.479	
9	-6	33	4	2	1	4	120	0.500	1.125	8	0.500	1.125	184	0.604	1.375	317	0.684	1.464	385	0.854	1.155	
10	-9	25	4	2	1	5	197	0.375	1.250	258	0.625	1.625	337	0.655	0.655	407	0.875	0.875	499	0.875	1.030	
11	0	21	4	1	2	2	39	0.375	1.000	402	0.500	0.500	406	0.729	1.375	340	0.750	0.625	70	0.750	1.250	
12	-8	25	4	0	-1	255	499	0.500	1.000	197	0.500	0.500	364	0.604	1.375	258	0.625	0.625	231	0.729	1.375	
13	6	33	4	0	-1	0	386	0.500	0.500	397	0.625	1.155	417	0.729	1.375	92	0.750	0.625	495	0.750	0.625	
14	4	30	4	-1	-2	5	68	0.125	0.125	491	0.250	0.250	478	0.500	0.500	168	0.625	0.875	183	0.729	1.714	
15	-14	22	4	0	-1	64	447	0.375	0.375	90	0.625	0.780	246	0.625	0.625	443	0.905	0.729	150	0.979	1.250	
16	-11	23	4	1	2	19	241	0.500	0.500	465	0.625	0.875	347	0.625	0.750	262	0.750	1.155	35	0.875	0.780	
17	-13	19	4	1	-1	21	85	0.500	0.500	399	0.750	0.750	196	1.000	0.375	482	1.155	0.729	150	1.375	1.250	
18	4	33	4	1	1	19	243	0.125	0.125	329	0.750	1.125	361	0.854	1.589	280	0.875	0.875	131	0.979	1.714	
19	8	23	4	-1	-2	19	207	0.125	0.125	55	0.375	0.375	65	0.729	1.604	71	0.750	0.750	224	0.875	0.625	
20	-9	35	4	-1	0	15	463	0.250	0.250	380	0.625	0.625	352	0.875	0.875	165	1.104	1.000	394	1.125	1.125	
21	4	26	4	2	-1	1	377	0.479	1.500	111	0.625	0.750	273	0.684	1.714	75	0.750	1.155	97	0.875	0.780	
22	9	22	4	1	1	9	426	0.250	0.250	475	0.479	1.155	296	0.479	1.280	333	0.500	1.375	87	0.913	2.229	
23	11	33	4	1	-1	14	29	0.750	0.750	47	0.750	1.125	220	0.875	0.875	492	0.964	0.964	167	1.000	1.000	
24	-8	30	4	1	2	23	53	0.625	1.250	401	0.729	1.604	161	0.875	0.780	393	0.875	1.155	264	1.000	0.625	
25	9	31	4	2	-1	8	492	0.500	1.125	421	0.625	0.625	51	0.750	0.750	190	0.809	1.339	270	1.009	0.875	
26	-4	22	4	1	2	0	232	0.375	0.375	128	0.479	1.280	191	0.684	1.714	391	0.750	1.250	398	0.875	0.780	
27	6	29	4	1	-1	0	458	0.625	1.250	360	0.780	0.625	149	0.979	1.714	97	0.979	1.214	375	1.030	0.854	
28	5	23	4	1	0	84	78	0.375	1.375	462	0.500	1.000	459	0.750	0.750	75	0.750	0.750	307	0.875	0.500	
29	11	34	4	2	1	18	167	0.250	0.250	409	0.625	1.250	23	0.750	0.750	339	0.750	0.750	83	1.030	0.604	
30	-3	30	4	-1	-1	25	134	0.625	1.250	216	0.625	0.750	181	0.854	1.589	405	0.905	0.729	366	1.000	1.125	
31	-7	27	4	-1	1	26	93	0.125	0.125	423	0.354	1.405	336	0.854	1.839	315	0.875	0.780	452	0.875	1.030	
32	6	20	4	-1	0	7	316	0.500	0.500	483	0.500	0.500	390	0.750	0.750	359	0.875	0.875	138	0.979	1.729	
33	2	26	4	1	-2	0	154	0.729	1.589	297	0.729	1.375	148	0.854	1.250	5	1.000	1.000	38	1.000	1.839	
34	-9	26	4	-1	0	84	162	0.604	1.375	126	0.729	1.714	102	0.729	1.250	466	0.750	1.000	282	0.875	0.875	
35	-12	24	4	1	2	3	263	0.729	1.589	347	0.750	1.000	16	0.780	0.750	218	0.905	0.854	56	0.934	2.082	
36	4	28	4	-1	2	7	107	0.375	1.250	322	0.500	1.375	183	0.625	1.250	481	0.684	1.464	379	0.875	0.750	
37	-12	28	4	2	-1	7	82	0.375	1.250	238	0.625	0.625	313	0.625	0.625	411	0.625	0.875	63	0.684	1.464	
38	3	24	4	1	-2	2	350	0.625	0.625	310	0.684	1.714	493	0.750	0.750	377	0.839	0.839	288	0.875	1.030	
39	0	22	4	1	1	1	436	0.854	1.354	70	0.854	1.155	242	1.000	1.561	424	1.125	0.750	112	1.125	1.250	
40	6	35	4	-1	0	6	361	0.250	1.125	92	0.964	0.964	139	1.000	0.875	420	1.030	1.030	164	1.125	0.964	
41	-2	19	4	-1	2	3	449	0.500	1.125	2	1.000	1.000	490	1.030	0.729	26	1.038	2.104	416	1.104	1.464	
42	7	27	4	2	-1	0	149	0.250	0.250	171	0.375	1.250	464	0.500	0.500	496	0.500	0.500	410	0.559	1.589	
43	-1	32	4	0	1	5	429	0.125	0.125	444	0.250	0.250	384	0.905	0.729	341	0.979	1.250	144	1.104	1.582	
44	-1	33	4	1	0	4	341	0.375	0.375	444	0.625	0.625	249	0.729	1.250	321	0.750	0.905	43	0.875	0.500	
45	8	32	4	-1	1	2	92	0.479	1.155	170	0.750	0.750	49	0.875	0.875	79	1.009	1.000	476	1.030	0.875	
46	1	34	4	-1	1	2	430	0.500	1.375	419	0.875	1.030	431	1.000	1.000	453	1.125	1.125	321	1.125	0.875	
47	11	32	4	-1	0	5	446	0.375	1.000	220	0.625	0.780	170	0.979	2.082	421	0.979	1.229	438	1.000	0.750	
48	-9	28	4	1	-2	11	303	0.479	1.375	271	0.750	0.750	452	0.750	0.750	178	0.750	0.750	172	0.875	0.875	
49	8	32	4	1	-2	0	170	0.500	1.125	25	0.604	1.500	354	0.625	0.750	457	0.729	1.604	492	0.729	1.589	
50	-3	24	4	-2	-1	12	108	0.375	1.000	256	0.500	0.875	306	0.625	0.625	272	0.750	0.750	471	0.750	0.655	
51	9	31	4	-2	-1	8	170	0.500	1.125	421	0.750	1.250	25	0.750	0.750	180	0.854	1.604	177	1.104	1.707	
52	3	35	4	-1	0	7	214	0.625	1.155	299	0.625	1.375	116	0.625	0.625	396	0.750	0.905	431	0.854	1.729	
53	-7	30	4	1	-1	0	152	0.750	1.125	452	0.854	1.589	330	0.875	1.125	275	0.875	1.125	445	1.030	0.875	
54	9	24	4	0	-1	1	71	0.375	1.125	19	0.625	1.155	55	0.625	0.780	158	0.750	1.000	203	0.809	1.832	
55	8	23	4	1	-1	0	19	0.375	0.375	207	0.500	0.500	71	0.625	0.875	54	0.780	0.625	450	0.854	1.589	
56	-11	27	4	1	1	6	126	0.375	0.375	63	0.500	0.875	237	0.500	0.500	337	0.530	0.530	82	0.625	0.625	
57	10	27	4	-1	0	2	335	0.500	1.250	81	0.625	0.625	388	0.964	0.964	160	1.000	1.125	133	1.125	1.155	
58	-14	24	4	-1	0	95	61	0.250	0.250	302	0.625	0.625	353	0.809	1.339	246	0.875	0.875	376	0.979	1.625	
59	-1	19	4	-1	-1	6	62	0.625	0.750	41	0.625	1.250	119	0.625	1.250	136	0.625	1.250	2	0.905	0.729	
60	-6	18	4	1	0	0	96	0.250	1.125	309	0.625	1.030	318	0.875	1.339	480	0.979	1.729	345	1.125	0.500	
61	-14	24	4	-1	-1	6	58	0.250	0.250	302	0.375	0.375	443	0.875	0.905	223	0.979	1.479	156	1.000	1.375	
62	-1	18	4	-2	-1	6	136	0.500	0.500	119	0.750	0.750	59	0.750	0.625	257	1.089	1.059	490	1.250	0.750	
63	-10	27	4	1	1	0	271	0.354	1.405	172	0.479	1.280	178	0.604	1.589	466	0.625	0.750	126	0.750	0.750	
64	5	20	4	0	1	0	125	0.125	0.125	290	0.250	0.250	316	0.375	0.375	94	0.604	1.589	267	0.604	1.375	
65	6	22	4	-2	1	0	487	0.500	0.500	459	0.854	1.604	32	0.875	0.875	344	0.875	0.750	390	0.875	0.500	
66	-2	27	4	-1	-2	10	278	0.479	1.280	208	0.500	0.500	84	0.905	0.854	306	0.979	1.589	326	1.038	1.582	
67	9	27	4	1	1	14	373	0.729	1.714	190	0.913	2.229	270	1.000	1.000	160	1.104	0.905	496	1.125	0.875	
68	4	30	4	0	-1	0	14	0.125	0.125	491	0.375	0.375	478	0.375	0.375	183	0.604	1.839	375	0.625	0.625	
69	-10	32	4	2	-1	16	161	0.875	1.030	393	0.934	2.082	468	1.104	1.604	165	1.125	0.964	371	1.163	1.729	
70	1	21	4	1	-2	2	448	0.729	1.604	123	0.780	0.750	257	0.854	1.250	192	0.979	1.714	413	1.059	1.957	
71	9	23	4	1	-1	0	475	0.500	1.000	296	0.750	1.125	19	0.750	0.750	163	0.854	1.839	265	0.854	1.354	
72	7	18	4	1	-2	24	259	0.875	0.875	201	1.125	1.125	440	1.134	1.000	314	1.229	1.479	461	1.457	1.582	
73	8	19	4	1	1	0	314	0.530	0.530	440	0.854	1.155	432	0.979	1.125	308	1.030	0.604	143	1.082	1.582	
74	2	23	4	1	2	0	148	0.729	1.604	101	0.809	1.339	493	0.854	1.479	310	0.979	1.229	288	1.000	1.000	
75	5	25	4	1	0	0	377	0.375	0.375	273	0.375	1.375	7	0.625	0.625	459	0.750	0.625	28	0.750	0.750	
76	-5	19	4	-1	-1	8	96	0.500	1.375	225	0.750	0.750	318	0.875	0.875	226	1.000	0.780	114	1.089	1.000	
77	8	25	4	-1	0	1	224	0.500	0.500	496	0.854	1.479	95	0.875	0.750	307	0.979	1.707	344	1.082	1.729	
78	6	23	4	1	0	0	462	0.375	0.375	200	0.375	1.125	344	0.625	0.625	273	0.750	0.750	22	0.854	1.875	
79	6	32	4	0	1	1	164	0.604	1.375	205	0.625	1.155	417	0.750	0.750	121	0.780	0.780	139	0.809	2.082	
80	0	29	4	-1	-1	0	334	0.375	0.375	286	0.530	0.530	470	0.625	1.250	485	0.655	0.655	84	0.875	1.030	
81	10	28	4	-1	-1	0	335	0.479	1.405	57	0.750	0.625	233	0.780	0.625	488	0.905	0.729	294	1.000	1.155	
82	-11	28	4	1	0	1	56	0.625	0.625	305	0.625	0.625	63	0.625	0.780	237	0.750	0.625	303	0.854	2.125	
83	10	35	4	2	-1	13	339	0.375	1.000	363	0.655	0.655	29	0.750	1.030	287	0.875	1.000	167	1.000	1.030	
84	-1	28	4	1	-1	0	334	0.655	0.655	470	0.750	0.750	374	1.000	1.000	185	1.000	1.155	80	1.030	0.604	
85	-13	19	4	-1	-1	6	17	0.500	0.500	399	0.750	0.625	150	1.250	1.250	196	1.500	0.375	211	1.655	0.854	
86	-8	21	4	-2	-1	11	497	0.125	0.125	456	0.750	0.750	213	0.750	0.750	98	0.875	1.030	323	1.059	1.354	
87	11	25	4	1	2	5	276	0.375	0.375	151	0.500	0.500	389	0.500	1.125	95	0.875	0.875	488	1.184	1.500	
88	9	21	4	-1	0	1	189	0.250	1.250	265	0.375	1.375	432	0.375	0.375	451	0.750	0.750	32	0.854	2.125	
89	-5	27	4	1	1	0	169	0.125	0.125	147	0.729	1.714	472	0.750	0.750	266	0.750	0.750	454	0.750	0.625	
90	-13	21	4	-1	-1	2	196	0.625	1.250	482	0.655	0.655	15	0.780	0.625	399	0.979	1.214	246	1.000	0.905	
91	-7	18	4	-1	-1	5	106	1.155	0.875	213	1.250	1.030	96	1.509	1.250	325	1.561	1.089	226	1.655	0.854	
92	7	33	4	-2	-1	17	495	0.625	1.375	13	0.625	0.750	170	0.839	0.839	397	0.854	1.589	354	0.979	1.229	
93	-7	27	4	-2	1	6	31	0.125	0.125	423	0.479	1.500	452	0.750	0.905	266	0.875	0.625	336	0.979	1.714	
94	4	22	4	-1	0	1	138	0.375	0.375	267	0.500	0.500	310	0.500	0.500	433	1.104	1.354	70	1.104	1.582	
95	9	25	4	0	1	0	151	0.375	0.375	410	0.500	1.000	160	0.729	1.375	450	0.780	0.780	171	0.854	1.339	
96	-5	18	4	1	-1	2	318	0.530	0.530	309	0.625	0.625	166	0.750	0.750	486	0.875	0.905	135	1.061	1.061	
97	5	27	4	1	-2	0	111	0.375	1.250	360	0.750	0.750	186	0.875	0.875	464	0.979	1.714	273	0.979	1.464	
98	-9	22	4	-2	1	3	362	0.479	1.280	241	0.604	1.375	130	0.625	0.625	215	0.854	1.250	262	0.979	1.714	
99	-7	22	4	1	0	0	212	0.625	0.780	398	0.729	1.714	159	0.854	1.479	456	1.000	0.875	412	1.104	1.229	
100	-8	23	4	-1	2	1	364	0.604	1.280	282	0.604	1.500	323	0.625	0.625	130	0.625	0.875	499	0.750	1.125	
101	3	25	4	-2	1	0	268	0.655	0.655	154	0.729	1.604	274	0.875	0.625	5	0.979	1.479	38	1.000	1.125	
102	-10	25	4	0	-1	3	162	0.125	0.125	113	0.125	0.125	263	0.625	0.625	414	0.625	1.030	364	0.750	0.905	
103	7	31	4	1	-1	0	121	0.500	0.500	421	0.604	1.714	457	0.625	1.250	49	0.655	0.655	417	0.750	0.750	
104	-15	23	4	1	1	1	110	0.625	0.625	15	0.854	1.280	58	0.979	1.125	156	0.979	1.229	376	0.979	1.155	
105	3	30	4	-1	2	0	481	0.375	0.375	455	0.479	1.280	168	0.500	0.500	383	0.625	0.625	234	0.625	0.625	
106	-8	18	4	2	-1	3	345	0.375	1.250	91	0.875	1.000	325	1.155	0.854	255	1.163	1.457	60	1.229	1.625	
107	4	29	4	0	1	3	322	0.125	0.125	234	0.500	1.250	105	0.625	1.155	481	0.625	0.780	292	0.854	2.125	
108	-4	24	4	-1	-1	5	256	0.125	0.125	230	0.750	1.125	391	0.979	1.464	295	1.000	1.000	272	1.000	1.000	
109	10	30	4	0	1	8	190	0.500	0.500	176	0.750	0.750	294	0.905	0.729	170	0.979	1.479	45	0.979	1.811	
110	-15	24	4	1	0	0	427	0.250	0.250	302	0.375	1.000	104	0.625	0.625	443	0.729	1.714	284	0.979	1.479	
111	5	26	4	0	-1	2	377	0.250	1.250	273	0.604	1.250	350	0.729	1.714	21	0.750	0.625	493	0.854	1.339	
112	-1	23	4	-1	0	1	436	0.375	0.375	406	0.375	0.375	289	0.750	0.905	242	0.780	0.780	424	0.875	0.875	
113	-10	25	4	1	-2	0	102	0.125	0.125	162	0.250	0.250	407	0.479	1.280	263	0.500	0.500	10	0.625	1.125	
114	-7	20	4	0	-1	0	213	0.750	0.625	226	0.875	0.500	159	0.875	0.875	309	0.979	1.589	96	0.979	1.811	
115	-9	19	4	2	-1	2	106	0.479	1.280	269	0.500	0.500	325	0.625	0.625	345	0.684	1.464	60	0.934	2.082	
116	3	35	4	1	2	0	52	0.625	0.625	329	0.905	0.625	396	1.030	0.729	430	1.125	0.875	46	1.214	1.184	
117	3	29	4	0	-1	0	183	0.250	1.125	21	0.809	1.832	360	0.979	1.589	33	0.979	2.000	168	1.000	0.625	
118	-5	30	4	-1	2	4	152	0.500	0.500	342	0.500	0.500	275	0.625	0.625	445	0.625	1.250	366	0.875	1.030	
119	-1	18	4	2	-1	6	136	0.250	0.250	490	0.500	0.500	62	0.750	0.750	198	0.750	0.905	236	0.750	0.875	
120	-5	33	4	1	-2	0	434	0.250	0.250	403	0.375	1.250	385	0.375	1.000	8	0.500	0.500	291	0.625	0.875	
121	7	31	4	1	1	3	103	0.500	0.500	45	0.729	1.030	417	0.750	0.750	354	0.750	1.125	79	1.000	0.780	
122	-2	34	4	-1	-2	16	0	0.375	1.250	469	0.479	1.375	173	0.500	1.125	381	0.500	0.500	328	0.559	1.589	
123	2	22	4	1	-2	0	433	0.729	1.714	70	0.875	0.780	192	0.979	1.464	202	1.000	1.000	310	1.009	0.875	
124	0	26	4	1	-1	0	132	0.500	0.500	154	0.729	1.714	436	0.854	1.354	5	0.854	1.589	288	0.913	1.979	
125	5	20	4	1	2	0	64	0.125	0.125	290	0.125	0.125	316	0.500	0.500	127	0.604	1.500	138	0.729	1.589	
126	-11	27	4	-1	2	6	56	0.375	0.375	441	0.559	1.589	63	0.750	0.750	422	0.750	1.155	313	0.809	1.339	
127	6	21	4	2	1	0	359	0.375	0.375	390	0.500	0.500	65	0.750	1.250	22	0.934	2.082	316	1.000	0.375	
128	-3	23	4	1	2	0	191	0.375	1.250	326	0.479	1.375	157	0.500	0.500	140	0.684	1.714	295	0.729	1.589	
129	-4	32	4	-1	0	2	146	0.375	0.375	434	0.750	0.905	405	0.750	1.000	134	0.875	0.875	415	0.875	0.750	
130	-9	23	4	-2	1	0	323	0.500	0.500	362	0.500	1.125	262	0.604	1.375	98	0.625	0.625	364	0.625	0.625	
131	6	34	4	2	1	0	139	0.604	1.500	420	0.625	1.000	417	0.839	0.839	49	0.979	1.604	92	1.000	1.000	
132	0	26	4	1	1	0	124	0.500	0.500	253	0.750	1.125	428	0.780	0.625	185	0.875	1.125	332	0.913	1.979	
133	11	28	4	1	2	1	209	0.500	1.375	388	0.500	1.125	373	0.875	1.030	81	1.000	1.125	378	1.125	0.875	
134	-4	30	4	-2	1	0	118	0.500	0.875	445	0.625	1.625	240	0.625	1.250	147	0.875	0.500	355	1.000	0.905	
135	-3	20	4	1	-1	0	318	0.530	0.530	301	0.530	0.530	2	0.750	0.750	402	0.854	1.354	340	0.854	1.589	
136	-1	18	4	1	-2	4	119	0.250	0.250	62	0.500	0.500	236	0.625	0.625	490	0.750	0.750	198	1.000	0.905	
137	11	21	4	1	0	6	163	0.875	0.750	474	1.000	0.875	296	1.104	1.339	203	1.250	0.375	143	1.250	1.125	
138	4	22	4	-1	2	0	94	0.375	0.375	459	0.729	1.589	267	0.875	0.625	310	0.875	0.875	288	0.979	1.354	
139	7	35	4	1	2	1	40	0.875	1.000	363	0.979	1.464	92	1.500	1.125	131	1.530	0.479	205	1.561	1.059	
140	-2	25	4	0	1	0	175	0.375	0.375	326	0.875	0.750	454	0.979	1.561	124	0.979	1.354	289	1.000	0.875	
141	-11	32	4	0	1	9	358	0.500	0.500	69	0.875	1.000	312	0.905	0.729	161	0.964	0.964	468	1.163	1.994	
142	-13	24	4	-1	-1	0	357	0.250	0.250	58	0.625	1.125	443	0.625	1.250	61	0.625	0.875	302	0.750	0.750	
143	11	19	4	1	-2	4	365	0.500	1.125	440	0.839	0.839	254	0.875	1.000	308	1.104	1.229	137	1.125	1.000	
144	-2	35	4	-2	-1	12	193	0.500	1.125	122	0.625	0.875	381	0.750	1.250	44	0.979	1.229	239	1.000	1.155	
145	10	19	4	1	1	0	254	0.530	0.530	88	0.854	1.354	308	1.030	0.854	265	1.104	1.354	474	1.125	1.125	
146	-4	32	4	-1	2	0	129	0.375	0.375	184	0.684	1.714	291	0.750	1.125	403	0.875	1.125	8	0.875	1.030	
147	-4	29	4	-1	2	0	252	0.125	0.125	118	0.479	1.280	134	0.500	0.875	445	0.854	1.479	342	0.875	1.030	
148	1	25	4	-2	1	0	297	0.125	0.125	428	0.375	0.375	242	0.750	0.655	132	0.875	1.155	5	0.979	1.464	
149	7	27	4	1	-2	0	42	0.250	0.250	4	0.625	0.625	464	0.625	0.750	496	0.750	0.750	410	0.854	1.604	
150	-13	21	4	1	1	0	251	0.729	1.030	246	0.979	1.155	90	1.000	1.000	104	1.061	1.061	215	1.082	1.582	
151	10	25	4	0	1	0	95	0.375	0.375	87	0.500	0.500	276	0.625	0.625	410	0.750	0.905	389	0.750	0.905	
152	-6	30	4	0	1	1	275	0.125	0.125	118	0.500	0.500	445	0.750	0.750	342	0.750	0.750	8	0.809	1.832	
153	-11	22	4	-1	2	3	16	0.500	1.375	35	0.559	1.589	241	0.750	0.905	251	0.750	0.750	465	0.875	1.280	
154	1	24	4	-1	-2	6	242	0.625	1.250	123	0.729	1.589	297	0.750	0.750	288	0.875	0.780	148	0.875	0.875	
155	11	24	4	-1	-1	0	333	0.729	1.589	95	0.854	1.354	276	0.875	0.875	54	1.000	1.000	475	1.000	1.155	
156	-16	24	4	-2	-1	2	376	0.250	0.250	353	0.750	0.625	223	0.875	0.875	304	1.214	1.184	110	1.250	1.250	
157	-2	23	4	0	1	0	128	0.500	0.500	175	0.875	1.589	112	0.875	0.500	191	0.875	1.030	471	0.979	1.354	
158	10	24	4	2	1	1	450	0.125	0.125	87	0.479	1.500	475	0.625	0.625	372	0.750	0.750	410	0.839	0.839	
159	-5	20	4	-1	-2	1	412	0.250	0.250	76	0.375	1.000	225	0.500	0.500	309	0.625	1.000	166	0.729	1.589	
160	10	26	4	2	-1	0	87	0.875	1.030	67	0.905	0.854	155	0.979	1.479	389	1.000	1.000	151	1.000	0.625	
161	-9	31	4	1	2	0	439	0.750	0.750	24	0.780	0.750	348	0.809	1.339	368	0.875	1.405	358	0.875	1.030	
162	-10	25	4	-1	-2	14	102	0.125	0.125	113	0.250	0.250	414	0.750	0.905	12	0.875	0.875	407	0.875	1.030	
163	10	21	4	0	-1	1	203	0.375	0.375	451	0.604	1.589	474	0.625	1.030	432	0.729	1.250	137	0.875	0.875	
164	5	33	4	-2	1	3	205	0.250	0.250	495	0.375	0.375	386	0.500	0.500	329	0.604	1.375	293	0.625	1.625	
165	-9	34	4	1	0	0	468	0.500	1.000	352	0.500	0.500	260	0.604	1.589	418	0.625	0.625	187	0.750	1.125	
166	-4	18	4	1	-2	0	96	0.750	0.625	486	0.875	0.875	76	0.905	0.854	318	1.000	0.500	255	1.000	1.000	
167	11	34	4	1	2	0	29	0.250	0.250	409	0.500	1.250	194	0.625	1.250	339	0.875	1.000	83	1.125	0.854	
168	3	30	4	-2	-1	4	478	0.375	0.375	105	0.500	0.500	285	0.729	1.589	68	0.750	0.750	117	0.750	1.000	
169	-5	27	4	2	1	0	89	0.125	0.125	472	0.625	0.625	454	0.625	0.750	181	0.750	0.905	147	0.854	1.604	
170	8	31	4	-2	-1	5	457	0.479	1.280	45	0.750	0.750	92	0.839	0.839	79	0.854	1.479	103	0.875	1.000	
171	8	27	4	1	1	1	67	0.500	0.875	294	0.729	1.714	4	0.875	0.875	109	1.038	2.104	149	1.250	0.625	
172	-9	28	4	0	1	0	271	0.125	0.125	423	0.500	0.500	336	0.625	1.030	178	0.750	1.125	48	0.875	0.875	
173	-2	33	4	-1	-2	3	0	0.125	0.125	298	0.479	1.280	473	0.500	1.375	415	0.750	1.155	469	0.750	1.000	
174	3	20	4	1	2	0	192	0.375	0.375	244	0.500	0.500	138	0.559	1.589	279	0.625	0.625	433	0.625	0.625	
175	-1	25	4	0	1	0	140	0.375	0.375	132	0.625	1.280	428	0.750	0.750	253	0.875	1.589	436	0.875	0.750	
176	10	30	4	1	-1	0	378	0.479	1.280	190	0.625	1.250	270	0.780	0.625	438	0.905	0.729	180	0.964	0.964	
177	6	30	4	1	-2	0	27	0.375	1.000	103	0.655	0.655	68	0.875	0.875	457	0.875	0.750	375	1.000	0.750	
178	-8	28	4	1	-1	0	452	0.500	0.500	303	0.625	0.625	34	0.854	1.354	283	1.030	0.854	266	1.104	1.229	
179	-5	34	4	2	-1	14	317	0.375	1.000	8	0.625	0.625	184	0.625	0.625	434	0.625	1.125	120	0.625	0.875	
180	8	29	4	1	-2	0	233	0.500	0.500	270	0.750	1.000	335	0.809	1.339	176	0.964	0.964	458	0.979	1.339	
181	-4	28	4	1	-1	0	208	0.479	1.280	367	0.625	0.625	278	0.729	1.714	169	0.905	0.729	89	1.030	0.604	
182	-11	19	4	1	2	1	482	0.854	1.250	399	1.125	1.000	215	1.229	1.354	85	1.250	1.354	150	1.280	1.186	
183	3	28	4	-1	-1	0	222	0.625	1.000	186	0.655	0.655	33	0.729	1.714	21	0.979	1.479	332	1.000	1.155	
184	-5	34	4	0	1	2	179	0.625	0.625	400	0.729	1.375	317	0.750	1.125	8	1.000	0.625	193	1.125	0.964	
185	0	27	4	-2	-1	4	311	0.500	1.125	124	0.625	1.250	253	1.000	0.625	370	1.038	1.854	289	1.038	2.119	
186	4	27	4	-2	-1	5	222	0.500	0.875	21	0.750	1.250	183	0.750	0.655	268	0.750	0.750	36	0.875	0.875	
187	-9	33	4	-1	-1	1	394	0.125	0.125	69	0.854	1.155	141	0.979	1.354	20	1.000	1.000	358	1.000	1.155	
188	-4	31	4	2	-1	14	405	0.250	0.250	240	0.375	0.375	366	0.500	0.500	355	0.625	1.000	217	0.750	0.905	
189	8	21	4	-2	1	0	265	0.125	0.125	487	0.809	1.339	333	0.964	0.964	200	0.979	1.479	426	1.000	0.905	
190	11	30	4	1	2	0	109	0.500	0.500	51	0.979	1.354	373	1.030	0.729	294	1.089	1.059	378	1.125	1.250	
191	-3	24	4	0	1	0	295	0.625	1.155	272	0.625	0.625	50	0.625	0.625	140	0.625	1.030	108	0.750	1.125	
192	3	20	4	1	0	0	1	0.250	1.125	433	0.250	0.250	489	0.375	1.375	174	0.375	0.375	210	0.375	1.125	
193	-3	35	4	-1	2	0	467	1.000	1.354	400	1.125	0.750	469	1.125	1.000	144	1.125	0.500	120	1.229	1.229	
194	11	35	4	0	1	0	409	0.250	0.250	287	0.750	0.750	339	0.750	0.750	29	1.000	0.625	83	1.000	0.625	
195	-13	26	4	2	1	0	425	0.375	1.250	442	0.500	1.375	277	0.625	0.875	237	0.684	1.464	56	0.729	1.714	
196	-13	20	4	1	-2	0	85	0.375	1.250	17	0.375	1.000	399	0.875	1.030	482	0.875	0.750	150	1.250	1.000	
197	-8	25	4	1	0	0	258	0.250	1.125	499	0.500	0.500	12	0.500	0.500	231	0.750	0.905	303	0.750	0.750	
198	0	19	4	1	0	0	448	0.875	0.875	257	0.875	1.125	119	0.905	0.729	174	0.934	1.832	435	0.979	2.082	
199	-14	27	4	1	-2	1	195	0.729	1.280	277	0.875	1.250	142	0.934	1.832	58	1.038	1.582	37	1.089	1.089	
200	7	23	4	1	1	0	410	0.913	2.229	459	0.964	0.964	475	1.082	1.832	273	1.089	1.000	426	1.089	1.000	
201	7	19	4	1	2	0	390	0.729	1.589	32	0.729	1.375	316	0.750	0.905	73	0.750	0.750	189	0.809	1.339	
202	2	22	4	-1	2	0	74	0.500	1.375	123	1.000	1.000	138	1.000	1.000	288	1.000	1.000	148	1.184	1.957	
203	10	21	4	2	-1	0	137	0.375	1.250	163	0.375	0.375	474	0.604	1.375	22	0.905	0.854	451	0.979	1.229	
204	-2	30	4	1	2	0	429	0.559	1.589	319	0.625	0.625	43	0.684	1.714	444	0.729	1.714	404	0.729	1.604	
205	5	33	4	-1	2	0	164	0.250	0.250	495	0.625	0.625	243	0.625	0.625	329	0.750	1.155	386	0.750	0.750	
206	4	31	4	-1	-2	6	349	0.125	0.125	68	0.375	1.250	14	0.500	1.125	491	0.500	0.875	168	0.604	1.500	
207	8	23	4	-1	-1	0	19	0.125	0.125	55	0.500	0.500	65	0.604	1.714	71	0.875	0.875	77	1.000	1.000	
208	-3	27	4	0	-1	0	66	0.500	0.500	278	0.500	1.250	471	0.604	1.839	472	0.750	0.750	370	0.809	2.082	
209	11	29	4	-1	2	1	388	0.250	0.250	190	0.500	1.375	373	0.625	0.625	109	0.750	1.155	378	0.875	0.875	
210	4	20	4	1	1	0	489	0.250	0.250	290	0.500	0.875	1	0.500	0.500	267	0.625	1.250	125	0.625	0.750	
211	-12	21	4	-1	0	3	90	0.250	1.125	482	0.500	0.500	447	0.875	0.875	251	0.875	0.625	17	1.059	1.354	
212	-6	23	4	1	-1	0	398	0.625	1.250	99	0.780	0.625	26	0.854	1.464	456	0.854	1.339	331	0.875	1.030	
213	-8	20	4	-1	-1	2	325	0.604	1.530	497	0.625	0.625	114	0.625	0.625	115	1.000	1.155	91	1.104	1.089	
214	2	34	4	-2	-1	16	396	0.500	0.500	46	0.500	1.250	431	0.604	1.500	293	0.655	0.655	299	0.875	0.780	
215	-10	21	4	1	-2	0	269	0.479	1.375	325	0.684	1.464	115	0.854	1.589	482	0.979	1.339	106	1.082	2.104	
216	-3	29	4	-2	-1	2	367	0.479	1.280	147	0.500	1.125	252	0.625	1.000	118	0.729	1.604	30	0.750	0.625	
217	-3	30	4	1	1	0	240	0.530	0.530	204	0.625	0.750	355	0.750	1.125	129	0.854	1.354	366	0.875	0.655	
218	-13	23	4	-1	1	2	281	0.250	0.250	58	0.354	1.280	357	0.625	0.625	15	0.854	1.250	443	0.875	0.875	
219	-1	34	4	-1	2	0	229	0.500	1.375	144	0.604	1.280	122	0.875	1.250	173	0.979	1.280	341	1.000	0.625	
220	10	33	4	-1	-1	0	446	0.625	1.000	45	0.729	1.589	47	0.780	0.625	23	0.875	0.875	25	0.979	1.464	
221	-12	26	4	-2	-1	2	425	0.625	0.625	235	0.625	0.875	442	0.750	0.750	347	0.979	1.229	195	1.000	1.000	
222	3	27	4	-1	-2	4	33	0.875	1.030	21	0.875	1.280	186	0.875	0.500	286	0.964	0.964	183	1.000	0.500	
223	-16	25	4	-1	2	1	353	0.625	0.625	304	0.750	0.655	284	0.839	0.839	156	0.875	0.875	427	0.905	0.854	
224	8	24	4	-2	-1	6	77	0.500	0.500	55	0.625	1.250	19	0.625	0.875	54	0.750	0.750	207	0.750	0.750	
225	-5	20	4	-2	1	2	412	0.250	0.250	226	0.375	1.250	159	0.500	0.500	346	0.750	1.000	479	0.875	1.030	
226	-6	20	4	-1	0	8	479	0.750	0.625	76	0.780	0.780	325	0.854	1.957	497	0.875	1.589	106	0.979	1.229	
227	-5	22	4	-1	1	0	331	0.500	0.500	398	0.750	1.250	26	0.750	0.750	479	1.000	1.155	225	1.125	0.875	
228	2	32	4	0	-1	0	249	0.750	0.750	300	0.750	0.905	248	0.750	0.625	356	0.854	1.875	478	0.875	1.589	
229	-1	35	4	1	2	0	341	0.750	0.750	453	0.875	1.125	321	1.000	1.030	144	1.000	1.125	44	1.125	1.000	
230	-5	24	4	-1	0	2	100	0.979	1.750	227	1.000	0.884	256	1.000	0.625	99	1.104	1.104	295	1.125	0.905	
231	-7	24	4	2	1	1	3	0.500	1.375	387	0.500	0.500	258	0.750	0.750	99	0.875	0.875	477	0.905	0.854	
232	-4	22	4	1	0	0	391	0.375	1.000	26	0.375	0.375	301	0.604	1.839	340	0.854	1.875	191	0.979	1.589	
233	9	29	4	0	-1	0	270	0.500	0.500	180	0.500	0.500	81	0.625	0.780	4	0.729	1.714	378	0.750	0.750	
234	4	30	4	-1	2	0	491	0.500	0.500	105	0.625	0.625	292	0.684	1.714	481	0.750	0.750	168	0.750	1.125	
235	-12	25	4	-1	-2	14	357	0.479	1.375	443	0.559	1.589	142	0.875	1.405	102	0.875	0.875	221	0.875	0.625	
236	0	18	4	-1	-2	18	136	0.625	0.625	62	0.625	0.875	59	0.655	0.655	119	0.875	0.750	448	0.875	0.625	
237	-11	27	4	1	-1	0	63	0.500	1.375	56	0.500	0.500	425	0.530	0.530	82	0.625	0.625	442	0.655	0.655	
238	-12	27	4	2	-1	0	411	0.250	0.250	237	0.375	1.000	56	0.375	1.250	442	0.625	0.625	37	0.625	0.625	
239	-3	34	4	1	-1	0	0	0.479	1.280	381	0.500	1.000	173	0.604	1.155	44	0.604	1.839	291	0.655	0.655	
240	-4	31	4	1	1	0	366	0.125	0.125	188	0.375	0.375	408	0.479	1.405	217	0.530	0.530	405	0.625	0.625	
241	-10	23	4	0	1	0	362	0.375	0.375	262	0.375	1.375	465	0.375	0.375	323	0.500	0.500	16	0.500	0.500	
242	0	24	4	-1	1	0	175	0.479	1.280	148	0.655	0.655	436	0.750	1.125	297	0.780	0.625	428	0.875	0.780	
243	4	33	4	1	2	0	18	0.125	0.125	329	0.375	1.250	205	0.625	0.625	361	0.684	1.464	131	0.729	1.589	
244	3	20	4	-2	1	0	279	0.500	0.875	174	0.500	0.500	267	0.780	0.750	433	0.875	0.875	192	0.875	0.875	
245	6	19	4	2	1	0	201	0.500	0.875	290	0.655	0.655	72	0.854	1.280	32	0.875	1.125	64	1.000	0.905	
246	-14	22	4	-2	1	0	15	0.625	0.625	218	0.655	0.655	427	0.729	1.479	90	0.905	0.854	447	1.000	0.750	
247	-8	29	4	-1	0	0	283	0.250	1.125	371	0.250	0.250	336	0.500	0.500	423	0.750	0.625	452	0.750	0.625	
248	1	32	4	-1	-1	0	228	0.625	0.625	249	0.625	0.625	300	0.964	0.964	250	0.979	1.714	404	1.000	1.155	
249	0	32	4	0	-1	0	404	0.500	1.000	248	0.625	0.625	498	0.729	1.714	228	0.750	0.750	473	0.875	0.875	
250	0	30	4	-1	-2	5	80	0.375	1.000	334	0.500	1.375	338	0.625	1.250	498	0.625	0.875	84	0.684	1.464	
251	-12	22	4	-1	1	0	281	0.479	1.280	218	0.479	1.530	211	0.625	0.625	347	0.854	1.354	246	1.000	1.375	
252	-4	29	4	0	1	0	147	0.125	0.125	134	0.375	1.000	118	0.625	1.155	217	0.625	1.280	342	0.750	0.905	
253	0	27	4	0	1	0	311	0.500	0.500	185	0.625	0.625	338	0.854	1.957	319	0.979	2.000	33	1.104	1.229	
254	11	18	4	1	1	3	145	0.530	0.530	432	1.104	1.354	365	1.125	0.875	143	1.155	0.875	314	1.250	0.750	
255	-5	18	4	-1	2	0	309	0.625	1.000	480	0.729	1.589	226	0.854	1.464	318	0.875	1.125	486	0.875	1.280	
256	-4	24	4	-1	-2	3	108	0.125	0.125	391	0.729	1.589	331	0.729	1.714	230	0.750	1.000	50	0.875	0.500	
257	0	20	4	-2	1	0	402	0.604	1.375	448	0.625	0.625	340	0.875	1.155	416	0.934	1.832	136	0.979	1.354	
258	-7	25	4	1	-1	0	3	0.479	1.405	12	0.625	0.625	499	0.655	0.655	231	0.750	0.750	407	0.964	0.964	
259	5	18	4	0	-1	1	461	0.750	1.000	395	1.000	1.125	435	1.125	0.875	245	1.125	1.155	201	1.229	1.229	
260	-7	33	4	1	0	0	9	0.250	1.250	403	0.604	1.589	320	0.604	1.375	385	0.604	1.839	8	0.979	1.625	
261	-5	26	4	-1	2	0	89	0.375	1.250	266	0.479	1.280	169	0.500	1.125	315	0.684	1.714	93	0.729	1.589	
262	-10	24	4	0	1	0	263	0.500	1.000	282	0.750	0.625	466	0.809	2.082	221	0.854	1.479	56	0.854	1.875	
263	-10	25	4	2	1	0	113	0.500	0.500	10	0.500	1.125	102	0.625	0.625	499	0.729	1.589	414	0.729	1.375	
264	-7	30	4	-1	0	0	330	0.500	0.500	283	0.604	1.839	247	0.625	1.030	371	0.729	1.280	53	0.750	0.750	
265	8	21	4	-1	0	1	189	0.125	0.125	32	0.604	1.589	359	0.979	1.250	207	1.000	0.884	432	1.030	0.604	
266	-6	27	4	-1	2	0	315	0.375	1.250	93	0.625	0.875	89	0.750	0.750	31	0.750	0.750	452	0.854	1.479	
267	4	21	4	-2	1	0	94	0.500	0.500	138	0.625	0.875	202	0.854	1.589	1	0.875	1.125	244	0.875	0.780	
268	4	26	4	-1	1	0	186	0.750	0.750	360	0.854	1.354	21	0.875	0.875	332	0.913	2.229	379	0.979	1.464	
269	-9	20	4	1	0	0	115	0.500	0.500	325	0.750	1.125	114	0.979	1.250	91	0.979	1.354	60	1.082	2.119	
270	9	29	4	1	0	0	421	0.500	0.500	233	0.500	0.500	109	0.604	1.250	294	0.625	0.625	176	0.625	0.780	
271	-9	28	4	1	2	0	172	0.125	0.125	423	0.625	0.625	178	0.625	1.250	48	0.750	0.750	336	0.750	1.155	
272	-3	24	4	2	-1	0	326	0.375	1.250	370	0.500	0.875	50	0.750	0.750	175	0.854	1.479	128	0.875	0.750	
273	6	25	4	1	0	0	464	0.625	1.030	78	0.750	0.750	19	0.854	1.479	54	0.979	1.707	207	0.979	1.354	
274	4	25	4	-1	2	0	268	0.375	1.000	7	0.625	0.625	101	0.625	0.875	21	0.750	1.125	459	1.030	0.729	
275	-6	30	4	-1	2	0	152	0.125	0.125	118	0.625	0.625	445	0.625	0.625	401	0.750	1.125	342	0.875	0.875	
276	11	25	4	-1	1	0	87	0.375	0.375	389	0.750	0.750	151	0.750	0.625	77	0.957	1.875	488	1.000	1.125	
277	-13	27	4	1	2	0	422	0.479	1.155	37	0.604	1.280	238	0.625	1.125	441	0.854	1.839	411	0.875	1.250	
278	-3	26	4	-1	-2	3	306	0.500	0.875	370	0.729	1.589	108	0.729	1.714	484	0.750	0.905	326	0.854	1.479	
279	2	20	4	-1	2	0	174	0.625	0.625	244	0.875	0.500	448	1.104	1.339	202	1.229	1.500	267	1.250	1.030	
280	4	32	4	1	-1	0	206	0.625	1.250	397	0.750	0.750	349	0.750	1.125	375	0.854	1.589	478	0.854	1.339	
281	-13	23	4	0	1	0	218	0.250	0.250	35	0.625	1.155	58	0.729	1.250	443	0.875	0.875	304	0.957	2.104	
282	-9	24	4	-2	1	0	364	0.250	0.250	130	0.625	0.625	414	0.625	0.625	262	0.625	0.750	407	0.750	0.750	
283	-9	29	4	-1	-1	0	452	0.530	0.530	48	0.625	1.250	303	0.854	1.354	271	1.125	0.875	178	1.125	1.030	
284	-14	26	4	-1	2	0	304	0.750	0.750	223	0.839	0.839	195	0.875	0.875	353	0.979	1.464	238	0.979	1.354	
285	1	31	4	-2	1	2	498	0.729	1.589	248	0.750	0.750	384	0.750	0.875	250	0.854	1.280	429	0.854	1.589	
286	1	28	4	-1	-1	0	485	0.125	0.125	374	0.250	0.250	185	0.479	1.405	80	0.530	0.530	470	0.750	0.750	
287	11	35	4	-1	-1	0	409	0.500	0.500	339	0.500	0.500	83	1.125	0.875	29	1.229	1.125	220	1.250	1.589	
288	2	23	4	-1	-2	2	123	0.500	1.375	70	0.559	1.589	154	0.780	0.750	74	1.000	1.000	202	1.000	1.000	
289	-2	24	4	-2	-1	3	50	0.500	1.125	370	0.500	0.500	191	0.625	1.000	108	0.625	1.375	295	0.729	1.604	
290	5	20	4	1	1	0	125	0.125	0.125	64	0.250	0.250	359	0.479	1.280	127	0.479	1.405	390	0.604	1.155	
291	-4	33	4	2	-1	15	328	0.479	1.500	415	0.604	1.375	385	0.655	0.655	317	0.750	0.625	239	0.750	0.655	
292	3	32	4	0	1	0	18	0.625	1.280	396	0.729	1.714	280	0.750	1.125	329	0.875	1.589	455	0.905	0.729	
293	3	33	4	-1	-1	0	228	0.479	1.280	46	0.854	1.589	349	0.854	1.339	214	0.875	0.655	397	0.964	0.964	
294	9	29	4	-1	2	0	373	0.625	0.625	457	0.729	1.604	421	0.750	1.125	109	0.750	0.905	176	0.875	1.125	
295	-4	25	4	-1	2	0	261	0.479	1.280	471	0.625	0.625	89	0.684	1.464	169	0.809	1.339	140	0.875	0.875	
296	10	23	4	0	1	0	450	0.375	1.125	158	0.500	1.000	95	0.604	1.589	475	0.625	0.625	460	0.625	0.625	
297	1	25	4	-1	0	0	148	0.125	0.125	428	0.500	0.500	436	0.604	1.589	242	0.625	0.780	175	0.979	1.250	
298	-3	32	4	-1	-2	5	415	0.125	0.125	328	0.250	0.250	30	0.625	1.375	473	0.625	0.625	469	0.750	0.750	
299	1	35	4	-1	-2	7	453	0.500	0.500	419	0.750	0.750	46	0.875	1.000	321	0.875	1.030	214	0.875	0.780	
300	3	31	4	-1	-2	9	478	0.375	1.250	168	0.500	0.875	349	0.500	0.500	206	0.625	0.625	455	0.750	1.250	
301	-2	21	4	1	-1	0	343	0.354	1.280	340	0.500	1.375	135	0.530	0.530	2	0.625	1.000	402	0.750	1.125	
302	-14	24	4	1	-2	0	61	0.375	0.375	58	0.625	0.625	443	0.750	1.280	142	0.750	0.750	447	0.854	1.714	
303	-8	27	4	1	0	0	178	0.625	0.625	197	0.750	0.750	423	0.875	1.000	466	1.000	0.625	266	1.104	1.375	
304	-15	26	4	-1	1	0	223	0.655	0.655	376	0.964	0.964	353	1.104	1.030	61	1.339	1.104	199	1.405	0.875	
305	-11	28	4	-1	-2	1	237	0.375	1.250	425	0.684	1.464	442	0.809	1.339	411	0.875	1.030	37	0.875	0.750	
306	-3	25	4	-2	-1	3	471	0.375	1.000	256	0.479	1.500	295	0.500	1.125	50	0.625	0.625	230	0.684	1.714	
307	5	24	4	0	-1	0	350	0.500	0.500	94	0.604	1.589	78	0.604	1.250	310	0.604	1.589	493	0.625	0.625	
308	9	18	4	-1	1	0	369	0.250	0.250	314	0.500	0.500	451	0.625	0.625	73	0.729	1.030	440	0.875	0.875	
309	-5	19	4	1	0	0	486	0.250	1.250	318	0.250	1.125	166	0.604	1.375	76	0.750	0.750	96	0.750	0.625	
310	4	22	4	0	-1	0	94	0.500	0.500	127	0.854	1.479	433	0.854	1.339	123	0.875	0.875	138	0.875	0.875	
311	-1	27	4	-1	2	0	253	0.500	0.500	66	0.750	1.250	84	0.875	1.125	132	0.905	0.854	470	1.000	1.000	
312	-12	31	4	-1	2	0	141	0.750	0.905	358	0.839	0.839	392	1.089	1.059	69	1.104	1.354	327	1.125	1.000	
313	-12	29	4	2	1	0	441	0.250	0.250	37	0.625	0.625	327	0.875	0.875	82	1.000	0.905	422	1.000	0.375	
314	9	18	4	1	1	0	308	0.500	0.500	73	0.530	0.530	145	0.604	1.530	440	0.625	0.625	451	0.750	1.125	
315	-6	28	4	0	1	0	264	0.604	1.589	330	0.604	1.375	342	0.729	1.714	31	0.780	0.780	89	0.780	0.780	
316	6	20	4	0	1	0	359	0.375	1.375	64	0.375	0.375	127	0.500	1.000	125	0.500	0.500	32	0.500	0.500	
317	-4	34	4	1	-1	0	239	0.625	0.875	298	0.729	1.714	291	0.750	0.750	415	0.854	1.839	8	0.905	0.729	
318	-4	19	4	1	-1	0	486	0.375	0.375	96	0.530	0.530	135	0.530	0.530	166	0.625	1.000	76	0.875	0.875	
319	-1	30	4	1	2	0	338	0.375	0.375	384	0.479	1.280	404	0.604	1.280	204	0.625	0.625	498	0.750	0.750	
320	-6	32	4	1	-2	0	401	0.500	0.875	403	0.500	0.500	445	0.625	1.625	240	0.729	1.479	188	0.729	1.589	
321	0	34	4	2	-1	14	431	0.604	1.280	248	0.729	1.479	430	0.854	1.155	44	0.905	0.625	116	0.934	1.854	
322	4	29	4	1	2	0	107	0.125	0.125	234	0.500	1.375	481	0.750	0.655	383	0.839	0.839	168	0.854	1.250	
323	-9	23	4	1	2	0	241	0.500	0.500	130	0.500	0.500	282	0.500	1.125	499	0.604	1.280	100	0.625	0.625	
324	-8	22	4	2	1	0	99	0.375	1.250	212	0.684	1.464	456	0.729	1.375	477	0.750	0.750	100	0.750	1.125	
325	-9	19	4	-1	-1	3	115	0.625	0.625	106	1.000	1.155	91	1.250	1.030	345	1.309	1.104	114	1.339	0.854	
326	-2	24	4	1	0	0	370	0.375	0.375	175	0.604	1.250	484	0.875	0.500	289	0.875	0.875	191	0.875	0.750	
327	-12	29	4	-1	0	0	392	0.375	1.250	37	0.875	1.125	382	0.979	0.875	441	1.000	0.625	237	1.104	1.354	
328	-3	32	4	1	-2	0	415	0.125	0.125	298	0.250	0.250	408	0.500	0.500	30	0.625	1.625	473	0.625	0.625	
329	4	34	4	0	1	0	361	0.625	0.780	52	0.729	1.250	116	0.750	0.905	13	1.104	1.104	18	1.125	0.500	
330	-7	29	4	-2	1	0	247	0.375	1.250	371	0.375	1.250	264	0.500	0.500	283	0.625	1.625	336	0.625	0.750	
331	-5	22	4	-1	-1	0	479	0.354	1.405	227	0.500	0.500	494	0.780	0.625	412	0.884	1.125	230	1.000	1.000	
332	2	29	4	-1	2	0	383	0.500	1.375	234	0.839	0.839	107	0.875	0.875	105	0.875	0.780	374	0.979	1.229	
333	9	23	4	-1	1	0	224	0.479	1.155	372	0.625	1.125	296	0.625	0.625	158	0.854	1.155	151	0.854	1.339	
334	0	29	4	1	-2	0	80	0.375	0.375	470	0.500	1.125	374	0.750	1.155	286	0.750	0.905	84	0.750	0.655	
335	9	27	4	-2	-1	6	4	0.500	0.875	171	0.875	1.125	410	1.000	1.000	496	1.309	1.354	224	1.354	1.714	
336	-8	29	4	0	1	0	24	0.250	1.250	247	0.500	0.500	161	0.729	1.464	330	0.750	0.625	371	0.750	0.750	
337	-10	26	4	1	1	0	466	0.354	1.405	56	0.530	0.530	63	0.625	0.875	172	0.854	1.839	303	0.854	1.839	
338	-1	30	4	-1	1	0	498	0.375	0.375	319	0.375	0.375	429	1.000	1.375	80	1.030	0.854	204	1.030	0.750	
339	11	35	4	1	-1	0	287	0.500	0.500	29	0.750	0.750	83	1.000	0.375	409	1.000	1.000	167	1.155	0.875	
340	-1	21	4	1	1	0	402	0.250	0.250	39	0.604	1.530	343	0.625	0.625	11	0.625	0.750	406	0.750	1.125	
341	-1	34	4	1	0	0	44	0.375	0.375	321	0.500	1.250	219	0.625	0.625	229	0.750	0.750	453	0.875	0.875	
342	-5	30	4	2	1	0	366	0.479	1.500	118	0.500	0.500	152	0.750	0.750	146	0.854	1.604	240	0.875	1.405	
343	-1	20	4	1	0	0	198	0.625	1.030	340	0.625	0.625	59	0.750	1.125	413	0.957	2.229	236	0.979	1.479	
344	6	23	4	-1	-2	3	487	0.500	1.125	65	0.750	0.875	350	0.839	0.839	307	0.905	0.625	138	0.979	1.354	
345	-7	18	4	1	1	0	60	0.750	1.125	309	0.854	1.839	91	1.000	1.000	346	1.038	2.104	166	1.082	1.582	
346	-5	21	4	0	1	0	227	0.250	1.125	232	0.604	1.250	494	0.875	0.500	479	0.875	1.125	480	0.905	0.729	
347	-11	24	4	1	0	0	465	0.750	0.905	16	0.750	0.625	113	0.750	0.905	477	0.854	1.957	241	0.875	0.875	
348	-8	33	4	-2	1	0	187	0.375	1.250	394	0.500	1.125	351	0.750	1.000	380	0.750	0.905	6	0.839	0.839	
349	4	31	4	0	-1	0	206	0.125	0.125	491	0.375	1.000	68	0.375	1.375	300	0.500	0.500	14	0.500	1.250	
350	4	24	4	-1	-2	0	493	0.375	0.375	307	0.500	0.500	38	0.625	0.625	344	0.839	0.839	101	1.000	1.030	
351	-8	34	4	0	1	0	468	0.125	0.125	20	0.729	1.250	6	0.750	0.905	380	0.750	1.125	165	0.875	0.500	
352	-9	34	4	0	-1	0	187	0.250	1.125	380	0.250	0.250	165	0.500	0.500	394	0.500	1.250	20	0.875	0.750	
353	-16	25	4	-1	-1	1	223	0.625	0.625	376	0.750	0.750	156	0.750	0.750	304	1.030	0.854	104	1.229	1.104	
354	8	31	4	1	0	0	25	0.500	1.250	176	0.604	1.839	49	0.750	0.625	45	0.750	1.125	170	0.875	0.875	
355	-3	31	4	0	1	0	408	0.500	1.000	366	0.500	0.500	146	0.625	1.155	240	0.625	0.625	129	0.729	1.250	
356	1	29	4	1	-1	0	286	0.500	1.375	379	0.604	1.714	485	0.625	1.250	374	0.750	1.125	481	0.854	1.589	
357	-13	24	4	-1	0	1	61	0.250	1.125	142	0.250	0.250	58	0.375	1.375	218	0.625	0.625	443	0.750	1.000	
358	-10	32	4	-1	2	0	141	0.500	0.500	69	0.750	0.750	418	0.750	1.155	312	0.839	0.839	165	0.854	1.479	
359	6	21	4	0	1	0	390	0.125	0.125	65	0.375	1.000	127	0.375	0.375	32	0.875	0.750	78	0.979	1.250	
360	5	28	4	1	0	0	27	0.625	0.780	149	0.729	1.714	171	0.854	1.875	97	0.875	0.750	21	0.964	0.964	
361	5	35	4	-1	1	0	329	0.780	0.625	164	1.125	0.875	214	1.309	1.832	420	1.354	1.104	131	1.375	0.979	
362	-10	23	4	-2	1	0	241	0.375	0.375	465	0.750	0.750	16	0.750	0.875	262	0.750	1.000	282	0.780	0.750	
363	9	34	4	1	-1	0	23	0.604	1.589	446	0.729	1.714	476	0.875	1.030	220	0.875	1.030	438	0.913	1.979	
364	-9	24	4	-2	-1	2	282	0.250	0.250	414	0.375	0.375	407	0.500	0.500	130	0.625	0.625	262	0.625	1.000	
365	11	18	4	-2	-1	10	145	0.875	1.125	143	1.125	0.500	314	1.184	1.229	432	1.184	1.436	308	1.184	1.625	
366	-4	31	4	1	2	0	240	0.125	0.125	146	0.500	1.375	188	0.500	0.500	355	0.500	0.500	408	0.604	1.500	
367	-4	28	4	-2	-1	0	472	0.604	1.375	181	0.625	0.625	266	0.809	1.339	147	0.875	0.875	31	0.934	1.832	
368	-8	32	4	1	1	0	260	0.354	1.280	418	0.530	0.530	348	0.625	1.250	403	0.957	1.457	393	0.979	1.030	
369	9	18	4	-1	0	2	308	0.250	0.250	451	0.375	0.375	440	0.625	0.625	314	0.750	0.750	432	0.750	0.750	
370	-2	24	4	1	-2	0	326	0.375	0.375	289	0.500	0.500	424	0.684	1.714	50	0.875	0.875	272	0.875	0.500	
371	-8	29	4	-1	-1	0	247	0.250	0.250	452	0.500	0.875	178	0.500	1.375	48	0.604	1.155	283	0.625	0.875	
372	9	24	4	0	1	0	95	0.375	1.375	450	0.625	0.625	151	0.625	1.030	77	0.729	1.250	158	0.750	0.750	
373	10	29	4	-1	2	0	109	0.375	1.250	294	0.625	0.625	209	0.625	0.625	190	0.875	1.030	176	0.875	1.125	
374	1	28	4	0	-1	0	286	0.250	0.250	485	0.375	0.375	470	0.500	0.500	185	0.604	1.375	80	0.780	0.780	
375	5	30	4	-1	-1	0	491	0.500	1.000	234	0.625	1.250	68	0.625	0.625	206	0.655	0.655	14	0.750	0.750	
376	-16	24	4	-2	1	0	156	0.250	0.250	223	0.625	0.875	353	0.750	0.750	304	0.964	0.964	427	1.000	1.000	
377	5	25	4	1	-2	0	307	0.375	1.250	75	0.375	0.375	344	0.559	1.589	493	0.750	0.655	273	0.750	1.000	
378	11	29	4	0	-1	0	57	0.604	1.589	388	0.625	0.625	233	0.750	0.750	209	0.875	0.875	160	0.979	1.750	
379	3	28	4	2	1	0	322	0.479	1.500	107	0.604	1.375	97	0.729	1.604	36	0.750	0.875	234	0.854	1.604	
380	-9	34	4	-1	-1	0	352	0.250	0.250	394	0.500	1.000	20	0.625	0.625	165	0.750	0.750	348	0.905	0.729	
381	-2	34	4	2	-1	14	44	0.479	1.155	122	0.500	0.500	173	0.625	1.125	341	0.625	1.250	229	0.729	1.280	
382	-13	29	4	0	-1	0	37	0.604	1.375	392	0.625	0.625	411	0.729	1.714	238	0.729	1.714	313	0.750	1.000	
383	2	30	4	1	2	0	455	0.500	1.375	105	0.625	0.625	292	0.684	1.714	481	0.750	0.750	322	0.839	0.839	
384	0	31	4	1	2	0	404	0.500	0.500	43	0.750	0.905	444	0.750	0.655	383	0.839	0.839	429	0.875	1.030	
385	-5	32	4	1	-1	0	403	0.250	0.250	405	0.354	1.405	188	0.479	1.405	401	0.655	0.655	8	0.750	0.750	
386	5	33	4	-1	-2	7	495	0.125	0.125	397	0.500	1.125	164	0.500	0.500	13	0.500	0.500	349	0.684	1.714	
387	-7	24	4	-1	2	0	231	0.500	0.500	100	0.780	0.750	258	0.875	1.125	466	1.038	2.104	398	1.089	1.059	
388	11	29	4	-2	1	1	209	0.250	0.250	373	0.500	0.875	109	0.604	1.375	378	0.625	0.625	488	1.000	1.000	
389	11	26	4	-2	1	1	335	0.559	1.589	488	0.625	0.625	57	0.750	1.155	276	0.750	0.625	294	1.038	2.104	
390	6	21	4	-1	2	0	359	0.125	0.125	127	0.500	0.500	65	0.500	0.875	32	0.750	0.750	64	0.905	0.625	
391	-3	22	4	1	-2	0	416	0.375	1.250	340	0.729	1.479	494	0.729	1.375	301	0.875	1.405	2	1.000	1.839	
392	-13	29	4	-2	1	0	382	0.625	0.625	441	0.875	0.875	199	0.979	1.354	312	1.250	1.089	305	1.339	0.979	
393	-7	31	4	1	-1	0	53	0.500	0.875	401	0.500	1.000	342	0.604	1.714	320	0.655	0.655	264	0.750	1.125	
394	-9	33	4	-1	-2	5	187	0.125	0.125	418	0.875	0.875	69	0.875	1.030	165	1.000	0.750	358	1.000	1.250	
395	4	18	4	-1	2	0	461	0.250	0.250	174	0.559	1.589	125	0.729	1.589	192	0.934	1.375	244	0.979	1.589	
396	2	34	4	-1	2	1	214	0.500	0.500	430	0.750	0.905	46	0.750	0.750	116	0.750	1.030	329	0.875	0.875	
397	5	32	4	-1	-2	3	206	0.479	1.280	375	0.625	1.375	68	0.684	1.714	177	0.729	1.589	280	0.750	0.750	
398	-5	23	4	1	2	0	295	0.559	1.589	272	0.729	1.604	26	0.780	0.750	232	1.000	0.905	230	1.104	1.000	
399	-12	19	4	-1	-2	12	17	0.750	0.750	85	0.750	0.750	482	0.875	0.625	196	1.030	0.604	211	1.125	1.000	
400	-4	35	4	2	-1	14	317	0.750	0.750	179	0.780	0.750	381	0.854	1.839	473	1.038	2.104	341	1.059	2.229	
401	-6	31	4	2	-1	14	445	0.625	1.250	53	0.655	0.655	385	0.750	0.655	342	0.875	1.030	320	0.875	0.500	
402	-1	21	4	0	1	0	340	0.250	0.250	11	0.500	0.500	157	0.604	1.589	39	0.625	1.280	343	0.875	0.750	
403	-5	32	4	0	-1	0	385	0.250	0.250	320	0.500	0.500	445	0.604	1.839	401	0.750	0.905	415	0.750	0.750	
404	0	31	4	2	-1	0	384	0.500	0.500	383	0.809	1.339	444	0.905	0.854	481	0.934	1.832	478	0.979	1.832	
405	-4	31	4	1	-2	0	188	0.250	0.250	240	0.625	0.625	366	0.750	0.750	30	0.750	0.905	328	0.780	0.750	
406	-1	22	4	-1	0	1	112	0.375	0.375	424	0.500	0.500	416	0.604	1.839	157	0.604	1.250	436	0.750	0.750	
407	-9	24	4	1	-2	0	414	0.125	0.125	364	0.500	0.500	499	0.625	0.875	282	0.750	0.750	362	0.854	1.250	
408	-3	32	4	2	1	0	328	0.500	0.500	473	0.500	1.125	415	0.625	0.625	44	0.684	1.714	298	0.750	0.750	
409	11	35	4	-1	1	0	194	0.250	0.250	287	0.500	0.500	339	1.000	1.000	167	1.250	0.375	29	1.250	0.625	
410	9	26	4	2	1	0	160	0.500	1.375	171	0.655	0.655	67	0.750	0.750	158	0.839	0.839	95	1.000	0.375	
411	-12	27	4	1	-2	0	238	0.250	0.250	425	0.375	1.000	442	0.500	0.875	221	0.500	1.125	337	0.729	1.479	
412	-5	20	4	-2	-1	1	159	0.250	0.250	225	0.250	0.250	226	0.375	1.250	76	0.750	0.750	309	0.875	1.125	
413	2	18	4	2	-1	0	435	0.500	1.125	210	1.104	1.686	433	1.125	0.964	489	1.184	1.436	1	1.280	1.186	
414	-9	24	4	0	-1	0	407	0.125	0.125	364	0.375	0.375	477	0.625	1.280	282	0.625	0.625	499	0.750	0.750	
415	-3	32	4	0	-1	0	298	0.125	0.125	328	0.125	0.125	473	0.500	0.500	408	0.625	0.625	188	0.750	0.905	
416	-3	21	4	-1	-1	0	135	0.500	1.375	225	0.604	1.714	412	0.604	1.714	494	0.750	1.125	318	0.854	1.589	
417	7	32	4	2	1	0	49	0.500	1.125	25	0.729	1.589	354	0.750	0.905	79	0.750	0.750	121	0.750	0.625	
418	-9	33	4	1	1	0	468	0.354	1.405	351	0.479	1.280	368	0.530	0.530	165	0.625	0.625	394	0.875	0.875	
419	0	35	4	-1	-1	0	453	0.250	0.250	299	0.750	0.625	321	0.750	1.250	229	0.875	1.125	473	0.913	1.979	
420	7	34	4	0	-1	0	92	0.375	1.000	476	0.625	0.780	13	0.750	1.030	164	0.854	1.479	354	1.059	1.707	
421	9	30	4	2	-1	0	176	0.375	1.000	270	0.500	0.500	109	0.625	1.000	25	0.625	0.625	233	0.750	1.000	
422	-12	28	4	0	1	0	441	0.250	1.250	313	0.500	1.000	327	0.500	0.875	37	0.625	0.625	56	0.780	0.780	
423	-8	28	4	-1	2	0	336	0.375	1.250	172	0.500	0.500	271	0.625	0.625	247	0.625	0.750	452	0.625	0.625	
424	-1	22	4	0	-1	0	406	0.500	0.500	301	0.625	0.780	2	0.729	1.464	391	0.875	0.875	39	0.875	1.125	
425	-12	26	4	1	-1	0	442	0.125	0.125	237	0.530	0.530	263	0.604	1.714	221	0.625	0.625	235	0.625	1.250	
426	9	22	4	0	1	0	22	0.250	0.250	333	0.250	1.125	296	0.625	1.030	158	0.729	1.714	475	0.729	1.375	
427	-15	24	4	1	1	0	110	0.250	0.250	284	0.729	1.714	277	0.913	2.229	443	0.934	1.479	156	1.000	1.125	
428	1	25	4	0	1	0	148	0.375	0.375	297	0.500	0.500	253	0.604	1.589	132	0.625	0.780	175	0.750	0.750	
429	-1	32	4	-1	2	0	43	0.125	0.125	444	0.375	0.375	44	0.625	1.000	473	1.000	1.000	384	1.030	0.729	
430	1	35	4	1	1	0	299	0.875	0.875	396	0.905	0.729	419	1.000	1.000	321	1.155	0.729	219	1.214	0.979	
431	1	33	4	-1	-2	2	248	0.375	1.000	228	0.750	0.905	249	0.750	1.155	404	0.809	1.339	429	0.979	1.354	
432	9	20	4	-1	0	0	88	0.375	0.375	451	0.375	0.375	265	0.625	1.030	369	0.750	0.750	390	0.934	1.832	
433	3	20	4	1	-1	0	192	0.250	0.250	210	0.500	1.375	174	0.625	0.625	1	0.625	0.875	489	0.750	1.125	
434	-5	33	4	-1	-2	5	120	0.250	0.250	403	0.375	1.250	385	0.375	1.250	405	0.729	1.589	188	0.729	1.604	
435	3	18	4	2	-1	0	395	0.750	1.125	192	0.875	0.875	461	1.000	1.000	290	1.104	1.686	433	1.125	0.875	
436	-1	24	4	-1	0	0	112	0.375	0.375	289	0.500	1.250	140	0.604	1.250	406	0.750	0.750	157	0.875	0.875	
437	-4	19	4	-1	0	3	76	0.250	1.125	255	0.750	0.905	412	0.750	0.905	159	0.750	0.905	318	0.750	0.750	
438	11	31	4	-1	-2	5	47	0.750	0.750	176	0.750	0.905	446	0.780	0.750	492	0.875	0.750	81	0.934	2.082	
439	-9	30	4	1	0	0	24	0.500	1.000	161	0.750	0.750	283	0.750	1.125	401	0.809	2.000	393	0.875	1.339	
440	9	18	4	1	-2	2	369	0.625	0.625	314	0.625	0.625	143	0.839	0.839	308	0.875	0.875	451	1.000	0.750	
441	-12	29	4	1	2	0	313	0.250	0.250	327	0.625	0.625	37	0.875	0.875	392	1.000	0.875	141	1.104	2.229	
442	-12	26	4	2	-1	0	425	0.125	0.125	263	0.559	1.589	238	0.625	0.625	221	0.750	0.750	237	0.750	0.655	
443	-13	23	4	1	-2	0	15	0.750	0.905	246	0.854	1.250	281	0.875	0.875	218	0.875	0.875	61	0.905	0.854	
444	-1	32	4	1	1	0	43	0.250	0.250	429	0.375	0.375	44	0.625	0.625	384	0.655	0.655	228	0.957	1.457	
445	-6	30	4	-1	-1	0	330	0.479	1.155	275	0.625	0.625	264	0.750	1.125	247	0.979	1.839	336	0.979	1.354	
446	10	32	4	-1	-2	5	492	0.500	1.125	51	0.604	1.500	170	0.729	1.589	421	0.809	1.339	438	0.875	0.780	
447	-13	22	4	0	-1	0	90	0.250	1.125	15	0.375	0.375	399	0.809	2.000	196	1.059	1.625	251	1.125	0.750	
448	0	19	4	-2	-1	4	59	0.375	1.000	62	0.479	1.280	236	0.625	0.875	257	0.625	0.625	449	0.729	1.604	
449	-2	20	4	-1	2	0	402	0.750	0.905	301	0.875	1.125	437	0.979	1.214	2	1.000	1.000	128	1.059	1.957	
450	10	24	4	1	1	0	158	0.125	0.125	87	0.354	1.405	372	0.625	0.625	276	0.729	1.030	475	0.750	0.750	
451	9	19	4	-1	0	0	432	0.375	0.375	369	0.375	0.375	308	0.625	0.625	440	0.750	1.000	88	0.750	0.750	
452	-8	28	4	-1	-1	0	178	0.500	0.500	283	0.530	0.530	247	0.625	0.625	423	0.625	0.625	172	0.750	1.125	
453	0	35	4	0	-1	0	419	0.250	0.250	321	0.500	1.000	299	0.500	0.500	341	0.875	0.875	173	1.104	1.686	
454	-4	27	4	0	1	0	89	0.625	0.625	169	0.750	0.625	261	0.905	0.729	342	0.979	1.750	118	0.979	2.082	
455	2	31	4	-1	2	0	285	0.625	0.875	292	0.750	0.905	481	0.905	0.854	46	1.059	2.082	249	1.104	1.229	
456	-7	21	4	0	-1	0	114	0.375	1.375	479	0.500	0.500	99	0.875	0.750	497	0.875	0.875	60	0.934	1.707	
457	7	30	4	-2	-1	5	375	0.625	1.375	177	0.750	0.875	27	0.875	1.155	97	1.038	1.854	168	1.118	2.250	
458	6	28	4	-2	-1	0	107	0.854	1.479	464	0.979	1.229	111	0.979	1.714	4	1.089	1.059	222	1.104	1.957	
459	5	24	4	1	2	0	273	0.479	1.375	7	0.500	1.375	75	0.625	0.750	28	0.750	0.750	462	0.780	0.750	
460	11	23	4	-1	1	0	450	0.729	1.030	296	0.750	0.625	151	0.854	1.839	158	0.854	1.155	276	0.875	1.250	
461	4	18	4	-2	1	0	395	0.250	0.250	174	0.854	1.604	64	0.979	1.214	290	0.979	1.464	259	1.000	0.750	
462	6	23	4	1	2	0	78	0.375	0.375	7	0.729	1.589	200	0.750	0.750	459	0.875	0.780	344	1.000	1.000	
463	-9	35	4	-1	-1	0	20	0.250	0.250	352	0.625	1.125	380	0.625	0.875	348	1.214	1.104	69	1.229	1.582	
464	7	26	4	1	0	0	42	0.500	0.500	171	0.625	1.280	149	0.750	0.625	496	0.750	0.750	410	0.979	1.625	
465	-10	23	4	2	1	0	241	0.375	0.375	323	0.500	0.875	499	0.559	1.589	477	0.625	1.625	362	0.750	0.750	
466	-9	27	4	1	2	0	172	0.375	1.250	271	0.500	1.125	336	0.684	1.714	63	0.750	0.625	303	0.750	1.000	
467	-5	35	4	-1	-2	6	179	0.625	1.125	317	0.750	1.155	291	0.854	1.604	120	1.104	1.750	239	1.125	1.214	
468	-8	34	4	1	2	0	351	0.125	0.125	20	0.729	1.375	6	0.875	1.030	165	1.000	0.375	9	1.089	1.089	
469	-3	33	4	-1	0	0	403	0.604	1.589	129	0.625	1.030	146	0.750	0.905	328	0.750	1.000	415	0.875	0.875	
470	0	28	4	1	-2	0	185	0.500	1.125	374	0.500	0.500	356	0.655	0.655	5	0.729	1.479	84	0.750	0.625	
471	-4	25	4	-1	-1	0	230	0.354	1.280	108	0.500	0.875	295	0.625	0.625	256	0.625	1.000	50	0.655	0.655	
472	-5	27	4	0	-1	0	169	0.625	0.625	89	0.750	0.750	208	0.750	0.750	181	0.780	0.780	471	0.875	1.339	
473	-2	32	4	1	-2	0	415	0.500	0.500	328	0.625	0.625	298	0.625	0.625	404	0.729	1.589	498	0.809	1.339	
474	11	20	4	0	-1	0	143	0.250	1.250	369	0.854	1.604	308	0.854	1.354	137	0.875	0.750	163	1.030	0.604	
475	10	23	4	2	-1	0	158	0.625	0.625	450	0.750	0.750	460	0.875	1.125	88	0.979	1.229	296	1.000	0.625	
476	8	33	4	-1	-1	0	92	0.500	1.000	49	0.625	1.250	420	0.780	0.625	103	0.854	1.589	170	0.884	1.125	
477	-8	23	4	1	-1	0	99	0.354	1.280	324	0.750	0.750	456	0.854	1.839	231	0.875	0.905	3	0.979	1.214	
478	3	30	4	0	-1	0	168	0.375	0.375	117	0.375	1.375	68	0.375	0.375	14	0.500	0.500	491	0.750	0.625	
479	-6	21	4	-1	-2	1	456	0.500	0.500	226	0.625	0.750	114	0.750	1.155	309	0.854	1.479	159	0.875	0.780	
480	-4	20	4	1	2	0	135	0.625	1.250	346	0.750	0.905	301	0.854	1.479	412	0.875	1.125	225	0.875	0.875	
481	3	30	4	1	1	0	105	0.375	0.375	322	0.655	0.655	478	0.750	0.750	107	0.780	0.625	205	0.913	1.979	
482	-12	20	4	-2	-1	2	85	0.479	1.405	211	0.500	0.500	399	0.625	0.875	90	0.750	0.655	17	1.155	1.155	
483	6	19	4	-2	-1	5	32	0.500	0.500	461	0.559	1.589	259	0.604	1.375	395	0.809	1.339	290	0.875	1.125	
484	-2	25	4	0	-1	0	370	0.250	1.250	289	0.375	1.000	50	0.604	1.375	272	0.750	0.905	278	0.905	0.729	
485	1	28	4	-2	-1	0	286	0.125	0.125	374	0.375	0.375	185	0.479	1.280	470	0.750	0.875	80	0.750	0.655	
486	-4	19	4	2	1	0	318	0.375	0.375	480	0.625	0.875	135	0.750	0.905	2	0.809	1.339	166	0.875	0.875	
487	6	22	4	-1	-2	0	65	0.500	0.500	267	0.729	1.604	127	0.750	1.125	390	1.000	1.000	310	1.009	0.875	
488	11	27	4	-2	1	1	57	0.375	1.250	389	0.625	0.625	81	0.750	0.905	276	1.125	0.875	388	1.134	1.000	
489	4	20	4	1	0	0	210	0.250	0.250	1	0.250	0.250	290	0.375	1.125	125	0.500	1.000	245	0.875	1.464	
490	-1	18	4	1	2	0	198	0.479	1.375	119	0.500	0.500	449	0.729	1.589	62	0.750	0.750	136	0.750	0.750	
491	4	30	4	-2	-1	4	14	0.250	0.250	68	0.375	0.375	168	0.500	1.125	234	0.500	0.500	105	0.500	1.125	
492	10	31	4	2	-1	0	176	0.750	0.750	438	0.750	0.875	421	0.780	0.750	190	0.875	1.030	378	0.979	1.714	
493	4	24	4	1	-1	0	28	0.354	1.280	350	0.375	0.375	459	0.625	1.250	307	0.625	0.625	377	0.655	0.655	
494	-4	21	4	-1	0	0	159	0.604	1.375	226	0.604	1.589	331	0.625	0.780	227	0.625	1.280	225	0.750	0.905	
495	5	33	4	-1	-1	0	386	0.125	0.125	164	0.375	0.375	205	0.625	0.625	397	0.625	1.000	13	0.625	0.625	
496	7	27	4	1	2	0	42	0.500	0.500	149	0.750	0.750	171	0.750	0.750	464	0.750	0.750	458	0.854	1.250	
497	-8	21	4	-1	0	0	86	0.125	0.125	213	0.750	0.625	323	0.854	1.479	456	0.875	0.750	153	0.934	1.832	
498	-1	30	4	-2	-1	3	338	0.375	0.375	30	0.625	1.375	80	0.655	0.655	204	0.750	1.125	355	0.854	1.479	
499	-8	24	4	2	-1	0	231	0.500	1.375	197	0.500	0.500	212	0.729	1.714	387	0.750	1.125	258	0.750	0.655	
