# states in shortest path from s to t
19

# shortest path from s to t
19	-35	4	-1	1
18	-34	4	-1	1
17	-33	4	-1	1
16	-32	4	-1	2
15	-30	4	-1	2
14	-28	4	-1	1
13	-27	4	0	1
13	-26	4	0	1
13	-25	4	0	1
13	-24	4	0	1
13	-23	4	0	1
13	-22	4	-1	2
12	-20	4	0	1
12	-19	4	0	1
12	-18	4	0	1
12	-17	4	0	1
12	-16	4	1	1
12	-16	4	2	1
12	-16	4	1	0

# cost of shortest path
5.591

# Line i represents a sample taken at time i. The sample corresponds to a discrete state.
# Line Format: [sample ID] [x] [y] [z] [x-component of yaw] [y-component of yaw] [U: marginal coverage]
#              [sample ID of nearest neighbor 1] [shortest path cost to nearest neighbor 1] [shortest path cost from nearest neighbor 1]
#              ...
#              [sample ID of nearest neighbor k] [shortest path cost to nearest neighbor k] [shortest path cost from nearest neighbor k]
0	28	-34	4	-1	1	48	458	0.500	1.375	248	0.625	1.000	48	0.875	0.875	89	0.875	0.655	146	0.905	0.729	
1	21	-14	4	1	0	92	477	0.125	0.125	70	0.125	0.125	241	0.250	1.125	23	0.250	0.250	264	0.375	0.375	
2	22	-13	4	-1	-1	74	490	0.354	1.405	373	0.375	0.375	492	0.479	1.155	478	0.479	1.530	326	0.479	1.280	
3	18	-15	4	-1	-2	50	375	0.375	0.375	162	0.604	1.375	322	0.625	0.625	402	0.625	0.625	28	0.625	0.625	
4	17	-15	4	1	2	72	383	0.125	0.125	431	0.500	1.250	451	0.684	1.464	29	0.729	1.280	137	0.750	0.750	
5	16	-30	4	-2	-1	57	210	0.375	0.375	411	0.479	1.405	47	0.500	0.500	180	0.500	0.500	79	0.604	1.280	
6	15	-15	4	1	2	26	254	0.500	0.500	346	0.625	0.625	323	0.655	0.655	24	0.750	0.750	60	0.750	0.750	
7	23	-34	4	1	0	111	392	0.125	0.125	331	0.250	1.375	206	0.375	0.375	151	0.500	0.875	214	0.625	0.780	
8	13	-20	4	2	-1	45	396	0.479	1.155	289	0.500	1.125	260	0.500	1.375	496	0.500	0.500	19	0.604	1.500	
9	12	-31	4	0	-1	13	141	0.125	0.125	165	0.250	0.250	119	0.375	0.375	422	0.375	0.375	169	0.500	0.500	
10	13	-23	4	1	1	53	327	0.250	0.250	321	0.375	0.375	109	0.500	0.875	350	0.530	0.530	251	0.625	0.625	
11	16	-34	4	1	-2	1	200	0.125	0.125	413	0.125	0.125	455	0.250	0.250	434	0.375	1.375	404	0.500	1.250	
12	24	-36	4	0	1	10	342	0.250	0.250	209	0.250	1.125	239	0.375	0.375	374	0.375	1.000	416	0.375	0.375	
13	17	-34	4	2	1	15	132	0.250	0.250	357	0.375	1.375	131	0.375	1.000	377	0.625	0.625	354	0.655	0.655	
14	19	-13	4	1	2	2	368	0.625	0.625	168	0.625	1.250	236	0.625	0.625	228	0.750	0.750	378	0.750	1.125	
15	13	-16	4	1	-1	47	20	0.125	0.125	259	0.479	1.155	105	0.500	1.000	80	0.604	1.155	299	0.625	0.625	
16	18	-36	4	0	-1	0	356	0.500	0.500	421	0.500	0.500	160	0.500	0.500	95	0.500	0.500	25	0.625	0.625	
17	12	-20	4	1	-1	20	376	0.354	1.405	276	0.375	0.375	266	0.375	0.375	213	0.479	1.530	439	0.479	1.280	
18	13	-22	4	1	-1	3	109	0.500	0.500	270	0.625	0.625	251	0.625	1.000	327	0.625	0.625	19	0.655	0.655	
19	14	-21	4	1	-2	18	396	0.375	0.375	439	0.500	0.500	376	0.625	0.625	438	0.625	0.625	480	0.750	0.750	
20	13	-16	4	1	-2	13	15	0.125	0.125	105	0.375	1.125	259	0.604	1.280	452	0.625	0.625	397	0.625	0.625	
21	15	-29	4	1	2	107	349	0.125	0.125	51	0.125	0.125	196	0.250	0.250	62	0.625	0.625	38	0.750	0.750	
22	19	-14	4	1	2	0	441	0.125	0.125	194	0.375	0.375	228	0.375	0.375	443	0.500	0.500	14	0.500	1.125	
23	21	-14	4	1	-1	14	477	0.125	0.125	326	0.250	0.250	1	0.250	0.250	36	0.354	1.405	490	0.375	0.375	
24	15	-16	4	1	0	18	148	0.125	0.125	113	0.250	1.250	323	0.375	1.125	42	0.500	0.500	306	0.500	0.500	
25	19	-36	4	1	-1	0	391	0.125	0.125	160	0.125	0.125	95	0.375	0.375	35	0.500	1.125	69	0.625	0.750	
26	17	-33	4	-1	0	11	277	0.125	0.125	284	0.375	1.000	98	0.500	1.000	455	0.604	1.375	336	0.625	0.780	
27	12	-25	4	-1	2	50	317	0.125	0.125	195	0.125	0.125	311	0.375	1.000	453	0.375	0.375	415	0.500	0.875	
28	18	-15	4	1	0	11	402	0.375	1.000	29	0.500	0.500	315	0.500	1.250	22	0.604	1.375	67	0.625	1.500	
29	18	-14	4	2	-1	3	318	0.375	1.000	228	0.375	1.250	441	0.375	1.250	443	0.500	1.125	22	0.500	1.125	
30	16	-35	4	2	-1	3	212	0.375	0.375	404	0.375	0.375	434	0.500	0.500	134	0.500	0.500	234	0.625	0.875	
31	13	-27	4	2	-1	9	340	0.125	0.125	135	0.375	0.375	380	0.479	1.500	78	0.625	0.625	474	0.625	0.625	
32	18	-35	4	1	2	3	262	0.250	0.250	372	0.375	0.375	131	0.375	1.000	463	0.625	0.625	102	0.750	0.750	
33	12	-19	4	1	-2	18	17	0.375	1.000	8	0.479	1.500	276	0.500	1.375	371	0.625	1.500	461	0.625	0.875	
34	13	-27	4	-1	0	0	498	0.125	0.125	487	0.250	1.250	40	0.375	1.000	278	0.375	0.375	85	0.500	1.000	
35	20	-36	4	1	0	3	238	0.125	0.125	285	0.125	0.125	106	0.250	1.125	69	0.375	0.375	448	0.375	0.375	
36	22	-15	4	1	-2	4	252	0.250	0.250	153	0.500	0.500	72	0.875	0.875	478	0.905	0.854	241	1.000	0.500	
37	27	-36	4	-1	0	14	204	0.375	1.375	229	0.625	1.000	56	0.729	1.375	483	0.750	1.125	407	0.780	0.780	
38	14	-29	4	-1	1	12	156	0.250	0.250	278	0.354	1.280	370	0.479	1.530	164	0.479	1.280	344	0.500	0.500	
39	22	-13	4	1	-1	0	373	0.125	0.125	2	0.500	0.500	23	0.530	0.530	166	0.625	0.625	477	0.655	0.655	
40	12	-27	4	-1	-2	9	50	0.250	0.250	179	0.375	0.375	487	0.500	0.500	495	0.500	0.500	135	0.500	0.500	
41	15	-18	4	-1	1	59	445	0.125	0.125	263	0.375	0.375	363	0.500	0.500	73	0.604	1.155	256	0.625	0.750	
42	15	-16	4	0	-1	11	202	0.250	1.125	148	0.375	0.375	157	0.375	1.250	116	0.375	1.250	337	0.500	0.500	
43	29	-36	4	2	1	11	142	0.125	0.125	320	0.250	0.250	409	0.625	0.625	205	0.625	1.250	58	0.655	0.655	
44	16	-17	4	1	-2	0	288	0.250	0.250	66	0.250	0.250	189	0.375	0.375	71	0.500	0.500	157	0.625	0.625	
45	16	-31	4	2	1	2	94	0.125	0.125	54	0.250	0.250	312	0.375	0.375	466	0.500	0.500	286	0.625	1.000	
46	16	-33	4	2	1	0	433	0.125	0.125	354	0.125	0.125	377	0.375	1.375	98	0.500	0.500	245	0.500	1.250	
47	16	-30	4	-1	2	3	286	0.125	0.125	77	0.250	0.250	349	0.479	1.155	335	0.500	0.500	5	0.500	0.500	
48	28	-34	4	2	-1	9	268	0.375	1.000	409	0.479	1.280	414	0.604	1.375	319	0.625	1.250	243	0.625	0.750	
49	15	-15	4	-1	-1	8	60	0.125	0.125	250	0.250	0.250	346	0.250	0.250	324	0.479	1.530	337	0.625	0.625	
50	12	-27	4	1	-2	4	179	0.125	0.125	495	0.250	0.250	40	0.250	0.250	135	0.500	0.500	31	0.625	0.875	
51	15	-29	4	1	1	3	21	0.125	0.125	349	0.250	0.250	196	0.375	0.375	62	0.500	0.500	77	0.655	0.655	
52	28	-36	4	1	1	2	227	0.375	0.375	147	0.375	0.375	409	0.479	1.155	469	0.500	0.500	133	0.604	1.530	
53	23	-35	4	-2	-1	5	428	0.125	0.125	207	0.125	0.125	442	0.479	1.500	183	0.559	1.589	174	0.625	0.625	
54	16	-31	4	2	-1	1	312	0.125	0.125	466	0.250	0.250	45	0.250	0.250	94	0.375	0.375	223	0.500	0.500	
55	15	-31	4	0	1	0	367	0.125	0.125	335	0.250	1.375	81	0.250	0.250	486	0.375	1.250	310	0.500	0.500	
56	26	-35	4	-1	2	3	235	0.500	1.375	146	0.625	0.625	499	0.750	0.905	158	0.750	1.000	143	0.750	0.750	
57	12	-22	4	1	-1	0	279	0.125	0.125	251	0.354	1.405	327	0.354	1.280	350	0.500	0.500	213	0.530	0.530	
58	28	-35	4	1	1	1	133	0.500	0.875	0	0.500	1.375	407	0.500	0.500	409	0.500	1.250	145	0.604	1.155	
59	23	-36	4	-1	-2	1	174	0.250	0.250	139	0.625	1.125	442	0.750	0.625	428	0.750	0.750	233	0.839	0.839	
60	15	-15	4	-2	-1	3	346	0.125	0.125	49	0.125	0.125	250	0.375	0.375	476	0.500	1.125	114	0.500	1.375	
61	14	-19	4	-1	-2	13	187	0.250	0.250	494	0.375	1.375	393	0.500	0.500	426	0.625	0.875	359	0.655	0.655	
62	15	-29	4	1	-1	0	210	0.479	1.280	51	0.500	0.500	364	0.530	0.530	21	0.625	0.625	472	0.625	0.625	
63	25	-36	4	2	-1	1	419	0.250	0.250	483	0.375	1.000	229	0.500	0.875	462	0.500	1.125	291	0.750	0.750	
64	13	-25	4	2	-1	1	387	0.500	0.500	341	0.625	0.625	78	0.625	0.625	163	0.625	0.625	74	0.655	0.655	
65	22	-14	4	-1	1	9	485	0.250	0.250	112	0.354	1.405	283	0.479	1.155	478	0.500	1.375	492	0.500	1.000	
66	16	-17	4	-1	-2	9	189	0.125	0.125	71	0.250	0.250	44	0.250	0.250	363	0.479	1.405	288	0.500	0.500	
67	20	-15	4	1	1	0	224	0.125	0.125	446	0.250	0.250	177	0.250	0.250	264	0.354	1.405	1	0.354	1.280	
68	17	-14	4	1	-1	0	221	0.125	0.125	28	0.354	1.280	410	0.500	1.375	29	0.500	1.000	3	0.604	1.155	
69	20	-36	4	1	-2	0	303	0.125	0.125	238	0.250	0.250	35	0.375	0.375	285	0.500	0.500	95	0.625	0.625	
70	21	-14	4	2	1	0	1	0.125	0.125	264	0.250	0.250	477	0.250	0.250	23	0.375	0.375	493	0.500	0.500	
71	16	-17	4	-2	-1	1	189	0.125	0.125	66	0.250	0.250	242	0.500	0.500	157	0.500	0.875	44	0.500	0.500	
72	21	-15	4	-2	-1	19	232	0.375	1.250	182	0.500	1.125	446	0.625	1.000	492	0.625	0.625	316	0.750	0.780	
73	14	-17	4	1	2	4	231	0.125	0.125	259	0.250	0.250	306	0.479	1.155	24	0.479	1.375	148	0.604	1.280	
74	12	-26	4	1	-1	1	340	0.479	1.530	135	0.479	1.280	50	0.500	1.000	78	0.500	1.000	31	0.604	1.405	
75	21	-35	4	1	-2	0	412	0.250	0.250	233	0.250	0.250	106	0.375	1.000	118	0.604	1.500	427	0.625	0.625	
76	13	-17	4	-1	2	2	299	0.500	1.375	125	0.625	1.750	92	0.625	1.500	115	0.625	1.125	73	0.625	0.625	
77	16	-30	4	1	2	0	286	0.125	0.125	47	0.250	0.250	335	0.500	0.500	486	0.625	0.625	196	0.750	1.030	
78	13	-26	4	2	-1	0	64	0.625	0.625	274	0.625	0.625	31	0.625	0.625	179	0.655	0.655	135	0.750	1.000	
79	15	-31	4	1	-2	0	103	0.125	0.125	411	0.375	0.375	358	0.375	1.000	199	0.500	1.125	491	0.500	0.875	
80	14	-17	4	-1	-2	9	345	0.375	1.000	467	0.375	1.375	359	0.479	1.405	325	0.500	1.250	237	0.604	1.500	
81	15	-31	4	-1	1	0	367	0.125	0.125	55	0.250	0.250	155	0.479	1.155	411	0.500	0.500	486	0.500	1.250	
82	13	-15	4	-1	1	2	222	0.125	0.125	92	0.125	0.125	271	0.250	0.250	125	0.375	0.375	254	0.625	0.625	
83	16	-32	4	0	1	0	94	0.250	1.125	45	0.375	1.000	286	0.500	1.750	406	0.604	1.589	367	0.625	1.155	
84	15	-19	4	-1	0	1	393	0.250	1.250	61	0.375	1.000	218	0.500	1.000	187	0.500	1.250	256	0.604	1.375	
85	12	-27	4	-1	2	0	246	0.125	0.125	487	0.250	0.250	474	0.500	0.500	193	0.625	0.750	40	0.750	0.750	
86	14	-18	4	-2	1	1	328	0.125	0.125	256	0.250	0.250	345	0.375	0.375	359	0.375	1.250	76	0.479	1.500	
87	26	-34	4	0	-1	0	369	0.375	0.375	473	0.500	0.500	458	0.625	0.625	419	0.729	1.464	305	0.729	1.375	
88	15	-34	4	-1	1	0	429	0.354	1.405	360	0.354	1.280	361	0.375	0.375	197	0.500	1.375	329	0.625	1.125	
89	29	-33	4	-1	2	2	203	0.500	0.500	0	0.655	0.655	111	0.750	0.750	333	0.875	0.875	138	0.875	0.875	
90	12	-17	4	-1	1	0	170	0.250	0.250	115	0.375	0.375	365	0.750	0.750	216	0.750	1.250	76	0.750	0.625	
91	12	-20	4	1	2	11	266	0.250	0.250	449	0.375	1.250	225	0.375	1.000	394	0.479	1.280	488	0.500	0.500	
92	13	-15	4	-1	2	0	82	0.125	0.125	222	0.250	0.250	125	0.250	0.250	271	0.375	0.375	254	0.500	0.500	
93	19	-36	4	-1	2	0	464	0.250	0.250	372	0.479	1.405	247	0.500	1.000	102	0.604	1.280	448	0.625	0.625	
94	16	-31	4	1	1	0	45	0.125	0.125	54	0.375	0.375	77	0.500	1.000	312	0.500	0.500	55	0.625	0.625	
95	19	-36	4	-1	-2	1	160	0.250	0.250	25	0.375	0.375	16	0.500	0.500	391	0.500	0.500	303	0.500	0.500	
96	15	-33	4	1	-2	0	190	0.250	0.250	11	0.479	1.280	108	0.500	0.500	386	0.500	0.500	178	0.500	0.500	
97	28	-35	4	-2	1	1	407	0.125	0.125	319	0.375	0.375	437	0.604	1.280	58	0.625	0.625	204	0.729	1.464	
98	16	-33	4	-1	2	1	354	0.375	0.375	83	0.500	1.250	46	0.500	0.500	329	0.500	0.500	117	0.604	1.375	
99	14	-32	4	-1	0	0	261	0.125	0.125	211	0.125	0.125	294	0.250	0.250	293	0.250	1.125	399	0.375	0.375	
100	22	-36	4	0	1	0	302	0.250	0.250	139	0.375	0.375	347	0.375	1.125	128	0.500	0.500	381	0.625	1.155	
101	17	-35	4	-1	1	0	463	0.375	0.375	215	0.375	0.375	336	0.479	1.530	425	0.500	1.250	361	0.604	1.714	
102	18	-35	4	-2	-1	8	372	0.375	0.375	101	0.375	1.250	262	0.500	0.500	215	0.500	1.125	421	0.500	0.500	
103	15	-31	4	1	-1	0	79	0.125	0.125	440	0.479	1.280	411	0.500	0.500	312	0.500	0.875	94	0.500	1.375	
104	13	-32	4	1	2	2	385	0.125	0.125	127	0.250	0.250	379	0.479	1.500	208	0.604	1.375	399	0.625	0.625	
105	13	-17	4	1	-2	5	403	0.250	0.250	359	0.375	1.250	468	0.375	1.125	325	0.479	1.405	237	0.500	1.125	
106	21	-36	4	1	-1	0	450	0.500	0.500	302	0.500	1.375	303	0.625	0.625	118	0.625	1.000	412	0.750	0.625	
107	20	-35	4	1	2	1	450	0.655	0.655	427	0.750	0.750	296	0.750	0.750	247	0.750	0.750	35	0.750	0.750	
108	15	-33	4	2	1	0	197	0.125	0.125	456	0.250	0.250	190	0.250	0.250	354	0.375	1.000	329	0.375	0.375	
109	13	-22	4	1	1	0	270	0.125	0.125	396	0.354	1.280	18	0.500	0.500	130	0.500	1.375	314	0.604	1.155	
110	12	-23	4	-2	1	0	144	0.625	0.625	415	0.625	0.625	159	0.625	0.875	311	0.750	0.625	272	0.750	0.750	
111	29	-33	4	-1	-2	2	313	0.250	0.250	138	0.375	0.375	390	0.375	1.000	243	0.375	1.250	268	0.375	1.250	
112	21	-13	4	-1	2	0	283	0.500	0.500	236	0.625	0.625	161	0.875	1.125	39	0.875	1.125	492	0.875	0.625	
113	16	-16	4	2	1	0	323	0.125	0.125	4	0.479	1.500	137	0.500	1.250	383	0.604	1.375	288	0.625	0.625	
114	14	-15	4	-2	1	3	476	0.250	0.250	254	0.375	0.375	271	0.375	1.250	82	0.375	1.000	398	0.500	0.500	
115	12	-17	4	-2	-1	2	170	0.125	0.125	90	0.375	0.375	365	0.625	0.625	430	0.625	1.250	359	0.655	0.655	
116	15	-17	4	1	-2	1	202	0.125	0.125	157	0.250	0.250	334	0.375	1.000	363	0.500	1.250	66	0.625	0.625	
117	15	-32	4	-1	0	0	199	0.125	0.125	211	0.250	1.250	294	0.250	1.125	99	0.375	1.375	399	0.500	1.000	
118	22	-36	4	2	-1	0	302	0.375	0.375	122	0.375	1.250	442	0.500	0.500	185	0.500	0.500	342	0.625	1.625	
119	12	-31	4	2	-1	2	447	0.375	1.000	9	0.375	0.375	226	0.479	1.530	141	0.500	0.500	287	0.559	1.589	
120	15	-30	4	0	-1	2	79	0.250	1.250	411	0.250	1.125	210	0.375	0.375	103	0.375	1.125	406	0.500	0.500	
121	19	-35	4	1	-1	0	69	0.354	1.405	35	0.354	1.280	292	0.375	0.375	285	0.479	1.155	303	0.479	1.280	
122	23	-36	4	1	1	0	214	0.479	1.530	416	0.500	1.000	347	0.530	0.530	381	0.625	1.000	12	0.625	0.625	
123	16	-36	4	-2	-1	4	167	0.250	0.250	234	0.500	0.500	425	0.625	0.625	230	0.750	0.625	361	0.839	0.839	
124	29	-34	4	-1	-2	3	243	0.125	0.125	390	0.125	0.125	333	0.250	0.250	268	0.375	0.375	319	0.479	1.405	
125	13	-15	4	1	2	0	92	0.250	0.250	82	0.375	0.375	280	0.500	0.500	254	0.500	0.500	222	0.500	0.500	
126	17	-36	4	-2	-1	8	418	0.125	0.125	167	0.500	1.375	123	0.500	1.125	215	0.625	0.625	234	0.750	0.875	
127	13	-32	4	-1	2	0	104	0.250	0.250	385	0.375	0.375	295	0.479	1.530	282	0.604	1.155	293	0.625	0.625	
128	21	-36	4	-1	2	1	183	0.250	0.250	450	0.375	0.375	100	0.500	0.500	296	0.604	1.280	448	0.625	0.625	
129	14	-28	4	2	-1	0	380	0.250	0.250	344	0.625	1.250	471	0.625	0.750	301	0.625	0.625	62	0.729	1.405	
130	13	-21	4	-1	1	1	459	0.125	0.125	253	0.250	0.250	91	0.604	1.155	488	0.604	1.405	152	0.625	1.250	
131	18	-34	4	1	1	0	357	0.375	0.375	277	0.854	1.155	454	0.875	0.875	377	0.905	0.729	26	0.979	1.250	
132	17	-34	4	2	-1	0	13	0.250	0.250	357	0.375	1.125	131	0.500	1.250	377	0.625	0.625	215	0.750	1.250	
133	29	-35	4	1	1	0	409	0.375	0.375	205	0.500	0.500	142	0.625	0.625	145	0.625	1.250	414	0.750	0.750	
134	16	-36	4	1	0	0	234	0.375	0.375	395	0.500	1.000	30	0.500	0.500	463	0.604	1.375	212	0.625	0.625	
135	13	-27	4	0	-1	4	340	0.250	0.250	498	0.375	0.375	31	0.375	0.375	50	0.500	0.500	34	0.500	0.500	
136	12	-24	4	2	1	0	341	0.500	1.375	311	0.625	0.625	64	0.750	1.030	327	0.750	1.155	415	0.750	0.750	
137	17	-16	4	1	0	0	432	0.500	0.500	265	0.625	0.625	4	0.750	0.750	339	0.750	0.750	28	0.750	1.030	
138	29	-33	4	1	-1	0	313	0.125	0.125	203	0.375	0.375	111	0.375	0.375	124	0.500	1.250	268	0.500	0.875	
139	22	-36	4	-2	1	1	100	0.375	0.375	183	0.375	1.125	442	0.500	0.500	296	0.559	1.589	302	0.625	0.625	
140	13	-19	4	-1	0	0	281	0.250	0.250	355	0.500	0.500	237	0.500	0.500	276	0.604	1.375	394	0.625	0.625	
141	12	-31	4	-1	-2	4	9	0.125	0.125	165	0.125	0.125	295	0.500	0.500	422	0.500	0.500	119	0.500	0.500	
142	29	-36	4	1	0	1	43	0.125	0.125	320	0.375	0.375	409	0.500	0.500	133	0.625	0.625	205	0.750	1.125	
143	25	-35	4	-1	1	0	158	0.250	0.250	175	0.479	1.530	374	0.500	1.000	499	0.625	1.375	209	0.625	0.875	
144	12	-24	4	-2	-1	2	272	0.125	0.125	415	0.250	0.250	311	0.375	0.375	489	0.375	0.375	453	0.500	0.500	
145	29	-34	4	-1	2	1	89	0.375	1.125	333	0.500	0.500	203	0.500	1.125	390	0.625	0.625	407	0.655	0.655	
146	27	-35	4	1	2	0	305	0.250	0.250	437	0.500	1.125	48	0.604	1.280	248	0.625	1.125	56	0.625	0.625	
147	28	-36	4	-1	2	1	52	0.375	0.375	407	0.375	1.000	97	0.500	0.875	58	0.500	1.250	320	0.625	0.625	
148	15	-16	4	2	-1	0	24	0.125	0.125	42	0.375	0.375	323	0.375	1.250	288	0.479	1.280	44	0.479	1.500	
149	13	-29	4	-1	-1	3	220	0.250	0.250	249	0.354	1.280	362	0.375	0.375	176	0.479	1.530	244	0.500	1.375	
150	13	-18	4	1	2	2	420	0.125	0.125	231	0.479	1.405	76	0.500	1.375	259	0.604	1.500	256	0.625	0.625	
151	24	-34	4	0	-1	0	369	0.375	0.375	473	0.500	0.500	331	0.500	0.500	53	0.604	1.375	419	0.729	1.714	
152	12	-21	4	-2	-1	3	273	0.125	0.125	371	0.500	0.500	481	0.625	0.625	488	0.625	0.625	384	0.750	0.750	
153	22	-15	4	-2	-1	16	485	0.500	0.500	36	0.500	0.500	388	0.500	0.500	72	0.500	1.125	65	0.750	0.750	
154	27	-36	4	1	-2	0	469	0.625	0.750	229	0.625	0.625	37	0.625	0.625	52	0.625	1.250	483	0.750	0.625	
155	14	-30	4	-2	-1	0	169	0.479	1.500	457	0.500	1.125	156	0.500	0.500	295	0.559	1.589	422	0.604	1.375	
156	14	-29	4	-1	0	0	38	0.250	0.250	149	0.250	1.125	344	0.250	0.250	220	0.500	0.875	155	0.500	0.500	
157	15	-17	4	-1	-2	2	116	0.250	0.250	202	0.375	0.375	345	0.479	1.405	328	0.479	1.375	334	0.500	1.250	
158	25	-35	4	-1	0	1	143	0.250	0.250	374	0.250	1.250	209	0.375	1.125	291	0.500	0.500	174	0.604	1.714	
159	12	-22	4	-1	2	2	350	0.375	0.375	273	0.625	0.750	270	0.625	0.625	130	0.750	0.655	109	0.750	0.750	
160	19	-36	4	1	-2	0	25	0.125	0.125	391	0.250	0.250	95	0.250	0.250	16	0.500	0.500	303	0.500	0.500	
161	20	-13	4	0	-1	15	168	0.250	0.250	166	0.375	0.375	316	0.375	1.000	470	0.375	0.375	378	0.375	0.375	
162	17	-16	4	-1	0	5	339	0.250	0.250	265	0.375	0.375	435	0.375	1.375	432	0.500	0.500	298	0.500	1.250	
163	13	-25	4	-1	-1	4	173	0.125	0.125	387	0.125	0.125	424	0.250	0.250	193	0.354	1.280	272	0.530	0.530	
164	13	-28	4	0	1	0	474	0.250	1.375	370	0.250	0.250	301	0.375	0.375	34	0.500	0.875	274	0.500	1.750	
165	12	-31	4	-1	-1	0	141	0.125	0.125	9	0.250	0.250	295	0.375	0.375	293	0.530	0.530	422	0.625	0.625	
166	21	-13	4	0	-1	4	478	0.250	1.125	283	0.375	0.375	326	0.375	1.375	161	0.375	0.375	23	0.375	1.125	
167	16	-36	4	-2	1	0	123	0.250	0.250	212	0.625	1.250	425	0.625	0.625	101	0.655	0.655	230	0.750	0.750	
168	20	-13	4	1	-1	0	378	0.125	0.125	161	0.250	0.250	1	0.354	1.280	70	0.479	1.155	23	0.479	1.530	
169	13	-31	4	-1	-2	2	422	0.125	0.125	447	0.375	0.375	389	0.375	1.250	293	0.375	1.000	9	0.500	0.500	
170	12	-17	4	-1	0	0	115	0.125	0.125	90	0.250	0.250	365	0.500	0.500	352	0.625	0.625	444	0.750	0.625	
171	15	-19	4	1	2	0	263	0.375	1.125	41	0.375	1.250	191	0.375	0.375	242	0.559	1.589	218	0.625	0.625	
172	15	-20	4	-1	-2	4	198	0.500	0.500	438	0.604	1.375	426	0.625	0.875	181	0.625	1.125	494	0.625	0.625	
173	13	-25	4	-2	-1	2	424	0.125	0.125	163	0.125	0.125	387	0.250	0.250	453	0.375	1.250	195	0.375	1.250	
174	23	-36	4	-2	-1	7	59	0.250	0.250	139	0.375	1.375	428	0.500	0.500	442	0.500	0.875	53	0.625	0.625	
175	24	-34	4	-1	1	6	331	0.750	0.750	151	0.750	0.750	374	0.750	0.625	209	0.875	0.500	207	0.875	1.030	
176	12	-30	4	-1	-1	1	249	0.250	0.250	201	0.500	0.500	165	0.500	0.875	9	0.625	1.125	295	0.750	0.750	
177	20	-15	4	1	0	0	224	0.125	0.125	67	0.250	0.250	348	0.375	0.375	446	0.500	0.500	70	0.625	1.155	
178	15	-33	4	-2	-1	1	366	0.375	0.375	96	0.500	0.500	117	0.500	0.500	429	0.500	1.125	361	0.625	0.625	
179	12	-27	4	1	-1	0	495	0.125	0.125	50	0.125	0.125	40	0.375	0.375	31	0.500	1.000	192	0.625	0.625	
180	16	-31	4	-1	0	0	411	0.250	1.125	223	0.375	0.375	81	0.375	1.125	367	0.500	1.000	5	0.500	0.500	
181	14	-20	4	-2	1	0	351	0.250	0.250	426	0.250	0.250	438	0.500	0.500	289	0.500	0.500	355	0.604	1.375	
182	20	-15	4	-2	-1	14	232	0.125	0.125	322	0.500	0.875	348	0.500	0.500	482	0.625	1.000	316	0.625	0.625	
183	21	-36	4	-2	1	1	128	0.250	0.250	479	0.500	1.125	107	0.604	1.280	450	0.625	0.625	100	0.750	0.750	
184	25	-34	4	2	1	0	499	0.125	0.125	257	0.500	0.500	235	0.500	0.875	87	0.625	1.000	154	0.979	1.604	
185	22	-35	4	1	0	0	347	0.250	0.250	381	0.500	1.000	118	0.500	0.500	392	0.604	1.155	206	0.604	1.405	
186	14	-18	4	1	2	0	256	0.250	0.250	73	0.375	1.125	86	0.500	0.500	231	0.500	1.000	445	0.625	0.625	
187	14	-19	4	-2	-1	2	61	0.250	0.250	393	0.250	0.250	218	0.500	0.500	328	0.500	0.500	281	0.500	1.250	
188	13	-15	4	1	-1	1	280	0.125	0.125	217	0.479	1.155	15	0.500	0.875	405	0.500	1.000	148	0.604	1.714	
189	16	-17	4	-1	-1	0	71	0.125	0.125	66	0.125	0.125	44	0.375	0.375	86	0.604	1.714	363	0.604	1.530	
190	15	-33	4	2	-1	0	96	0.250	0.250	108	0.250	0.250	197	0.375	0.375	46	0.375	1.375	413	0.479	1.405	
191	15	-19	4	1	0	1	171	0.375	0.375	198	0.500	0.500	497	0.500	0.500	334	0.625	0.625	445	0.750	1.000	
192	12	-28	4	1	0	0	290	0.375	0.375	164	0.500	0.875	129	0.500	1.625	495	0.500	0.500	353	0.500	0.500	
193	12	-26	4	-1	0	0	475	0.125	0.125	453	0.375	0.375	487	0.500	0.500	195	0.625	0.625	74	0.750	0.750	
194	19	-14	4	-1	1	0	22	0.375	0.375	451	0.479	1.530	275	0.500	1.250	441	0.500	0.500	14	0.625	1.250	
195	12	-25	4	-1	1	0	27	0.125	0.125	317	0.250	0.250	453	0.250	0.250	311	0.625	0.875	136	0.625	1.250	
196	15	-29	4	-1	2	0	349	0.125	0.125	21	0.250	0.250	51	0.375	0.375	301	0.479	1.155	472	0.500	0.500	
197	15	-33	4	1	1	0	108	0.125	0.125	456	0.125	0.125	329	0.250	0.250	190	0.375	0.375	83	0.479	1.280	
198	15	-20	4	2	-1	0	497	0.250	0.250	172	0.500	0.500	191	0.500	0.500	494	0.875	0.625	171	0.875	0.875	
199	15	-32	4	-2	-1	0	117	0.125	0.125	261	0.375	1.125	360	0.479	1.155	399	0.500	1.125	211	0.500	1.375	
200	16	-34	4	0	-1	0	455	0.125	0.125	11	0.125	0.125	413	0.250	0.250	230	0.250	1.125	425	0.375	1.000	
201	12	-30	4	1	-1	0	447	0.479	1.530	422	0.479	1.280	307	0.500	0.500	141	0.500	1.250	176	0.500	0.500	
202	15	-17	4	1	-1	0	116	0.125	0.125	157	0.375	0.375	363	0.500	1.375	288	0.500	1.000	325	0.530	0.530	
203	29	-33	4	2	1	2	138	0.375	0.375	313	0.500	0.500	89	0.500	0.500	111	0.750	0.750	268	0.875	0.750	
204	26	-36	4	-1	0	3	291	0.500	1.250	419	0.625	1.000	374	0.729	1.714	56	0.750	0.750	158	0.750	1.030	
205	29	-35	4	-1	1	0	0	0.479	1.530	133	0.500	0.500	97	0.500	1.000	319	0.500	1.375	400	0.625	0.625	
206	23	-34	4	1	2	0	392	0.250	0.250	7	0.375	0.375	214	0.655	0.655	175	0.750	0.750	331	0.875	1.000	
207	23	-35	4	-1	-1	2	53	0.125	0.125	428	0.250	0.250	442	0.354	1.405	139	0.479	1.155	59	0.500	1.000	
208	14	-31	4	1	0	0	379	0.125	0.125	103	0.250	1.125	417	0.250	0.250	79	0.375	1.000	304	0.500	0.500	
209	24	-35	4	-1	1	0	374	0.125	0.125	53	0.500	1.250	175	0.500	0.875	214	0.500	0.500	206	0.604	1.155	
210	16	-30	4	0	-1	0	312	0.250	1.125	54	0.375	1.000	120	0.375	0.375	223	0.375	1.250	5	0.375	0.375	
211	14	-32	4	-2	1	1	99	0.125	0.125	399	0.250	0.250	261	0.250	0.250	294	0.375	0.375	293	0.500	1.250	
212	16	-35	4	1	1	0	30	0.375	0.375	132	0.479	1.155	336	0.500	1.375	357	0.604	1.714	13	0.604	1.405	
213	13	-21	4	1	-1	0	376	0.125	0.125	439	0.250	0.250	18	0.500	0.875	396	0.500	1.125	57	0.530	0.530	
214	24	-35	4	1	1	0	499	0.479	1.530	209	0.500	0.500	257	0.604	1.155	184	0.604	1.405	331	0.625	0.625	
215	17	-35	4	-2	-1	2	101	0.375	0.375	230	0.375	1.000	123	0.479	1.280	434	0.500	0.875	418	0.500	0.500	
216	12	-16	4	2	1	0	15	0.375	1.250	125	0.479	1.530	20	0.500	1.125	397	0.500	0.500	405	0.559	1.589	
217	14	-16	4	2	1	0	24	0.375	1.250	148	0.500	1.375	269	0.500	0.500	6	0.604	1.500	259	0.625	0.625	
218	14	-19	4	-1	2	0	393	0.250	0.250	186	0.375	1.375	86	0.500	0.875	256	0.500	1.125	187	0.500	0.500	
219	15	-17	4	1	2	0	323	0.479	1.405	255	0.500	1.125	113	0.604	1.500	73	0.625	0.625	202	0.625	0.625	
220	13	-29	4	0	-1	1	362	0.125	0.125	149	0.250	0.250	457	0.375	1.000	244	0.375	1.125	249	0.604	1.250	
221	17	-14	4	1	-2	0	68	0.125	0.125	28	0.479	1.375	297	0.500	0.500	410	0.500	1.250	240	0.729	1.405	
222	13	-15	4	-2	1	1	271	0.125	0.125	82	0.125	0.125	92	0.250	0.250	125	0.500	0.500	452	0.729	1.280	
223	16	-31	4	-1	-2	1	466	0.250	0.250	312	0.375	0.375	440	0.375	1.250	180	0.375	0.375	199	0.479	1.500	
224	20	-15	4	2	1	0	177	0.125	0.125	67	0.125	0.125	446	0.375	0.375	264	0.479	1.500	70	0.479	1.280	
225	12	-19	4	1	1	0	449	0.250	0.250	150	0.354	1.405	420	0.479	1.530	444	0.500	1.250	461	0.500	1.250	
226	13	-32	4	1	-2	0	389	0.125	0.125	293	0.375	0.375	300	0.479	1.500	385	0.625	0.625	417	0.655	0.655	
227	28	-36	4	2	-1	0	469	0.125	0.125	52	0.375	0.375	142	0.375	1.250	320	0.500	1.125	43	0.500	1.375	
228	19	-14	4	1	0	0	443	0.125	0.125	441	0.250	0.250	318	0.250	0.250	22	0.375	0.375	315	0.500	0.500	
229	26	-36	4	1	-2	0	483	0.125	0.125	462	0.250	0.250	419	0.625	0.625	204	0.625	0.625	154	0.750	0.625	
230	16	-35	4	-1	-1	2	425	0.125	0.125	434	0.125	0.125	404	0.250	0.250	30	0.625	0.625	234	0.625	1.250	
231	14	-17	4	1	1	0	259	0.125	0.125	73	0.125	0.125	24	0.354	1.280	148	0.479	1.155	306	0.479	1.280	
232	20	-15	4	-1	0	6	182	0.125	0.125	322	0.375	1.000	316	0.500	0.500	446	0.500	0.500	402	0.625	1.000	
233	21	-35	4	-1	-2	0	75	0.250	0.250	106	0.375	1.250	412	0.500	0.500	479	0.604	1.280	427	0.625	0.625	
234	16	-36	4	1	-2	0	134	0.375	0.375	123	0.500	0.500	395	0.750	1.250	167	0.750	0.750	126	0.875	0.750	
235	26	-34	4	1	2	0	257	0.625	0.625	437	0.625	0.625	499	0.750	0.625	146	0.780	0.750	248	0.875	0.750	
236	20	-13	4	1	2	0	378	0.500	0.500	112	0.625	0.625	14	0.625	0.625	168	0.625	0.625	264	0.780	0.750	
237	13	-18	4	-2	-1	3	359	0.125	0.125	365	0.375	1.125	468	0.500	0.500	444	0.500	1.125	140	0.500	0.500	
238	20	-36	4	2	-1	0	35	0.125	0.125	69	0.250	0.250	285	0.250	0.250	106	0.375	1.000	303	0.375	0.375	
239	25	-36	4	0	1	0	143	0.250	1.125	12	0.375	0.375	374	0.604	1.375	175	0.604	1.839	291	0.625	0.625	
240	16	-15	4	-1	0	3	423	0.125	0.125	49	0.250	1.125	346	0.250	1.375	435	0.375	0.375	60	0.375	1.250	
241	22	-14	4	1	-1	0	36	0.500	1.000	153	0.625	1.250	326	0.625	0.625	490	0.750	0.750	485	0.750	0.750	
242	16	-17	4	-1	2	0	255	0.479	1.500	71	0.500	0.500	323	0.500	1.250	6	0.559	1.589	337	0.604	1.375	
243	29	-34	4	0	-1	0	124	0.125	0.125	268	0.250	0.250	390	0.250	0.250	333	0.375	0.375	414	0.375	1.375	
244	13	-30	4	1	-1	0	208	0.354	1.280	379	0.479	1.155	417	0.479	1.530	304	0.500	1.000	471	0.530	0.530	
245	17	-33	4	1	-1	0	377	0.125	0.125	413	0.530	0.530	454	0.604	1.155	357	0.604	1.405	386	0.625	0.625	
246	12	-27	4	0	1	0	85	0.125	0.125	487	0.375	0.375	474	0.375	0.375	193	0.500	0.875	495	0.625	0.625	
247	19	-35	4	-1	1	0	372	0.625	0.875	292	0.625	0.625	408	0.655	0.655	107	0.750	0.750	262	0.750	0.750	
248	27	-34	4	-2	1	1	458	0.375	0.375	437	0.500	0.500	158	0.729	1.464	235	0.750	0.875	473	0.750	1.500	
249	12	-30	4	-1	0	0	176	0.250	0.250	295	0.500	0.500	382	0.500	0.500	165	0.625	0.625	201	0.750	0.750	
250	15	-15	4	0	-1	0	49	0.250	0.250	60	0.375	0.375	258	0.375	0.375	42	0.375	1.375	401	0.375	0.375	
251	13	-23	4	1	-2	1	327	0.375	0.375	341	0.625	0.875	332	0.625	1.000	10	0.625	0.625	453	0.729	1.479	
252	22	-15	4	2	-1	2	36	0.250	0.250	241	0.750	0.625	153	0.750	0.750	388	0.750	0.750	65	0.875	1.125	
253	13	-21	4	0	1	0	459	0.125	0.125	496	0.250	1.250	130	0.250	0.250	314	0.500	0.500	488	0.604	1.375	
254	14	-15	4	0	1	0	114	0.375	0.375	269	0.500	0.500	6	0.500	0.500	125	0.500	0.500	92	0.500	0.500	
255	15	-16	4	-2	1	1	337	0.125	0.125	324	0.375	1.250	306	0.375	0.375	254	0.479	1.375	346	0.500	0.500	
256	14	-18	4	-1	2	0	86	0.250	0.250	186	0.250	0.250	328	0.375	0.375	231	0.375	1.250	76	0.479	1.280	
257	25	-34	4	-1	2	0	499	0.375	0.375	184	0.500	0.500	235	0.625	0.625	209	0.655	0.655	158	0.750	0.750	
258	16	-15	4	0	-1	0	298	0.375	1.000	250	0.375	0.375	240	0.500	0.500	49	0.625	0.625	42	0.625	1.030	
259	14	-17	4	2	1	0	231	0.125	0.125	73	0.250	0.250	24	0.479	1.155	202	0.500	1.250	306	0.604	1.375	
260	14	-20	4	2	1	0	289	0.250	0.250	171	0.479	1.500	396	0.500	0.500	494	0.500	0.500	198	0.500	1.375	
261	14	-32	4	-2	-1	0	99	0.125	0.125	294	0.125	0.125	211	0.250	0.250	360	0.500	0.500	293	0.500	1.000	
262	18	-35	4	-1	2	0	372	0.125	0.125	32	0.250	0.250	102	0.500	0.500	131	0.500	1.250	463	0.625	0.625	
263	15	-18	4	1	2	0	445	0.250	0.250	41	0.375	0.375	219	0.375	1.125	256	0.625	0.625	186	0.625	0.625	
264	21	-14	4	1	2	0	70	0.250	0.250	493	0.250	0.250	1	0.375	0.375	112	0.375	1.375	477	0.500	0.500	
265	17	-16	4	-1	-2	5	339	0.125	0.125	162	0.375	0.375	71	0.479	1.500	298	0.625	0.875	137	0.625	0.625	
266	12	-20	4	2	1	0	91	0.250	0.250	17	0.375	0.375	355	0.479	1.375	8	0.500	1.375	394	0.604	1.500	
267	18	-36	4	1	2	0	408	0.250	0.250	356	0.375	0.375	372	0.375	1.250	262	0.500	1.375	32	0.500	1.125	
268	29	-34	4	1	-1	0	243	0.250	0.250	124	0.375	0.375	390	0.500	0.500	333	0.625	0.625	400	0.625	1.250	
269	14	-15	4	1	0	0	405	0.125	0.125	6	0.375	1.000	217	0.500	0.500	250	0.500	0.875	254	0.500	0.500	
270	13	-22	4	1	2	0	109	0.125	0.125	459	0.375	1.375	396	0.479	1.405	130	0.500	1.250	314	0.604	1.030	
271	13	-15	4	-1	0	2	222	0.125	0.125	82	0.250	0.250	92	0.375	0.375	452	0.604	1.375	125	0.625	0.625	
272	12	-24	4	-1	-1	0	144	0.125	0.125	489	0.250	0.250	415	0.375	0.375	311	0.500	0.500	163	0.530	0.530	
273	12	-21	4	-1	0	0	152	0.125	0.125	488	0.500	0.500	371	0.625	0.625	481	0.750	0.750	159	0.750	0.625	
274	13	-26	4	0	1	0	424	0.500	0.875	311	0.604	1.839	173	0.625	1.000	78	0.625	0.625	27	0.625	1.155	
275	18	-14	4	-2	-1	22	297	0.375	1.125	460	0.500	0.500	375	0.500	0.500	423	0.559	1.589	3	0.625	0.875	
276	12	-20	4	-1	-2	8	17	0.375	0.375	481	0.375	1.250	152	0.500	0.875	488	0.500	0.500	384	0.500	1.125	
277	17	-33	4	-2	1	0	26	0.125	0.125	284	0.500	1.125	199	0.559	1.589	83	0.604	1.405	98	0.625	0.875	
278	13	-28	4	-1	0	0	370	0.250	0.250	34	0.375	0.375	484	0.375	1.375	498	0.500	0.500	164	0.500	0.500	
279	12	-22	4	2	-1	0	57	0.125	0.125	350	0.375	0.375	18	0.375	1.000	109	0.375	1.250	251	0.479	1.500	
280	13	-15	4	2	-1	0	188	0.125	0.125	269	0.375	1.250	405	0.500	1.125	125	0.500	0.500	401	0.625	0.750	
281	13	-19	4	-1	1	0	355	0.250	0.250	140	0.250	0.250	444	0.354	1.405	394	0.375	0.375	365	0.479	1.155	
282	12	-31	4	0	1	0	295	0.375	0.375	307	0.375	1.125	249	0.500	0.875	436	0.625	1.155	119	0.625	0.625	
283	21	-13	4	-2	-1	10	166	0.375	0.375	316	0.479	1.280	112	0.500	0.500	492	0.625	0.625	490	0.625	0.875	
284	16	-33	4	-1	-2	0	386	0.125	0.125	413	0.375	1.250	455	0.375	1.125	11	0.500	1.375	361	0.604	1.500	
285	20	-36	4	2	1	0	35	0.125	0.125	448	0.250	0.250	238	0.250	0.250	450	0.375	1.000	69	0.500	0.500	
286	16	-30	4	0	1	0	47	0.125	0.125	77	0.125	0.125	335	0.375	0.375	486	0.500	0.500	5	0.625	0.625	
287	14	-32	4	2	1	0	358	0.375	1.250	491	0.500	1.375	399	0.500	0.500	208	0.500	0.500	54	0.559	1.589	
288	16	-17	4	2	-1	0	44	0.250	0.250	66	0.500	0.500	189	0.625	0.625	113	0.625	0.625	334	0.655	0.655	
289	14	-20	4	1	2	0	260	0.250	0.250	351	0.250	0.250	191	0.479	1.375	181	0.500	0.500	393	0.500	1.125	
290	12	-28	4	1	2	0	192	0.375	0.375	246	0.500	1.250	487	0.500	1.125	164	0.500	0.500	484	0.625	0.625	
291	25	-36	4	-2	-1	3	419	0.500	0.500	158	0.500	0.500	338	0.500	1.125	12	0.625	1.000	428	0.729	1.464	
292	19	-35	4	-1	-2	0	121	0.375	0.375	95	0.375	1.125	25	0.375	1.250	421	0.479	1.375	16	0.479	1.155	
293	13	-32	4	-1	-1	0	226	0.375	0.375	389	0.500	0.500	165	0.530	0.530	127	0.625	0.625	141	0.655	0.655	
294	14	-32	4	-1	-1	1	261	0.125	0.125	99	0.250	0.250	211	0.375	0.375	330	0.500	1.250	399	0.625	0.625	
295	12	-31	4	-2	1	0	165	0.375	0.375	282	0.375	0.375	249	0.500	0.500	141	0.500	0.500	9	0.625	0.625	
296	20	-35	4	-2	-1	3	247	0.375	1.250	427	0.500	0.500	160	0.604	1.280	95	0.604	1.500	292	0.625	0.875	
297	17	-14	4	-2	-1	8	240	0.479	1.155	221	0.500	0.500	258	0.604	1.375	68	0.625	0.625	431	0.625	0.625	
298	16	-16	4	-2	-1	1	435	0.125	0.125	255	0.375	1.375	157	0.479	1.500	337	0.500	1.250	240	0.500	0.500	
299	13	-16	4	1	2	0	82	0.375	1.250	269	0.479	1.375	222	0.500	1.125	92	0.500	1.375	125	0.500	1.125	
300	14	-33	4	2	-1	1	330	0.250	0.250	108	0.375	1.375	96	0.500	0.875	190	0.500	1.125	197	0.500	1.250	
301	14	-28	4	0	1	0	164	0.375	0.375	129	0.625	0.625	34	0.729	1.250	474	0.750	1.030	51	0.780	0.780	
302	22	-36	4	1	1	0	100	0.250	0.250	381	0.354	1.405	118	0.375	0.375	347	0.500	0.875	214	0.604	1.589	
303	20	-36	4	0	-1	0	69	0.125	0.125	238	0.375	0.375	35	0.500	0.500	160	0.500	0.500	95	0.500	0.500	
304	14	-30	4	2	-1	0	364	0.125	0.125	103	0.479	1.405	208	0.500	0.500	79	0.604	1.500	379	0.625	0.625	
305	27	-35	4	2	1	0	146	0.250	0.250	58	0.375	1.000	437	0.625	0.875	268	0.684	1.464	52	0.750	0.655	
306	15	-16	4	0	1	0	6	0.250	1.250	255	0.375	0.375	337	0.500	0.500	24	0.500	0.500	254	0.625	1.030	
307	12	-30	4	1	1	0	201	0.500	0.500	471	0.604	1.589	119	0.750	0.750	353	0.750	0.750	249	0.750	0.750	
308	16	-34	4	-2	1	0	336	0.125	0.125	361	0.375	1.375	455	0.500	0.500	88	0.500	1.000	329	0.604	1.375	
309	19	-13	4	-2	-1	13	368	0.125	0.125	470	0.375	0.375	451	0.375	1.250	275	0.479	1.280	318	0.625	1.250	
310	14	-31	4	-1	2	0	379	0.500	0.500	55	0.500	0.500	457	0.604	1.280	208	0.625	0.625	367	0.625	0.625	
311	12	-24	4	-1	1	0	415	0.125	0.125	144	0.375	0.375	272	0.500	0.500	136	0.625	0.625	453	0.625	0.625	
312	16	-31	4	1	-1	0	54	0.125	0.125	466	0.125	0.125	45	0.375	0.375	223	0.375	0.375	94	0.500	0.500	
313	29	-33	4	1	-2	0	138	0.125	0.125	111	0.250	0.250	243	0.375	1.250	390	0.375	1.250	268	0.375	1.000	
314	14	-21	4	-1	2	1	480	0.250	0.250	289	0.375	1.375	438	0.375	0.375	181	0.500	0.875	253	0.500	0.500	
315	19	-15	4	2	-1	0	402	0.250	0.250	177	0.375	1.250	67	0.375	1.250	348	0.500	0.875	322	0.500	0.500	
316	20	-14	4	-2	-1	13	194	0.375	1.250	322	0.479	1.500	232	0.500	0.500	182	0.625	0.625	375	0.684	1.714	
317	12	-25	4	0	1	0	27	0.125	0.125	311	0.250	1.125	195	0.250	0.250	415	0.375	1.000	136	0.500	1.000	
318	19	-14	4	1	-1	0	443	0.125	0.125	228	0.250	0.250	348	0.354	1.405	177	0.354	1.280	224	0.479	1.155	
319	28	-35	4	-1	-1	4	37	0.354	1.280	97	0.375	0.375	407	0.500	0.500	458	0.530	0.530	154	0.604	1.155	
320	29	-36	4	1	2	1	43	0.250	0.250	205	0.375	1.250	142	0.375	0.375	133	0.500	1.000	147	0.625	0.625	
321	13	-23	4	-1	2	0	10	0.375	0.375	109	0.375	1.250	270	0.500	1.375	110	0.625	0.875	327	0.625	0.625	
322	19	-15	4	-1	-2	3	402	0.250	0.250	315	0.500	0.500	3	0.625	0.625	375	0.625	1.000	348	0.625	0.625	
323	16	-16	4	1	1	0	113	0.125	0.125	4	0.354	1.405	383	0.479	1.280	432	0.625	0.625	306	0.625	0.625	
324	14	-16	4	-1	-1	2	115	0.604	1.714	105	0.604	1.155	80	0.625	1.000	42	0.625	0.625	90	0.729	1.589	
325	14	-18	4	1	-1	0	467	0.125	0.125	191	0.354	1.280	61	0.500	1.250	345	0.500	0.500	202	0.530	0.530	
326	21	-14	4	0	-1	1	490	0.125	0.125	23	0.250	0.250	478	0.250	0.250	477	0.375	0.375	72	0.375	1.000	
327	13	-23	4	1	0	1	10	0.250	0.250	251	0.375	0.375	341	0.500	0.500	18	0.625	0.625	321	0.625	0.625	
328	14	-18	4	-1	0	0	86	0.125	0.125	359	0.250	1.125	345	0.250	0.250	256	0.375	0.375	187	0.500	0.500	
329	15	-33	4	0	1	0	456	0.125	0.125	197	0.250	0.250	366	0.250	0.250	108	0.375	0.375	429	0.500	0.500	
330	14	-33	4	1	-2	0	300	0.250	0.250	197	0.625	1.250	360	0.625	0.625	358	0.655	0.655	190	0.750	0.875	
331	24	-34	4	1	0	0	499	0.250	1.125	184	0.375	1.250	369	0.500	0.875	214	0.625	0.625	473	0.625	1.000	
332	13	-24	4	-1	0	0	272	0.250	1.125	415	0.250	1.250	424	0.375	0.375	311	0.375	1.125	173	0.500	0.500	
333	29	-34	4	-2	-1	11	390	0.125	0.125	124	0.250	0.250	243	0.375	0.375	319	0.479	1.405	0	0.500	1.250	
334	15	-18	4	1	-1	0	363	0.500	0.500	263	0.625	0.625	191	0.625	0.625	44	0.655	0.655	445	0.875	0.875	
335	15	-30	4	0	1	0	486	0.125	0.125	349	0.250	1.375	51	0.250	1.125	286	0.375	0.375	196	0.375	1.250	
336	16	-34	4	-1	1	0	308	0.125	0.125	178	0.479	1.155	366	0.479	1.530	329	0.479	1.280	361	0.500	1.250	
337	15	-16	4	-1	0	0	255	0.125	0.125	324	0.250	1.125	346	0.375	0.375	60	0.500	0.500	306	0.500	0.500	
338	24	-36	4	-2	-1	4	59	0.500	0.875	174	0.500	1.125	374	0.625	0.625	209	0.750	0.750	53	0.750	0.780	
339	17	-16	4	-1	-1	1	265	0.125	0.125	162	0.250	0.250	66	0.354	1.405	189	0.479	1.530	298	0.500	1.000	
340	13	-27	4	1	-1	0	31	0.125	0.125	135	0.250	0.250	380	0.354	1.405	129	0.604	1.405	498	0.625	0.625	
341	13	-24	4	2	-1	1	327	0.500	0.500	163	0.625	1.250	64	0.625	0.625	173	0.750	1.250	489	0.750	0.750	
342	24	-36	4	1	1	0	416	0.125	0.125	12	0.250	0.250	239	0.625	0.625	209	0.625	1.375	63	0.625	1.250	
343	12	-25	4	1	-2	1	74	0.375	1.000	78	0.604	1.500	475	0.625	1.125	387	0.625	0.625	453	0.625	0.625	
344	14	-29	4	-1	-1	0	156	0.250	0.250	457	0.479	1.405	38	0.500	0.500	471	0.500	0.500	364	0.500	1.375	
345	14	-18	4	-1	-1	1	328	0.250	0.250	140	0.354	1.280	86	0.375	0.375	467	0.375	0.375	61	0.500	1.000	
346	15	-15	4	-1	0	1	60	0.125	0.125	49	0.250	0.250	398	0.375	1.000	337	0.375	0.375	476	0.375	1.250	
347	22	-35	4	1	1	0	185	0.250	0.250	206	0.354	1.405	7	0.354	1.280	122	0.530	0.530	392	0.604	1.405	
348	20	-15	4	1	-2	0	177	0.375	0.375	224	0.500	0.500	182	0.500	0.500	322	0.625	0.625	402	0.625	0.625	
349	15	-29	4	0	1	0	196	0.125	0.125	21	0.125	0.125	51	0.250	0.250	472	0.625	0.625	344	0.750	1.125	
350	12	-22	4	1	1	1	159	0.375	0.375	279	0.375	0.375	253	0.479	1.280	57	0.500	0.500	18	0.500	1.375	
351	14	-20	4	-1	2	0	181	0.250	0.250	289	0.250	0.250	281	0.479	1.405	355	0.479	1.155	140	0.479	1.375	
352	12	-16	4	-1	-1	1	452	0.125	0.125	397	0.375	0.375	170	0.625	0.625	20	0.750	0.750	115	0.750	0.750	
353	12	-29	4	2	1	0	164	0.479	1.375	362	0.500	1.125	192	0.500	0.500	220	0.625	1.000	290	0.625	0.875	
354	16	-33	4	1	1	0	46	0.125	0.125	433	0.250	0.250	98	0.375	0.375	377	0.500	1.250	245	0.625	1.375	
355	13	-19	4	0	1	0	394	0.125	0.125	150	0.250	1.250	281	0.250	0.250	449	0.375	0.375	420	0.375	1.125	
356	18	-36	4	1	0	0	25	0.250	1.125	267	0.375	0.375	160	0.375	1.000	464	0.500	1.000	391	0.500	1.250	
357	18	-34	4	2	-1	1	131	0.375	0.375	454	0.500	0.500	292	0.604	1.280	95	0.729	1.604	25	0.729	1.464	
358	15	-32	4	1	-1	0	491	0.125	0.125	433	0.354	1.280	46	0.479	1.155	386	0.479	1.280	96	0.500	1.000	
359	13	-18	4	-1	-1	0	237	0.125	0.125	468	0.375	0.375	365	0.500	1.000	33	0.604	1.155	461	0.625	1.250	
360	14	-33	4	-1	0	0	429	0.375	0.375	99	0.375	0.375	261	0.500	0.500	211	0.500	0.500	127	0.604	1.375	
361	15	-34	4	-2	-1	0	88	0.375	0.375	178	0.625	0.625	230	0.655	0.655	360	0.750	0.905	200	0.750	0.750	
362	13	-29	4	1	-2	0	220	0.125	0.125	149	0.375	0.375	244	0.375	1.000	304	0.479	1.500	457	0.625	1.125	
363	15	-18	4	-1	-1	1	61	0.354	1.405	393	0.479	1.155	41	0.500	0.500	334	0.500	0.500	86	0.500	1.250	
364	14	-30	4	1	-1	0	304	0.125	0.125	79	0.354	1.405	103	0.479	1.530	447	0.530	0.530	62	0.530	0.530	
365	12	-18	4	-2	-1	3	444	0.500	0.500	170	0.500	0.500	115	0.625	0.625	430	0.625	0.625	33	0.750	1.125	
366	15	-33	4	-1	1	0	329	0.250	0.250	399	0.354	1.405	99	0.354	1.280	456	0.375	0.375	178	0.375	0.375	
367	15	-31	4	-1	2	0	55	0.125	0.125	81	0.125	0.125	486	0.375	1.375	155	0.604	1.280	310	0.625	0.625	
368	19	-13	4	-1	0	8	309	0.125	0.125	451	0.250	1.125	275	0.625	1.155	14	0.625	0.625	194	0.625	0.625	
369	25	-34	4	0	-1	0	473	0.125	0.125	87	0.375	0.375	151	0.375	0.375	184	0.625	0.625	483	0.729	1.839	
370	13	-28	4	-1	1	0	164	0.250	0.250	278	0.250	0.250	85	0.354	1.405	246	0.479	1.280	487	0.604	1.405	
371	12	-21	4	1	-2	5	481	0.125	0.125	384	0.250	0.250	152	0.500	0.500	439	0.500	0.500	57	0.500	1.000	
372	18	-35	4	-1	1	0	262	0.125	0.125	32	0.375	0.375	102	0.375	0.375	131	0.500	1.375	215	0.500	1.250	
373	22	-13	4	1	-2	0	39	0.125	0.125	2	0.375	0.375	241	0.500	1.000	166	0.500	0.500	485	0.625	1.000	
374	24	-35	4	-2	1	0	209	0.125	0.125	207	0.375	1.250	53	0.500	1.375	206	0.604	1.280	428	0.625	1.250	
375	18	-15	4	-1	0	4	410	0.250	1.125	3	0.375	0.375	275	0.500	0.500	435	0.604	1.589	162	0.604	1.030	
376	13	-21	4	1	-2	1	439	0.125	0.125	213	0.125	0.125	18	0.375	1.000	371	0.625	0.625	19	0.625	0.625	
377	17	-33	4	2	-1	1	245	0.125	0.125	357	0.479	1.280	454	0.604	1.280	13	0.625	0.625	413	0.655	0.655	
378	20	-13	4	2	-1	0	168	0.125	0.125	161	0.375	0.375	477	0.479	1.280	236	0.500	0.500	326	0.604	1.375	
379	14	-31	4	2	1	0	208	0.125	0.125	417	0.375	0.375	103	0.375	1.250	486	0.479	1.500	79	0.500	1.125	
380	14	-28	4	1	-2	0	129	0.250	0.250	344	0.375	1.250	471	0.500	1.000	62	0.604	1.405	362	0.750	0.780	
381	23	-35	4	1	2	0	331	0.479	1.375	392	0.500	0.875	206	0.500	1.125	7	0.625	0.750	342	0.655	0.655	
382	12	-29	4	-2	-1	0	249	0.500	0.500	484	0.500	0.500	201	0.625	1.250	220	0.750	0.750	457	0.780	0.750	
383	17	-15	4	0	1	0	4	0.125	0.125	431	0.500	1.375	29	0.729	1.375	410	0.750	0.750	482	0.750	0.750	
384	12	-21	4	2	-1	0	481	0.125	0.125	371	0.250	0.250	213	0.375	1.000	376	0.500	0.875	439	0.625	0.750	
385	13	-32	4	1	1	0	104	0.125	0.125	208	0.354	1.280	127	0.375	0.375	389	0.500	0.500	379	0.604	1.405	
386	16	-33	4	0	-1	0	284	0.125	0.125	11	0.250	1.250	200	0.375	1.375	413	0.375	1.125	455	0.500	1.250	
387	13	-25	4	-1	-2	4	163	0.125	0.125	173	0.250	0.250	424	0.375	0.375	193	0.479	1.375	78	0.500	1.125	
388	22	-15	4	-1	2	0	65	0.375	1.000	153	0.500	0.500	492	0.604	1.500	72	0.625	1.125	485	0.625	0.750	
389	13	-32	4	1	-1	0	226	0.125	0.125	330	0.354	1.405	287	0.500	1.250	293	0.500	0.500	385	0.500	0.500	
390	29	-34	4	-1	-1	4	333	0.125	0.125	124	0.125	0.125	243	0.250	0.250	97	0.479	1.155	319	0.479	1.530	
391	19	-36	4	2	-1	0	25	0.125	0.125	160	0.250	0.250	285	0.375	1.375	95	0.500	0.500	35	0.500	1.250	
392	23	-34	4	2	1	0	7	0.125	0.125	206	0.250	0.250	331	0.375	1.250	151	0.625	1.000	214	0.750	0.655	
393	14	-19	4	-2	1	0	218	0.250	0.250	187	0.250	0.250	140	0.375	1.250	281	0.375	1.000	61	0.500	0.500	
394	13	-19	4	1	2	0	355	0.125	0.125	281	0.375	0.375	150	0.375	1.125	461	0.500	0.500	420	0.500	1.000	
395	17	-36	4	1	2	0	463	0.375	1.125	32	0.479	1.280	101	0.500	1.250	418	0.625	0.625	408	0.625	0.625	
396	14	-21	4	1	0	2	19	0.375	0.375	260	0.500	0.500	497	0.625	1.155	314	0.625	0.625	494	0.750	0.625	
397	12	-16	4	1	-2	1	452	0.250	0.250	352	0.375	0.375	105	0.479	1.280	403	0.479	1.500	216	0.500	0.500	
398	14	-15	4	-1	-2	11	401	0.125	0.125	476	0.250	0.250	324	0.375	1.000	405	0.500	0.500	114	0.500	0.500	
399	14	-32	4	-1	2	0	211	0.250	0.250	99	0.375	0.375	287	0.500	0.500	310	0.500	1.125	261	0.500	0.500	
400	29	-35	4	-1	-2	8	414	0.125	0.125	409	0.500	0.500	97	0.625	1.125	142	0.625	1.000	465	0.625	1.250	
401	14	-15	4	0	-1	0	398	0.125	0.125	324	0.250	1.125	476	0.375	0.375	250	0.375	0.375	405	0.375	0.375	
402	19	-15	4	1	-2	0	315	0.250	0.250	322	0.250	0.250	3	0.625	0.625	177	0.625	1.000	67	0.625	1.250	
403	13	-17	4	2	-1	0	105	0.250	0.250	231	0.375	1.250	467	0.479	1.500	73	0.500	1.125	259	0.500	1.375	
404	16	-35	4	0	-1	0	434	0.125	0.125	230	0.250	0.250	234	0.250	1.250	123	0.375	1.000	425	0.375	0.375	
405	14	-15	4	2	-1	0	269	0.125	0.125	401	0.375	0.375	148	0.479	1.280	398	0.500	0.500	6	0.500	1.125	
406	15	-30	4	-1	0	0	335	0.500	0.500	120	0.500	0.500	155	0.500	1.250	472	0.500	0.500	422	0.604	1.589	
407	28	-35	4	-1	1	0	97	0.125	0.125	0	0.500	0.875	58	0.500	0.500	319	0.500	0.500	437	0.604	1.155	
408	18	-36	4	-1	2	0	267	0.250	0.250	32	0.375	1.375	262	0.375	1.125	421	0.375	0.375	101	0.479	1.405	
409	29	-35	4	2	-1	0	133	0.375	0.375	414	0.375	0.375	400	0.500	0.500	142	0.500	0.500	43	0.625	0.625	
410	17	-15	4	-1	-1	1	435	0.354	1.280	298	0.479	1.405	339	0.500	0.875	423	0.500	1.250	337	0.604	1.839	
411	15	-31	4	-1	-1	0	99	0.354	1.280	79	0.375	0.375	211	0.479	1.155	294	0.479	1.530	81	0.500	0.500	
412	21	-35	4	2	-1	0	75	0.250	0.250	347	0.375	1.250	233	0.500	0.500	442	0.604	1.280	185	0.625	1.250	
413	16	-34	4	1	-1	0	11	0.125	0.125	200	0.250	0.250	455	0.375	0.375	434	0.500	1.250	132	0.500	1.000	
414	29	-35	4	0	-1	0	400	0.125	0.125	409	0.375	0.375	465	0.375	1.375	319	0.625	0.625	469	0.625	0.780	
415	12	-24	4	-2	1	0	311	0.125	0.125	144	0.250	0.250	272	0.375	0.375	453	0.500	0.500	110	0.625	0.625	
416	24	-36	4	2	1	0	342	0.125	0.125	12	0.375	0.375	63	0.500	1.375	419	0.500	1.125	209	0.625	1.250	
417	14	-31	4	1	-1	0	208	0.250	0.250	379	0.375	0.375	358	0.479	1.530	294	0.500	1.375	389	0.530	0.530	
418	17	-36	4	-1	0	1	126	0.125	0.125	167	0.250	1.250	215	0.500	0.500	123	0.500	1.250	395	0.625	0.625	
419	25	-36	4	1	-2	0	63	0.250	0.250	291	0.500	0.500	483	0.625	0.750	462	0.750	0.875	229	0.750	0.625	
420	13	-18	4	1	1	0	150	0.125	0.125	73	0.354	1.405	231	0.479	1.530	76	0.500	1.250	325	0.500	1.375	
421	18	-36	4	-1	0	0	418	0.375	1.375	408	0.375	0.375	102	0.500	0.500	126	0.500	1.250	215	0.625	0.905	
422	13	-31	4	0	-1	0	169	0.125	0.125	447	0.250	0.250	226	0.250	1.250	293	0.250	1.125	9	0.375	0.375	
423	16	-15	4	-2	1	0	240	0.125	0.125	346	0.375	1.250	49	0.375	1.250	435	0.500	0.500	60	0.500	1.375	
424	13	-25	4	-1	0	0	173	0.125	0.125	163	0.250	0.250	332	0.375	0.375	453	0.375	1.375	387	0.375	0.375	
425	16	-35	4	-2	-1	0	230	0.125	0.125	434	0.250	0.250	404	0.375	0.375	167	0.625	0.625	308	0.625	0.625	
426	14	-20	4	-2	-1	1	181	0.250	0.250	439	0.479	1.375	351	0.500	0.500	494	0.500	0.500	438	0.500	0.500	
427	20	-35	4	1	-2	0	303	0.375	1.250	106	0.479	1.405	238	0.500	0.875	296	0.500	0.500	69	0.500	1.125	
428	23	-35	4	-1	0	3	53	0.125	0.125	207	0.250	0.250	174	0.500	0.500	381	0.625	0.625	442	0.750	1.375	
429	14	-33	4	-1	2	0	360	0.375	0.375	127	0.479	1.280	211	0.500	0.875	399	0.500	1.125	329	0.500	0.500	
430	12	-18	4	1	-1	1	33	0.500	1.000	461	0.604	1.405	365	0.625	0.625	105	0.655	0.655	468	0.750	0.750	
431	17	-14	4	0	1	0	460	0.500	0.500	451	0.625	0.780	297	0.625	0.625	68	0.750	0.750	221	0.875	0.875	
432	17	-16	4	0	1	0	4	0.250	1.250	383	0.375	1.375	137	0.500	0.500	323	0.625	0.625	460	0.684	1.464	
433	16	-33	4	1	0	0	46	0.125	0.125	354	0.250	0.250	245	0.250	1.125	377	0.375	1.250	386	0.500	0.500	
434	16	-35	4	-1	-2	2	404	0.125	0.125	230	0.125	0.125	425	0.250	0.250	123	0.500	0.875	30	0.500	0.500	
435	16	-16	4	-1	0	0	298	0.125	0.125	255	0.250	1.250	337	0.375	1.375	240	0.375	0.375	71	0.500	0.500	
436	13	-30	4	1	2	0	244	0.625	0.625	304	0.625	1.125	51	0.729	1.464	307	0.750	0.625	38	0.750	0.905	
437	27	-34	4	1	2	0	248	0.500	0.500	235	0.625	0.625	58	0.655	0.655	0	0.750	0.750	48	0.750	1.125	
438	14	-21	4	-1	0	0	480	0.125	0.125	314	0.375	0.375	130	0.375	1.125	459	0.500	1.000	181	0.500	0.500	
439	13	-21	4	0	-1	5	376	0.125	0.125	213	0.250	0.250	18	0.250	1.125	19	0.500	0.500	371	0.500	0.500	
440	16	-32	4	0	-1	0	386	0.375	1.375	284	0.500	1.250	358	0.625	0.625	245	0.729	1.280	361	0.729	1.714	
441	19	-14	4	1	1	0	22	0.125	0.125	228	0.250	0.250	236	0.354	1.405	443	0.375	0.375	378	0.479	1.155	
442	22	-36	4	-1	-2	0	139	0.500	0.500	118	0.500	0.500	59	0.625	0.625	183	0.625	1.125	106	0.750	0.750	
443	19	-14	4	2	-1	0	228	0.125	0.125	318	0.125	0.125	441	0.375	0.375	348	0.479	1.500	22	0.500	0.500	
444	12	-18	4	-1	2	0	90	0.375	1.000	365	0.500	0.500	170	0.625	0.750	150	0.625	0.625	420	0.750	0.750	
445	15	-18	4	-1	2	0	41	0.125	0.125	263	0.250	0.250	219	0.375	1.375	186	0.625	0.625	363	0.625	0.625	
446	20	-15	4	0	1	1	67	0.250	0.250	482	0.375	0.375	224	0.375	0.375	232	0.500	0.500	177	0.500	0.500	
447	13	-31	4	1	-1	0	422	0.250	0.250	169	0.375	0.375	287	0.479	1.155	226	0.500	1.000	417	0.500	0.875	
448	20	-36	4	1	2	0	285	0.250	0.250	35	0.375	0.375	238	0.500	0.500	479	0.500	0.500	107	0.500	1.125	
449	12	-19	4	0	1	0	225	0.250	0.250	355	0.375	0.375	394	0.500	0.500	444	0.500	1.250	281	0.625	0.625	
450	21	-36	4	1	1	0	185	0.354	1.280	128	0.375	0.375	347	0.479	1.530	106	0.500	0.500	100	0.625	0.625	
451	18	-13	4	-1	1	0	14	0.750	0.750	275	0.750	0.750	431	0.780	0.625	460	1.000	0.375	375	1.000	1.000	
452	12	-16	4	-1	-2	7	352	0.125	0.125	397	0.250	0.250	115	0.500	0.875	20	0.625	0.625	170	0.625	0.750	
453	12	-25	4	-1	0	0	195	0.250	0.250	193	0.375	0.375	27	0.375	0.375	317	0.500	0.500	415	0.500	0.500	
454	18	-34	4	-1	-2	1	215	0.479	1.500	357	0.500	0.500	102	0.500	0.875	121	0.729	1.155	292	0.780	0.780	
455	16	-34	4	-1	-2	1	200	0.125	0.125	11	0.250	0.250	413	0.375	0.375	434	0.375	1.125	308	0.500	0.500	
456	15	-33	4	1	2	0	329	0.125	0.125	197	0.125	0.125	108	0.250	0.250	366	0.375	0.375	190	0.500	0.500	
457	13	-30	4	-2	-1	1	165	0.479	1.405	9	0.479	1.375	176	0.500	1.000	141	0.604	1.500	244	0.625	0.625	
458	27	-34	4	-1	-1	1	248	0.375	0.375	319	0.530	0.530	143	0.729	1.589	158	0.729	1.839	229	0.729	1.714	
459	13	-21	4	-1	2	0	253	0.125	0.125	130	0.125	0.125	496	0.500	1.375	488	0.604	1.500	314	0.625	0.625	
460	18	-14	4	-1	2	0	451	0.375	1.000	431	0.500	0.500	275	0.500	0.500	22	0.625	0.625	441	0.750	0.750	
461	13	-19	4	2	-1	0	494	0.479	1.500	394	0.500	0.500	497	0.559	1.589	355	0.625	0.625	8	0.625	0.625	
462	26	-36	4	2	-1	0	483	0.125	0.125	229	0.250	0.250	154	0.500	0.875	52	0.625	1.625	58	0.729	1.714	
463	17	-35	4	1	2	0	101	0.375	0.375	131	0.479	1.405	13	0.500	0.875	357	0.604	1.280	262	0.625	0.625	
464	19	-36	4	1	2	1	93	0.250	0.250	247	0.375	1.250	391	0.500	0.500	285	0.625	0.875	25	0.625	0.625	
465	29	-36	4	0	-1	0	142	0.500	0.500	43	0.625	0.625	469	0.625	0.625	227	0.750	0.625	319	0.780	0.780	
466	16	-31	4	1	-2	0	312	0.125	0.125	54	0.250	0.250	223	0.250	0.250	440	0.375	1.250	45	0.500	0.500	
467	14	-18	4	1	-2	0	325	0.125	0.125	345	0.375	0.375	191	0.479	1.375	61	0.500	1.375	187	0.500	1.125	
468	13	-18	4	1	-2	0	359	0.375	0.375	237	0.500	0.500	420	0.625	0.625	461	0.625	0.875	467	0.625	0.625	
469	28	-36	4	1	-1	0	227	0.125	0.125	52	0.500	0.500	465	0.625	0.625	43	0.625	1.250	320	0.625	1.250	
470	19	-13	4	0	-1	13	309	0.375	0.375	161	0.375	0.375	318	0.375	1.125	443	0.500	1.000	368	0.500	0.500	
471	14	-29	4	1	-1	0	120	0.479	1.280	344	0.500	0.500	62	0.500	0.875	51	0.500	1.375	244	0.530	0.530	
472	15	-29	4	-2	-1	0	344	0.375	1.000	155	0.479	1.280	196	0.500	0.500	156	0.500	1.250	38	0.500	1.250	
473	25	-34	4	-1	-2	1	369	0.125	0.125	87	0.500	0.500	151	0.500	0.500	374	0.604	1.280	175	0.625	1.250	
474	13	-27	4	0	1	0	274	0.250	1.375	246	0.375	0.375	34	0.500	0.500	85	0.500	0.500	195	0.604	1.839	
475	12	-26	4	-2	-1	1	193	0.125	0.125	453	0.500	0.500	50	0.625	1.125	487	0.625	0.625	74	0.625	0.625	
476	14	-15	4	-2	-1	0	398	0.250	0.250	114	0.250	0.250	271	0.375	1.250	401	0.375	0.375	82	0.375	1.250	
477	21	-14	4	2	-1	0	1	0.125	0.125	23	0.125	0.125	70	0.250	0.250	326	0.375	0.375	36	0.479	1.500	
478	21	-14	4	-1	-1	0	490	0.125	0.125	326	0.250	0.250	232	0.354	1.280	492	0.375	0.375	316	0.500	1.000	
479	20	-36	4	-2	1	0	247	0.479	1.405	448	0.500	0.500	93	0.500	0.875	303	0.625	0.625	95	0.625	1.125	
480	14	-21	4	-2	1	0	438	0.125	0.125	314	0.250	0.250	130	0.375	1.000	459	0.500	0.875	496	0.604	1.280	
481	12	-21	4	1	-1	0	384	0.125	0.125	371	0.125	0.125	18	0.479	1.530	57	0.500	0.875	213	0.625	0.875	
482	19	-15	4	0	1	0	22	0.250	1.250	194	0.250	1.125	446	0.375	0.375	441	0.375	1.125	451	0.604	1.839	
483	26	-36	4	1	-1	0	462	0.125	0.125	229	0.125	0.125	204	0.750	0.750	154	0.750	0.750	58	0.854	1.589	
484	12	-28	4	-1	0	0	382	0.500	0.500	487	0.500	0.500	290	0.625	0.625	249	0.750	0.750	193	0.750	0.750	
485	22	-14	4	-1	0	8	65	0.250	0.250	492	0.250	1.250	478	0.250	1.125	490	0.375	1.000	493	0.500	1.000	
486	15	-30	4	1	2	0	335	0.125	0.125	349	0.375	1.250	51	0.375	1.000	286	0.500	0.500	196	0.500	1.375	
487	12	-27	4	-2	1	0	85	0.250	0.250	246	0.375	0.375	484	0.500	0.500	40	0.500	0.500	193	0.500	0.500	
488	12	-20	4	-2	1	0	91	0.500	0.500	273	0.500	0.500	276	0.500	0.500	152	0.625	0.625	449	0.625	1.000	
489	12	-24	4	0	-1	2	343	0.250	1.250	272	0.250	0.250	144	0.375	0.375	453	0.500	0.875	64	0.604	1.375	
490	21	-14	4	-1	-2	11	326	0.125	0.125	478	0.125	0.125	23	0.375	0.375	232	0.479	1.375	492	0.500	0.500	
491	15	-32	4	2	-1	2	358	0.125	0.125	386	0.479	1.375	433	0.479	1.155	284	0.604	1.280	190	0.625	0.625	
492	21	-14	4	-2	1	2	493	0.250	0.250	478	0.375	0.375	316	0.375	1.375	490	0.500	0.500	264	0.500	0.500	
493	21	-14	4	-1	2	0	492	0.250	0.250	264	0.250	0.250	112	0.375	1.125	70	0.500	0.500	478	0.625	0.625	
494	14	-20	4	1	-2	0	426	0.500	0.500	260	0.500	0.500	19	0.500	1.125	396	0.625	0.750	438	0.625	1.000	
495	12	-27	4	2	-1	0	179	0.125	0.125	50	0.250	0.250	31	0.375	1.125	40	0.500	0.500	192	0.500	0.500	
496	13	-20	4	1	2	0	394	0.500	1.125	8	0.500	0.500	281	0.500	1.250	256	0.559	1.589	351	0.625	0.625	
497	15	-20	4	2	1	0	198	0.250	0.250	191	0.500	0.500	172	0.750	0.750	171	0.875	0.875	289	0.875	0.625	
498	13	-27	4	-2	-1	1	34	0.125	0.125	135	0.375	0.375	484	0.479	1.155	85	0.500	1.125	487	0.500	1.375	
499	25	-34	4	1	1	0	184	0.125	0.125	257	0.375	0.375	369	0.750	0.750	235	0.750	0.750	473	0.875	0.875	
