# states in shortest path from s to t
12

# shortest path from s to t
11	22	4	0	1
11	23	4	-1	1
10	24	4	-1	1
9	25	4	-2	1
7	26	4	-2	1
5	27	4	-1	1
4	28	4	-1	1
3	29	4	-1	1
2	30	4	-1	1
1	31	4	-1	1
0	32	4	-2	1
-2	33	4	-1	1

# cost of shortest path
4.402

# Line i represents a sample taken at time i. The sample corresponds to a discrete state.
# Line Format: [sample ID] [x] [y] [z] [x-component of yaw] [y-component of yaw] [U: marginal coverage]
#              [sample ID of nearest neighbor 1] [shortest path cost to nearest neighbor 1] [shortest path cost from nearest neighbor 1]
#              ...
#              [sample ID of nearest neighbor k] [shortest path cost to nearest neighbor k] [shortest path cost from nearest neighbor k]
0	4	27	4	-1	1	33	92	0.625	0.750	7	0.655	0.655	362	0.780	0.625	494	1.155	0.729	156	1.229	1.561	
1	15	34	4	1	-1	83	355	0.479	1.155	39	0.750	1.250	313	0.750	1.125	330	0.875	0.875	352	1.000	1.000	
2	-2	19	4	-1	1	23	24	0.500	0.500	408	0.750	0.750	290	0.979	1.464	189	0.979	1.250	345	1.104	1.707	
3	2	16	4	-1	-1	201	455	0.125	0.125	52	0.625	0.625	49	1.229	1.229	442	1.250	1.214	447	1.259	1.464	
4	14	32	4	-2	1	32	79	0.500	1.375	276	0.604	1.375	228	0.750	0.655	143	0.979	1.479	147	1.000	1.250	
5	13	23	4	-1	0	24	324	0.875	0.875	334	1.104	1.582	198	1.163	2.186	311	1.214	0.979	70	1.250	0.375	
6	18	33	4	0	-1	17	454	0.780	0.780	486	0.854	1.875	451	0.979	1.229	57	1.000	1.000	396	1.104	1.686	
7	3	26	4	-1	2	10	362	0.125	0.125	92	0.500	1.125	160	0.625	1.250	0	0.750	0.655	211	0.979	1.229	
8	12	16	4	1	1	17	54	0.375	0.375	191	0.500	0.500	458	1.030	0.604	472	1.030	0.854	297	1.059	1.214	
9	19	16	4	-2	-1	169	448	0.250	0.250	333	0.625	0.875	73	0.625	0.625	300	0.729	1.604	15	0.839	0.839	
10	-2	28	4	2	-1	38	440	0.125	0.125	219	0.250	0.250	425	0.500	0.875	261	0.750	0.750	22	0.839	0.839	
11	15	27	4	1	2	28	195	0.250	0.250	20	0.655	0.655	66	0.729	1.604	55	0.750	0.750	203	0.750	0.905	
12	-2	18	4	0	-1	63	189	0.375	0.375	194	0.625	0.625	412	0.625	0.625	67	0.979	1.250	24	1.125	1.000	
13	20	14	4	-2	1	0	225	0.375	1.250	100	0.375	1.000	343	0.839	0.839	144	0.875	0.780	333	0.875	1.030	
14	-5	18	4	1	2	19	289	0.625	0.750	376	1.000	1.750	111	1.125	0.875	174	1.250	1.464	180	1.250	1.250	
15	18	18	4	-2	-1	15	466	0.500	0.500	255	0.625	0.875	282	0.750	1.250	256	0.750	0.750	9	0.839	0.839	
16	6	33	4	-1	2	14	212	0.729	1.714	96	0.875	0.780	483	1.059	1.479	157	1.059	1.354	371	1.125	0.905	
17	20	17	4	1	1	73	222	0.530	0.530	427	0.625	0.750	365	0.625	0.625	246	0.750	0.625	242	0.854	1.839	
18	9	33	4	1	-2	5	312	0.625	0.625	185	0.729	1.714	122	0.780	0.750	388	0.875	0.875	59	1.059	1.354	
19	19	12	4	1	-1	91	384	0.750	0.750	343	0.875	0.875	288	1.000	1.000	201	1.000	1.561	446	1.000	1.000	
20	16	26	4	1	1	6	55	0.500	1.375	195	0.655	0.655	285	0.750	0.750	11	0.875	0.655	148	0.913	1.979	
21	0	23	4	-1	2	15	467	0.500	0.500	341	0.625	0.875	465	0.875	1.030	394	0.875	0.875	53	1.030	0.604	
22	-1	30	4	2	-1	0	492	0.500	1.125	421	0.604	1.375	354	0.684	1.714	10	0.839	0.839	351	0.875	0.875	
23	21	33	4	1	2	1	438	0.500	0.500	437	0.500	0.500	223	0.750	0.655	471	1.030	0.729	252	1.125	0.875	
24	-2	19	4	1	1	9	2	0.500	0.500	408	0.625	1.250	290	0.964	0.964	194	0.979	1.030	118	1.030	0.750	
25	7	15	4	-1	1	18	62	0.250	0.250	202	0.625	0.625	32	0.905	0.729	359	0.979	1.714	287	1.009	1.000	
26	7	18	4	1	-1	86	326	0.500	1.375	43	0.750	1.125	32	0.979	1.464	358	1.000	0.780	359	1.125	0.875	
27	-4	26	4	0	1	15	112	0.125	0.125	226	0.375	0.375	498	0.375	0.375	126	0.604	1.589	259	0.750	0.750	
28	2	25	4	2	-1	12	211	0.375	0.375	230	0.500	0.500	30	0.625	0.625	207	0.625	1.250	156	0.625	0.625	
29	8	28	4	1	0	7	424	0.375	0.375	192	0.500	0.500	328	0.875	0.875	40	0.979	1.250	305	0.979	1.589	
30	2	24	4	2	1	2	28	0.625	0.625	230	0.625	0.875	7	0.854	1.604	207	0.875	0.875	33	0.875	0.500	
31	16	14	4	2	1	5	497	0.500	0.500	414	0.875	0.875	307	0.875	1.030	238	1.059	1.707	489	1.125	0.875	
32	8	16	4	-2	-1	26	359	0.729	1.604	62	0.750	1.155	25	0.750	0.905	134	0.780	0.750	411	0.934	2.082	
33	2	23	4	1	2	6	30	0.500	0.875	48	0.905	0.625	362	0.934	2.082	364	1.000	0.500	7	1.059	1.957	
34	5	26	4	2	1	9	162	0.375	1.250	296	0.625	1.625	478	0.750	0.655	37	0.750	0.625	362	1.125	1.000	
35	6	30	4	2	-1	2	383	0.250	0.250	424	0.684	1.714	318	0.750	0.625	349	0.750	0.750	488	0.875	1.030	
36	11	30	4	1	-2	1	184	0.125	0.125	60	0.375	1.250	56	0.809	1.339	91	0.875	0.875	75	0.875	1.030	
37	5	25	4	1	1	1	162	0.354	1.280	478	0.500	0.875	296	0.604	1.589	34	0.750	0.750	61	0.905	0.729	
38	15	22	4	1	-1	10	311	0.375	0.375	167	0.625	0.875	475	0.854	1.354	356	1.000	1.000	302	1.104	1.561	
39	15	33	4	-2	-1	3	4	0.875	1.030	330	0.875	0.875	141	0.979	1.714	396	1.104	1.089	291	1.134	1.000	
40	10	28	4	0	1	9	164	0.125	0.125	305	0.604	1.589	169	0.729	1.250	360	0.750	0.625	192	0.750	0.750	
41	9	35	4	-2	-1	3	96	0.809	1.339	312	0.854	1.604	253	0.875	1.125	245	1.125	1.000	483	1.125	0.875	
42	17	12	4	1	-1	2	19	0.875	1.250	303	1.000	0.780	414	1.155	0.250	31	1.214	0.979	497	1.354	1.479	
43	8	18	4	1	0	0	326	0.250	0.250	358	0.375	0.375	458	0.854	1.957	272	0.875	1.000	294	0.979	1.707	
44	0	18	4	-2	1	13	118	0.479	1.500	2	0.729	1.714	172	0.964	0.964	158	1.000	1.214	189	1.038	1.582	
45	14	14	4	-2	1	13	477	0.250	0.250	297	0.750	1.250	190	0.780	0.750	332	1.000	1.000	69	1.030	0.604	
46	20	13	4	0	1	0	13	0.375	1.000	139	0.625	0.625	225	0.729	1.250	201	0.780	0.780	446	0.875	0.875	
47	6	13	4	0	-1	1	166	0.375	1.000	176	0.375	1.125	491	0.500	1.250	264	0.500	0.500	270	0.750	0.750	
48	3	22	4	0	1	6	364	0.625	0.625	33	0.750	0.905	470	0.750	0.750	230	0.979	2.000	159	1.125	0.875	
49	1	14	4	2	1	5	146	0.250	0.250	299	0.625	0.625	52	0.854	1.604	338	0.905	0.625	447	1.000	1.000	
50	-5	31	4	-1	1	0	308	0.625	0.625	170	1.000	1.000	204	1.250	1.030	449	1.354	1.104	72	1.434	0.979	
51	14	34	4	-1	1	3	380	0.479	1.280	124	0.530	0.530	350	0.625	1.250	276	0.780	0.625	186	0.979	1.839	
52	2	16	4	-1	2	14	3	0.625	0.625	455	0.750	0.750	260	0.854	1.464	353	0.875	0.875	249	0.875	0.500	
53	-1	22	4	1	2	2	467	0.375	1.250	341	0.500	1.125	21	0.875	1.030	465	1.104	1.250	345	1.125	0.875	
54	12	16	4	2	-1	7	8	0.375	0.375	297	0.559	1.589	472	0.655	0.655	332	1.038	2.119	115	1.125	1.125	
55	16	27	4	-1	1	4	203	0.625	0.875	89	0.905	0.729	64	0.979	1.714	11	1.030	0.750	325	1.082	1.354	
56	12	28	4	-2	-1	8	439	0.125	0.125	360	0.500	1.375	177	0.604	1.375	94	0.750	0.905	422	0.750	1.000	
57	18	33	4	0	1	0	434	0.750	1.030	438	0.750	0.750	402	0.875	0.905	355	1.125	0.875	124	1.184	2.104	
58	5	20	4	1	1	0	254	0.625	0.750	373	0.625	0.625	389	0.875	0.875	400	0.905	0.729	469	1.000	1.125	
59	7	31	4	-2	1	4	371	0.684	1.714	488	0.750	0.750	85	0.750	0.875	383	0.854	1.250	84	0.875	0.780	
60	11	29	4	0	-1	0	75	0.500	0.500	171	0.604	1.250	56	0.750	0.905	422	0.875	1.589	271	1.104	1.625	
61	6	24	4	-1	2	0	478	0.375	1.250	37	0.750	0.905	34	0.809	1.339	214	1.184	1.464	129	1.280	0.729	
62	7	15	4	-1	0	8	25	0.250	0.250	357	0.729	1.714	202	0.875	0.875	286	0.957	2.229	287	0.979	1.250	
63	8	23	4	-1	0	42	120	0.375	1.125	129	0.500	1.250	431	0.604	1.375	61	0.729	1.714	363	0.750	0.625	
64	14	28	4	-2	1	0	397	0.750	0.625	75	0.809	1.339	104	1.000	1.000	439	1.104	1.625	60	1.184	1.582	
65	11	25	4	2	-1	4	461	0.125	0.125	110	0.500	0.875	336	0.500	0.500	404	1.104	1.707	145	1.125	0.500	
66	17	28	4	2	-1	10	415	0.375	1.250	142	0.750	1.250	148	0.875	1.250	284	1.000	0.375	486	1.125	0.875	
67	-2	16	4	-1	0	30	158	0.625	0.625	131	0.875	1.000	12	1.250	0.750	210	1.280	0.625	44	1.436	1.082	
68	15	14	4	-1	-2	14	409	0.125	0.125	377	0.625	1.000	477	0.750	1.250	414	0.854	1.479	332	0.875	1.030	
69	15	15	4	-2	-1	9	190	0.250	0.250	68	0.625	0.875	409	0.750	0.750	45	0.875	1.030	477	0.875	1.030	
70	14	23	4	-2	1	0	97	0.125	0.125	5	0.375	1.250	179	0.729	1.589	121	0.750	0.625	109	0.780	0.750	
71	21	21	4	1	1	19	130	0.625	0.625	405	0.854	1.339	117	0.905	0.729	153	1.125	0.875	382	1.250	0.625	
72	-6	29	4	2	-1	1	168	0.479	1.500	136	0.750	1.000	170	1.030	0.854	308	1.089	1.089	259	1.163	1.729	
73	19	16	4	1	-1	46	420	0.354	1.405	9	0.625	0.625	333	0.625	1.250	238	0.625	1.000	246	0.854	1.354	
74	6	26	4	-2	-1	3	309	0.500	0.500	296	1.000	1.000	34	1.000	1.000	362	1.038	1.582	7	1.163	1.707	
75	12	29	4	-1	-2	4	60	0.500	0.500	56	0.500	0.875	360	0.604	1.280	171	0.625	1.000	439	0.625	0.750	
76	9	12	4	1	1	0	105	1.000	1.000	374	1.089	1.000	280	1.104	1.229	270	1.280	0.750	472	1.288	1.854	
77	17	35	4	-1	-2	8	454	0.375	1.000	310	0.375	0.375	215	0.839	0.839	6	0.854	1.464	330	0.979	1.354	
78	-7	26	4	1	-1	5	258	0.500	1.375	217	0.979	1.479	27	1.082	1.457	168	1.186	1.186	112	1.207	1.332	
79	13	32	4	-2	-1	3	228	0.750	0.750	36	1.059	1.604	327	1.163	1.707	184	1.184	1.729	51	1.214	1.184	
80	-2	33	4	-2	1	0	204	0.875	0.655	250	0.979	1.229	241	1.059	1.354	306	1.125	0.875	218	1.214	1.184	
81	9	28	4	-2	-1	3	169	0.500	0.500	192	0.625	1.000	309	0.934	2.082	271	0.979	1.229	125	1.000	1.125	
82	-2	25	4	-1	1	17	208	0.354	1.280	226	0.479	1.280	259	0.604	1.589	123	0.750	0.750	322	0.934	1.339	
83	17	30	4	-1	2	19	451	0.479	1.280	291	0.729	1.589	87	0.750	0.750	155	0.750	0.655	459	0.875	1.125	
84	6	30	4	-2	1	1	349	0.625	1.250	383	0.750	0.750	59	0.780	0.750	488	0.979	1.280	35	1.000	1.000	
85	6	31	4	1	2	3	349	0.125	0.125	318	0.625	0.625	488	0.625	0.875	371	0.729	1.375	59	0.875	0.750	
86	10	23	4	1	2	0	395	0.655	0.655	198	0.729	1.589	390	0.854	1.479	461	0.854	1.464	103	0.979	1.280	
87	18	30	4	1	1	19	155	0.500	1.375	83	0.750	0.750	101	0.934	1.339	459	1.030	0.875	438	1.038	2.104	
88	5	12	4	1	2	1	176	0.750	1.250	293	0.854	1.714	286	0.854	1.250	264	1.125	1.000	429	1.229	1.625	
89	15	26	4	1	2	3	195	0.500	0.875	11	0.500	1.125	203	0.684	1.464	64	0.729	1.604	55	0.750	0.905	
90	12	24	4	-1	2	0	375	0.854	1.479	490	1.000	1.839	110	1.000	1.000	481	1.038	1.582	94	1.059	2.082	
91	11	30	4	0	1	3	327	0.729	1.714	305	0.750	0.750	378	0.854	2.125	36	0.875	0.875	228	1.000	1.089	
92	3	27	4	-1	2	0	0	0.750	0.625	247	1.134	1.000	34	1.339	1.309	211	1.354	1.354	492	1.398	2.091	
93	14	12	4	0	1	0	331	0.625	0.625	477	0.979	1.625	497	1.059	1.436	31	1.104	1.729	45	1.104	1.375	
94	11	27	4	-1	1	0	40	0.479	1.280	164	0.604	1.155	81	0.729	1.714	360	0.750	0.750	177	0.750	0.750	
95	20	25	4	0	-1	16	321	0.375	1.000	495	0.604	1.250	462	0.625	0.625	493	0.875	1.339	436	0.979	1.625	
96	7	34	4	-1	2	0	16	0.780	0.750	278	1.125	1.000	253	1.125	0.875	212	1.259	1.464	193	1.259	1.000	
97	14	23	4	-1	0	0	70	0.125	0.125	5	0.375	1.375	121	0.625	0.625	90	0.729	1.714	404	0.750	0.625	
98	0	34	4	-1	-1	1	80	0.604	1.714	366	0.750	0.750	346	0.875	0.655	151	0.979	1.250	403	1.104	1.957	
99	14	34	4	1	-2	1	79	0.729	1.604	355	0.729	1.604	1	0.750	0.750	51	0.875	0.875	39	0.875	1.030	
100	19	14	4	-1	1	0	225	0.250	0.250	393	0.479	1.280	446	0.750	0.750	300	0.913	2.229	448	1.000	1.125	
101	20	29	4	1	0	40	163	0.250	1.125	418	0.500	1.000	348	0.750	0.625	244	0.750	1.125	229	0.875	1.125	
102	21	29	4	-1	2	4	418	0.250	0.250	229	0.604	1.500	471	0.934	2.207	101	1.000	0.625	163	1.250	0.875	
103	11	22	4	1	-2	0	416	0.375	0.375	334	0.625	0.625	395	0.625	0.625	179	0.875	0.750	216	1.000	1.000	
104	14	28	4	2	-1	2	195	0.875	1.030	11	0.875	1.030	285	1.038	2.119	203	1.184	1.229	55	1.184	1.229	
105	10	12	4	-1	-1	8	280	0.750	0.625	270	1.089	1.000	279	1.125	0.875	428	1.479	1.229	76	1.530	1.000	
106	-2	29	4	-1	2	11	261	0.375	0.375	205	0.625	0.625	306	0.625	1.375	351	0.729	1.589	316	0.750	0.750	
107	-6	26	4	-1	2	0	258	0.375	0.375	498	0.500	0.500	27	0.875	0.875	482	0.979	1.354	112	1.000	1.000	
108	10	24	4	-1	-2	8	216	0.559	1.589	103	0.729	1.589	416	0.854	1.479	198	0.979	1.280	86	1.000	1.000	
109	15	24	4	-2	1	0	404	0.500	1.125	453	0.625	0.625	97	0.750	0.905	178	0.750	1.155	70	0.875	0.780	
110	12	25	4	1	-2	0	390	0.375	1.000	336	0.625	0.625	65	0.875	0.500	5	0.934	1.375	375	1.000	0.905	
111	-5	18	4	-1	-1	117	14	0.875	0.875	189	1.000	1.000	289	1.250	0.750	174	1.354	1.104	12	1.692	1.250	
112	-4	26	4	-1	2	0	27	0.125	0.125	498	0.500	0.500	226	0.500	0.500	381	0.625	1.375	259	0.625	0.625	
113	10	19	4	-2	1	1	410	0.500	1.125	281	0.625	0.625	335	0.875	0.780	116	0.875	0.875	367	0.905	0.854	
114	10	20	4	1	0	0	445	0.854	1.875	281	1.000	0.875	367	1.104	1.354	324	1.104	1.604	334	1.125	0.875	
115	11	16	4	-2	-1	22	472	0.625	1.250	116	0.750	0.905	269	1.000	1.125	294	1.000	0.375	319	1.104	1.707	
116	10	17	4	-1	0	3	294	0.875	0.750	115	0.905	0.729	272	0.979	1.729	319	0.979	1.479	62	1.082	2.119	
117	20	22	4	2	-1	2	382	0.625	0.875	71	0.750	0.905	436	0.875	0.500	153	1.104	1.354	154	1.134	1.000	
118	-1	19	4	-1	2	0	408	0.604	1.500	24	0.750	0.750	2	0.750	0.750	12	0.979	1.229	172	1.125	0.964	
119	9	32	4	-1	0	0	59	0.875	1.464	278	0.875	1.339	16	0.934	1.832	96	0.979	1.729	327	1.000	0.625	
120	7	23	4	-1	1	0	61	0.354	1.405	129	0.375	0.375	478	0.854	1.589	214	0.854	1.354	433	0.934	1.479	
121	14	22	4	-1	1	0	5	0.354	1.280	97	0.625	0.625	453	0.655	0.655	70	0.750	0.750	109	0.964	0.964	
122	10	34	4	1	-2	0	487	0.780	0.750	312	0.839	0.839	18	0.875	0.780	245	0.905	0.625	388	1.125	0.500	
123	-2	26	4	-2	1	3	208	0.375	1.250	259	0.625	1.625	457	0.625	0.625	226	0.625	0.750	82	0.750	0.625	
124	15	35	4	-1	1	0	352	0.375	0.375	51	0.530	0.530	99	0.979	1.125	330	1.000	0.375	402	1.214	0.979	
125	9	26	4	-1	-1	0	150	0.354	1.280	435	0.750	0.750	137	0.875	1.125	336	0.964	0.964	108	0.979	1.214	
126	-5	28	4	-1	0	56	275	0.250	1.250	168	0.625	0.625	136	0.979	0.875	217	1.000	0.625	342	1.030	0.604	
127	3	21	4	1	-2	0	400	0.625	0.875	262	0.684	1.464	58	0.729	1.479	182	0.750	1.155	206	0.875	0.875	
128	17	18	4	1	0	0	413	0.500	0.500	256	0.500	1.250	17	0.854	1.875	265	1.000	0.625	165	1.030	0.604	
129	7	23	4	-2	-1	3	120	0.375	0.375	431	0.625	0.875	363	0.655	0.655	433	0.854	1.589	61	0.875	1.280	
130	21	20	4	1	0	5	398	0.500	0.500	71	0.625	0.625	153	0.875	0.875	456	1.250	1.375	242	1.250	0.500	
131	-2	17	4	1	2	0	158	0.375	0.375	118	0.559	1.589	2	0.625	1.625	194	0.875	1.155	220	1.000	1.155	
132	6	20	4	-1	0	3	369	0.250	0.250	262	0.604	1.839	254	0.625	0.625	399	0.780	0.780	182	0.979	1.250	
133	12	13	4	-1	-1	3	269	0.530	0.530	428	0.875	0.875	279	0.979	1.214	280	1.000	1.375	8	1.457	1.457	
134	9	15	4	-2	-1	6	175	0.625	0.625	337	0.625	0.625	319	0.750	0.875	279	0.780	0.750	280	0.839	0.839	
135	-4	29	4	-1	2	0	342	0.375	0.375	205	0.625	0.625	50	0.729	1.714	316	0.750	0.750	308	0.809	1.339	
136	-6	28	4	0	-1	49	168	0.500	0.500	275	0.625	0.625	78	0.905	1.339	72	1.000	0.625	258	1.125	1.354	
137	8	26	4	1	2	0	304	0.729	1.589	214	0.750	0.750	386	0.875	0.875	464	0.979	1.464	435	1.000	1.000	
138	19	19	4	2	-1	1	209	0.625	0.875	365	0.750	1.155	222	0.750	0.750	256	0.780	0.750	282	0.839	0.839	
139	21	13	4	-1	1	0	13	0.479	1.405	46	0.750	0.625	225	0.854	1.839	448	0.913	2.229	144	1.000	1.375	
140	12	14	4	1	1	0	297	0.979	1.714	191	1.000	1.561	472	1.030	0.604	68	1.082	1.332	133	1.125	1.000	
141	14	31	4	0	-1	0	181	0.625	0.625	339	0.750	0.905	396	0.875	0.875	228	0.875	1.125	227	1.000	1.125	
142	17	27	4	-2	-1	5	55	0.375	1.250	323	0.934	2.082	89	1.059	1.354	285	1.104	1.354	178	1.309	2.229	
143	13	34	4	1	1	1	240	0.125	0.125	350	0.604	1.405	99	0.625	1.250	380	0.750	1.125	51	1.030	0.875	
144	19	13	4	-2	1	1	225	0.500	0.500	343	0.625	0.625	489	0.684	1.714	100	0.750	0.750	46	0.750	0.750	
145	11	26	4	-1	-2	3	336	0.500	1.125	65	0.500	1.125	461	0.625	1.000	490	0.750	0.750	464	0.750	0.905	
146	1	14	4	1	2	0	49	0.250	0.250	299	0.500	0.875	52	0.559	1.589	447	0.750	0.750	3	1.184	1.229	
147	13	33	4	2	1	0	276	0.375	0.375	240	0.625	0.625	1	0.684	1.464	143	0.750	0.750	181	0.839	0.839	
148	18	29	4	-1	2	0	87	0.375	1.250	83	0.479	1.280	155	0.625	1.375	203	0.964	0.964	459	1.184	1.229	
149	1	34	4	1	0	0	98	1.125	1.000	157	1.184	2.332	450	1.229	1.561	366	1.375	1.229	432	1.479	1.354	
150	8	25	4	-1	0	0	435	0.750	0.625	63	0.750	0.750	137	0.750	1.000	198	1.000	0.625	120	1.000	1.089	
151	-1	35	4	0	1	0	241	0.375	0.375	366	0.750	0.625	329	0.875	0.905	250	0.875	0.750	80	1.214	1.059	
152	19	18	4	-1	0	2	466	0.500	1.000	15	0.500	1.250	255	0.604	1.375	209	0.625	0.625	222	0.750	0.750	
153	21	20	4	-2	-1	8	398	0.750	1.250	273	0.875	1.030	154	1.000	1.000	242	1.000	0.625	209	1.059	1.604	
154	20	20	4	2	1	0	130	0.375	1.250	398	0.875	1.030	365	0.875	0.875	71	0.875	1.405	382	0.875	0.750	
155	18	31	4	-1	1	0	83	0.655	0.655	451	0.884	1.125	471	0.964	0.964	459	1.000	1.000	39	1.038	1.979	
156	2	25	4	-1	-1	1	211	0.250	0.250	207	0.500	0.875	28	0.625	0.625	30	0.875	1.125	82	1.163	1.957	
157	5	35	4	2	-1	12	283	0.250	0.250	443	0.750	0.750	253	0.875	1.125	212	0.875	0.875	96	1.059	1.354	
158	-2	17	4	-1	1	0	131	0.375	0.375	67	0.625	0.625	2	0.875	1.250	111	1.104	1.854	189	1.125	1.125	
159	4	22	4	-1	-2	16	400	0.500	1.125	469	0.500	0.875	433	0.625	0.625	206	0.729	1.589	470	0.750	0.750	
160	2	26	4	-1	-1	0	156	0.500	0.875	28	0.625	1.250	211	0.750	1.125	247	1.000	1.155	394	1.038	2.104	
161	21	16	4	-2	-1	13	484	0.500	0.500	426	0.750	0.750	333	0.854	1.589	17	0.875	1.125	225	1.059	1.686	
162	6	26	4	1	0	0	296	0.250	1.125	214	0.604	1.589	478	0.625	0.625	304	0.854	1.479	74	0.875	0.875	
163	21	29	4	1	-1	4	348	0.530	0.530	418	0.625	0.625	244	1.125	1.030	101	1.155	0.250	229	1.405	1.229	
164	10	28	4	1	2	0	40	0.125	0.125	91	0.684	1.714	169	0.729	1.375	81	0.875	1.125	192	0.875	0.875	
165	16	19	4	1	0	0	413	0.250	1.250	128	0.625	1.030	221	0.625	1.280	444	0.625	0.625	265	0.750	0.625	
166	6	12	4	-2	-1	5	491	0.250	0.250	176	0.625	0.625	88	0.875	1.125	47	1.000	0.375	232	1.368	1.957	
167	16	22	4	1	-1	0	356	0.625	0.625	239	0.750	1.125	311	0.750	0.750	221	1.384	1.339	453	1.405	1.229	
168	-5	28	4	1	-2	0	136	0.500	0.500	482	0.604	1.500	126	0.625	0.625	259	0.729	1.464	275	0.875	1.125	
169	9	29	4	-1	0	0	81	0.500	0.500	236	0.500	0.500	192	0.875	0.875	305	0.875	0.875	59	0.979	1.686	
170	-5	30	4	-1	-2	7	317	0.625	0.625	136	0.854	1.714	275	0.979	1.339	72	1.030	1.030	316	1.104	1.229	
171	12	28	4	1	0	0	481	0.375	0.375	56	0.875	0.875	11	0.979	1.750	195	0.979	2.000	323	0.979	1.354	
172	1	20	4	-1	1	0	243	0.479	1.405	206	0.905	0.729	341	0.913	2.229	118	0.964	0.964	44	0.964	0.964	
173	7	21	4	1	2	0	120	0.625	1.625	441	0.875	1.155	63	0.934	1.375	216	0.979	1.354	254	1.280	0.479	
174	-4	20	4	1	0	0	234	0.625	0.625	199	0.750	0.905	194	0.957	2.104	376	1.000	0.875	180	1.000	0.625	
175	9	14	4	-2	1	0	134	0.625	0.625	62	0.684	1.714	25	0.729	1.714	270	0.729	1.375	280	1.030	0.729	
176	6	12	4	1	-1	1	491	0.375	0.375	166	0.625	0.625	270	1.089	1.000	47	1.155	0.250	374	1.311	1.311	
177	11	27	4	0	-1	0	422	0.375	0.375	145	0.500	1.250	94	0.750	0.750	464	0.854	1.339	271	0.875	0.875	
178	14	25	4	-1	0	0	323	0.625	0.625	97	0.750	0.750	70	0.875	0.875	490	0.934	1.832	404	1.000	0.750	
179	12	22	4	-2	-1	5	103	0.750	0.875	395	0.875	1.125	324	1.000	0.625	5	1.155	0.604	320	1.163	1.457	
180	-5	20	4	1	-2	4	289	0.625	0.750	234	0.655	0.655	174	0.750	1.000	199	0.839	0.839	376	1.000	1.000	
181	14	31	4	2	1	0	227	0.500	0.875	141	0.625	0.625	4	0.750	1.250	147	0.839	0.839	276	0.979	1.214	
182	4	20	4	0	-1	0	262	0.250	1.125	423	0.729	1.714	389	0.750	0.750	224	0.875	0.875	58	0.875	1.125	
183	19	26	4	0	1	0	315	0.375	0.375	415	0.854	1.339	101	0.934	1.707	142	0.979	1.479	148	0.979	2.082	
184	11	30	4	0	-1	0	36	0.125	0.125	60	0.375	1.375	75	0.750	0.905	481	0.934	1.707	81	0.979	1.729	
185	10	31	4	1	-1	0	36	0.354	1.405	184	0.479	1.280	60	0.854	1.839	169	0.854	1.354	236	1.000	1.155	
186	12	35	4	-1	0	6	245	0.500	0.875	487	0.625	1.000	122	0.729	1.464	266	0.875	1.375	380	0.875	0.750	
187	5	18	4	-1	-2	2	479	0.375	1.250	213	0.625	1.000	262	0.655	0.655	314	0.750	1.000	423	1.134	1.000	
188	16	18	4	-1	0	2	197	0.125	0.125	265	0.625	0.625	444	0.750	0.625	468	0.979	1.589	235	1.000	0.884	
189	-3	18	4	0	-1	2	412	0.250	0.250	12	0.375	0.375	196	0.979	1.604	210	1.059	1.436	158	1.125	0.854	
190	15	15	4	-2	1	0	69	0.250	0.250	235	0.655	0.655	45	0.875	0.780	385	0.875	1.405	409	0.875	0.750	
191	12	16	4	-1	1	0	8	0.500	0.500	115	0.500	1.250	116	0.854	1.839	54	0.875	0.875	113	0.913	2.229	
192	8	28	4	0	1	0	29	0.500	0.500	304	0.500	0.500	40	0.750	0.750	84	0.854	1.729	305	0.875	1.589	
193	9	34	4	1	2	0	388	0.250	0.250	378	0.905	0.625	483	1.000	0.750	18	1.125	1.125	41	1.229	1.125	
194	-1	18	4	1	-1	0	12	0.625	0.625	67	0.854	1.354	251	0.979	1.479	189	1.000	1.000	196	1.009	1.000	
195	15	27	4	2	1	0	11	0.250	0.250	66	0.559	1.589	20	0.750	0.655	203	0.875	1.155	89	0.875	0.500	
196	-1	16	4	1	0	0	220	0.250	0.250	442	0.604	1.375	338	0.625	1.030	210	0.625	0.625	299	0.875	1.464	
197	16	18	4	-2	1	0	188	0.125	0.125	265	0.500	0.500	444	0.875	0.750	413	0.979	1.280	221	0.979	1.464	
198	9	25	4	-1	2	0	386	0.729	1.589	490	0.839	0.839	137	0.875	1.030	125	0.875	1.000	214	1.000	0.625	
199	-3	21	4	1	-2	0	290	0.500	0.500	234	0.750	0.625	180	0.839	0.839	12	0.934	2.082	345	1.000	1.000	
200	5	15	4	1	1	0	287	0.250	0.250	293	0.530	0.530	357	0.625	1.250	359	0.729	1.714	263	0.875	0.875	
201	21	12	4	1	1	0	139	0.500	1.375	288	0.750	0.750	13	0.979	1.479	384	1.000	1.000	46	1.125	0.780	
202	7	15	4	2	1	0	319	0.500	1.125	337	0.625	1.625	25	0.625	0.625	374	0.750	0.905	270	0.979	1.464	
203	16	28	4	-1	1	0	11	0.905	0.729	148	0.964	0.964	66	1.000	1.125	64	1.000	1.375	195	1.155	0.729	
204	-3	32	4	-1	1	0	80	0.655	0.655	449	1.000	1.000	351	1.214	0.979	403	1.354	1.104	317	1.354	1.229	
205	-3	29	4	-1	2	0	316	0.375	0.375	463	0.500	0.500	106	0.625	0.625	135	0.625	0.625	381	0.655	0.655	
206	2	21	4	-2	-1	8	172	0.750	0.905	127	0.875	0.875	452	0.979	1.832	224	0.979	1.229	21	1.104	1.604	
207	2	24	4	-1	-1	0	21	0.854	1.464	470	1.104	1.089	33	1.125	0.875	211	1.155	0.250	159	1.186	1.186	
208	-3	26	4	-1	0	0	259	0.250	1.125	112	0.500	1.000	226	0.500	0.500	457	0.905	0.729	498	0.979	1.250	
209	19	18	4	1	-2	2	152	0.625	0.625	222	0.625	0.625	365	0.750	1.000	15	0.875	0.875	255	0.875	1.030	
210	-1	16	4	-1	-2	12	220	0.375	0.375	196	0.625	0.625	67	0.750	1.000	299	1.059	1.354	44	1.339	0.979	
211	2	25	4	0	-1	0	207	0.250	1.125	156	0.250	0.250	28	0.375	0.375	230	0.875	0.875	394	0.979	1.561	
212	5	35	4	-1	1	3	283	0.875	0.875	157	0.875	0.875	496	0.979	1.589	460	1.280	0.875	253	1.500	1.000	
213	5	17	4	1	0	0	479	0.500	0.500	326	0.809	1.957	26	0.875	1.339	379	1.000	0.625	187	1.000	0.625	
214	8	25	4	1	0	0	137	0.750	0.750	271	0.875	1.589	435	1.000	0.625	129	1.104	1.229	490	1.184	1.582	
215	19	34	4	-1	-2	7	6	0.750	1.155	77	0.839	0.839	459	0.934	1.832	310	0.979	1.214	223	1.000	1.125	
216	9	22	4	1	-2	0	334	0.625	0.625	441	0.750	0.625	320	0.750	0.750	281	0.934	2.082	114	0.979	1.464	
217	-5	27	4	1	2	5	126	0.625	1.000	135	0.729	1.589	381	0.750	0.905	275	0.875	1.280	482	0.875	1.125	
218	-1	31	4	-1	-1	0	403	0.250	0.250	306	0.500	1.375	22	0.625	1.250	204	0.854	1.589	421	0.854	1.339	
219	-2	28	4	1	-2	0	10	0.250	0.250	440	0.375	0.375	425	0.625	0.625	261	1.000	1.000	417	1.000	1.000	
220	-1	16	4	1	-1	0	196	0.250	0.250	338	0.354	1.280	442	0.354	1.405	210	0.375	0.375	299	0.729	1.714	
221	17	20	4	1	1	0	128	1.000	1.000	468	1.000	1.000	117	1.038	1.979	222	1.061	1.061	154	1.082	1.750	
222	19	18	4	1	1	0	17	0.530	0.530	209	0.625	0.625	398	0.729	1.714	138	0.750	0.750	365	0.750	1.125	
223	20	34	4	1	1	0	434	0.625	0.625	23	0.655	0.655	438	1.155	0.250	437	1.155	0.729	215	1.479	0.875	
224	3	19	4	1	0	0	373	0.604	1.250	254	0.934	1.832	127	1.125	0.875	379	1.125	1.155	233	1.125	1.125	
225	19	14	4	-1	0	3	100	0.250	0.250	144	0.500	0.500	393	0.604	1.250	333	0.750	0.625	42	0.854	1.354	
226	-3	26	4	0	1	0	27	0.375	0.375	112	0.500	0.500	208	0.500	0.500	381	0.604	1.839	123	0.750	0.625	
227	15	31	4	1	2	0	291	0.500	0.500	451	0.625	0.625	4	0.854	1.280	181	0.875	0.500	355	0.979	1.589	
228	13	31	4	-1	1	0	4	0.655	0.655	79	0.750	0.750	181	1.000	1.000	91	1.089	1.000	141	1.125	0.750	
229	20	30	4	-2	1	2	155	0.729	1.714	101	1.125	0.875	57	1.163	1.979	459	1.184	1.229	438	1.332	1.750	
230	2	25	4	1	2	0	28	0.500	0.500	92	0.559	1.589	247	0.729	1.589	362	0.750	1.155	30	0.875	0.625	
231	15	23	4	2	-1	0	401	0.729	1.604	38	0.750	0.750	285	0.839	0.839	239	0.934	1.375	121	1.125	0.979	
232	2	12	4	-1	2	2	146	0.729	1.589	49	0.979	1.339	237	1.125	0.500	447	1.479	1.339	286	1.500	0.809	
233	4	19	4	-1	1	0	262	0.500	0.500	314	0.625	0.625	389	0.625	0.875	373	0.625	1.125	58	0.979	1.030	
234	-4	21	4	1	-1	0	174	0.625	0.625	290	0.625	1.250	199	0.750	0.750	345	1.000	1.030	180	1.000	0.655	
235	16	16	4	-1	1	0	128	0.854	1.354	257	0.979	1.125	69	1.000	0.905	197	1.000	1.125	300	1.000	0.655	
236	9	30	4	-2	-1	3	169	0.500	0.500	59	0.729	1.589	119	0.875	0.875	305	1.000	0.625	328	1.000	1.000	
237	3	12	4	-2	-1	5	232	0.500	1.125	146	0.979	1.354	292	1.104	1.125	447	1.184	1.311	286	1.280	0.479	
238	19	15	4	1	-2	2	333	0.250	0.250	420	0.625	0.625	446	0.625	0.750	484	0.839	0.839	73	1.000	0.500	
239	17	22	4	0	1	0	301	0.375	0.375	109	0.854	1.729	401	0.979	1.625	453	1.229	1.464	285	1.229	1.729	
240	13	34	4	2	1	0	143	0.125	0.125	99	0.500	1.125	147	0.625	0.625	350	0.750	1.280	51	0.875	1.000	
241	-1	35	4	2	1	0	151	0.375	0.375	250	0.500	0.500	149	0.729	1.464	329	0.780	0.750	366	1.000	1.000	
242	21	19	4	0	1	0	398	0.625	0.625	154	0.750	0.905	273	0.875	0.750	117	1.229	1.729	152	1.339	1.339	
243	0	21	4	-2	1	0	452	0.729	1.375	467	0.979	1.714	199	1.163	1.457	118	1.250	1.030	2	1.309	1.186	
244	20	28	4	-1	-1	0	348	0.500	0.500	148	0.979	1.479	163	1.030	0.854	476	1.125	0.875	203	1.163	1.957	
245	11	35	4	0	-1	0	487	0.125	0.125	266	0.500	0.500	122	0.750	0.905	143	0.854	1.354	186	0.875	0.500	
246	21	17	4	0	1	0	427	0.125	0.125	426	0.250	0.250	17	0.625	0.625	273	0.729	1.714	365	0.875	0.875	
247	1	27	4	-1	2	0	387	0.625	1.000	391	0.729	1.589	92	1.000	1.000	492	1.059	1.957	160	1.155	0.854	
248	6	15	4	1	-1	0	202	0.625	1.250	374	0.979	1.839	264	0.979	1.214	293	1.030	0.875	286	1.104	1.479	
249	3	16	4	-2	1	0	3	0.375	1.250	52	0.500	0.875	455	0.500	1.125	353	0.750	0.750	277	0.875	0.750	
250	-1	34	4	1	0	0	241	0.500	0.500	151	0.750	0.875	329	0.964	0.964	149	0.979	1.750	450	1.207	2.427	
251	1	19	4	1	2	0	172	0.375	1.250	243	0.729	1.604	473	0.750	0.750	364	0.934	2.082	260	1.000	0.750	
252	21	32	4	-2	-1	10	471	0.500	1.125	437	0.625	0.625	155	0.934	1.832	223	1.184	1.229	459	1.229	1.582	
253	7	35	4	0	-1	0	283	0.875	0.875	483	0.875	0.875	371	0.957	1.854	388	0.979	1.479	18	1.104	1.686	
254	6	20	4	1	2	0	173	0.479	1.280	132	0.625	0.625	58	0.750	0.625	373	0.875	0.875	369	0.875	0.875	
255	18	17	4	-1	-2	0	474	0.479	1.375	282	0.500	0.500	238	0.729	1.589	300	0.750	1.250	307	0.809	1.339	
256	18	18	4	2	-1	0	222	0.375	1.250	209	0.500	0.875	282	0.625	0.625	17	0.684	1.464	15	0.750	0.750	
257	15	17	4	1	0	0	370	0.625	0.625	256	0.809	2.000	128	0.875	1.589	413	0.979	1.686	307	1.082	1.686	
258	-6	26	4	1	1	1	217	0.354	1.405	107	0.375	0.375	482	0.604	1.714	498	0.750	0.625	135	0.913	1.979	
259	-4	26	4	-1	-1	0	112	0.625	0.625	498	0.750	1.125	419	1.000	1.155	217	1.000	1.125	322	1.009	1.000	
260	1	18	4	-1	0	6	44	0.250	1.250	118	0.729	1.714	251	0.750	1.000	2	0.809	1.957	220	0.854	1.354	
261	-2	29	4	1	1	0	106	0.375	0.375	22	0.479	1.155	440	0.625	0.625	10	0.750	0.750	205	0.750	0.750	
262	4	19	4	-1	-1	0	423	0.354	1.405	233	0.500	0.500	314	0.750	0.625	213	0.854	1.354	479	0.854	1.339	
263	4	15	4	-1	1	0	249	0.479	1.405	3	0.604	1.589	353	0.625	1.125	287	0.625	0.625	213	0.854	1.354	
264	5	13	4	1	-2	0	176	0.479	1.405	47	0.500	0.500	491	0.875	1.030	166	0.875	1.030	88	1.000	1.000	
265	16	18	4	1	2	0	197	0.500	0.500	413	0.604	1.500	188	0.625	0.625	165	0.625	0.750	221	0.729	1.714	
266	10	35	4	1	-2	0	122	0.375	1.125	245	0.500	0.500	487	0.625	0.625	41	0.875	0.875	388	1.125	0.854	
267	11	19	4	-1	1	0	406	0.375	0.375	113	0.625	1.000	320	0.913	1.979	114	0.979	1.125	367	1.000	0.875	
268	16	12	4	1	2	0	414	0.375	0.375	303	0.729	1.714	93	0.875	0.875	489	0.934	1.375	361	0.979	1.707	
269	11	14	4	-1	-1	1	280	0.479	1.405	279	0.500	1.000	133	0.530	0.530	175	0.875	1.625	115	1.125	0.875	
270	8	13	4	0	-1	0	47	0.750	0.750	374	0.875	0.750	105	1.000	1.089	176	1.000	1.089	280	1.125	0.875	
271	10	26	4	1	0	0	461	0.625	1.030	110	0.729	1.714	464	0.750	0.625	481	0.875	1.589	171	1.104	1.561	
272	8	19	4	-1	2	0	173	0.559	1.589	399	0.625	1.250	369	0.854	1.479	358	1.000	0.625	114	1.184	1.464	
273	20	19	4	-2	1	0	15	0.729	1.589	154	0.750	1.250	152	0.750	0.905	242	0.750	0.750	209	0.854	1.250	
274	7	28	4	2	-1	0	29	0.375	1.250	192	0.625	1.000	424	0.750	0.905	328	0.839	0.839	435	0.854	1.604	
275	-6	28	4	-2	1	0	136	0.625	0.625	72	1.000	1.000	135	1.089	1.059	168	1.125	0.875	78	1.184	1.229	
276	13	33	4	0	1	0	147	0.375	0.375	143	0.375	1.125	240	0.500	1.000	51	0.625	0.780	1	0.979	1.354	
277	3	17	4	-1	-2	0	455	0.479	1.280	249	0.750	0.875	3	0.875	1.405	479	0.875	0.875	52	1.000	1.250	
278	7	33	4	-1	-1	0	344	0.500	1.375	16	0.625	1.250	312	0.750	0.750	318	0.854	1.589	371	0.979	1.839	
279	10	14	4	-2	-1	6	175	0.500	1.375	280	0.625	0.625	134	0.875	0.780	32	1.184	1.311	105	1.259	1.125	
280	10	13	4	-2	-1	3	279	0.625	0.625	105	0.750	0.750	134	0.839	0.839	62	1.082	1.994	270	1.104	1.125	
281	10	19	4	0	-1	0	410	0.500	0.500	367	0.625	0.780	113	0.625	0.625	406	0.750	0.625	294	0.875	1.589	
282	18	17	4	2	-1	0	255	0.500	0.500	256	0.625	0.625	307	0.839	0.839	138	0.839	0.839	333	0.854	1.604	
283	5	35	4	1	-2	0	157	0.250	0.250	443	0.500	1.000	253	0.875	0.875	212	1.125	0.875	483	1.163	1.750	
284	17	29	4	0	-1	0	66	0.500	1.000	486	1.125	0.500	55	1.229	1.354	11	1.229	1.184	325	1.250	0.500	
285	16	25	4	2	-1	0	302	0.750	0.905	20	0.750	0.750	231	0.839	0.839	401	0.875	1.030	89	1.030	0.979	
286	4	13	4	-2	-1	3	237	0.479	1.280	232	0.809	1.339	264	0.875	0.875	429	0.905	0.854	491	1.089	1.059	
287	5	15	4	0	1	0	200	0.250	0.250	411	0.500	0.500	357	0.500	1.250	379	0.729	1.464	263	0.750	0.625	
288	21	12	4	0	-1	12	201	0.750	0.750	19	1.000	0.884	384	1.104	1.104	340	1.104	1.000	343	1.104	1.375	
289	-5	19	4	1	0	0	189	0.604	1.589	412	0.604	1.839	180	0.750	0.625	111	0.750	1.125	14	0.750	0.625	
290	-3	21	4	2	1	0	199	0.500	0.500	345	0.750	0.750	53	0.854	1.589	465	1.038	2.119	24	1.125	0.964	
291	15	31	4	-2	1	1	4	0.479	1.280	227	0.500	0.500	79	0.559	1.589	451	0.875	0.625	181	1.000	1.000	
292	1	12	4	0	-1	0	237	1.125	0.875	232	1.250	0.875	447	1.375	0.875	49	1.707	1.125	146	1.729	1.375	
293	6	14	4	1	1	0	202	0.479	1.405	200	0.530	0.530	25	0.729	1.030	429	0.875	0.875	62	0.979	1.125	
294	11	17	4	0	-1	0	458	0.250	0.250	115	0.375	1.000	116	0.875	0.875	134	0.979	1.729	367	1.125	0.500	
295	6	19	4	-1	-2	8	187	0.479	1.280	479	0.684	1.714	399	0.750	0.625	132	0.750	0.750	213	0.934	1.375	
296	7	26	4	1	-1	0	214	0.354	1.280	137	0.625	1.250	435	0.750	0.750	74	1.000	1.000	478	1.030	0.604	
297	14	15	4	2	1	0	385	0.625	1.250	68	0.854	1.250	190	1.000	1.000	265	1.038	2.104	477	1.125	0.500	
298	-5	24	4	-2	-1	2	480	0.750	0.625	258	1.184	1.229	107	1.309	1.339	112	1.339	1.309	345	1.354	1.104	
299	1	15	4	2	1	0	49	0.625	0.625	146	0.875	0.500	379	1.082	2.104	442	1.125	0.625	353	1.184	1.832	
300	17	17	4	-1	2	0	188	0.479	1.375	197	0.604	1.500	128	0.625	1.000	235	0.655	0.655	474	0.750	0.750	
301	17	22	4	-2	1	0	239	0.375	0.375	356	0.625	0.625	97	0.934	2.082	453	1.000	1.839	38	1.184	1.229	
302	17	24	4	1	1	0	401	0.125	0.125	285	0.905	0.729	89	1.186	1.186	183	1.229	1.811	142	1.332	1.332	
303	18	13	4	1	0	0	361	0.500	1.250	446	0.625	1.030	19	0.729	1.280	42	0.780	0.780	201	0.854	1.875	
304	7	28	4	-1	2	0	192	0.500	0.500	349	0.934	1.832	84	0.979	1.589	35	1.059	1.354	85	1.059	1.957	
305	9	30	4	0	1	0	236	0.625	0.625	91	0.750	0.750	169	0.875	0.750	119	0.979	1.250	488	1.125	1.155	
306	-2	31	4	-1	1	0	204	0.604	1.530	351	0.750	0.750	135	1.186	1.186	492	1.214	0.979	342	1.311	1.311	
307	17	15	4	2	-1	0	393	0.625	1.000	446	0.684	1.714	282	0.839	0.839	489	0.875	1.125	73	1.000	1.214	
308	-5	31	4	2	1	12	50	0.625	0.625	317	0.729	1.280	449	0.854	1.464	72	1.089	1.059	463	1.229	1.104	
309	6	27	4	-1	0	0	74	0.500	0.500	494	0.750	0.905	7	0.979	1.750	0	1.104	1.500	362	1.104	1.625	
310	17	35	4	-1	0	5	77	0.375	0.375	454	0.625	0.625	51	0.854	1.875	402	1.000	0.625	1	1.000	1.354	
311	15	22	4	-1	-2	2	38	0.375	0.375	121	0.625	1.250	167	0.750	0.750	475	0.854	1.464	356	0.875	0.875	
312	8	33	4	1	-2	0	18	0.625	0.625	344	0.750	0.655	122	0.839	0.839	193	0.979	1.280	278	1.000	0.750	
313	16	34	4	1	0	1	402	0.500	1.000	355	0.500	0.500	6	0.604	1.589	77	1.000	0.979	330	1.000	0.875	
314	4	18	4	-1	0	1	423	0.375	1.000	277	0.604	1.375	233	0.625	0.625	262	0.625	0.625	187	1.000	0.625	
315	19	26	4	2	1	0	183	0.375	0.375	95	0.729	1.375	476	0.854	1.589	415	0.964	0.964	102	1.038	1.854	
316	-3	29	4	1	1	0	205	0.375	0.375	261	0.500	0.875	22	0.729	1.714	135	0.750	0.750	306	0.854	1.589	
317	-4	30	4	1	-2	0	170	0.625	0.625	261	0.854	1.479	463	0.875	1.030	72	1.089	1.030	136	1.104	1.436	
318	6	31	4	1	-1	0	349	0.500	0.500	344	0.530	0.530	328	0.604	1.714	488	0.625	1.250	85	0.625	0.625	
319	8	15	4	1	-2	0	374	0.625	0.750	337	0.750	0.750	25	0.875	1.125	134	0.875	0.750	62	1.125	1.000	
320	9	22	4	1	2	0	86	0.479	1.280	63	0.729	1.375	216	0.750	0.750	334	0.750	1.250	129	0.979	1.354	
321	20	24	4	-2	-1	7	493	0.655	0.655	95	1.000	0.375	405	1.000	0.625	301	1.038	2.104	462	1.155	0.854	
322	-4	24	4	-1	0	1	298	0.500	1.250	259	1.000	0.884	485	1.104	1.589	419	1.229	0.979	258	1.229	1.354	
323	14	26	4	-1	-1	0	178	0.750	0.625	397	0.875	0.875	404	1.000	1.375	422	1.089	1.000	56	1.186	1.186	
324	12	22	4	0	1	0	395	0.625	0.625	179	0.625	0.625	121	1.000	0.884	461	1.104	1.625	108	1.104	1.229	
325	16	29	4	1	0	0	486	0.625	0.780	83	0.729	1.375	148	1.104	1.375	459	1.155	1.311	142	1.229	1.229	
326	8	18	4	1	1	0	43	0.250	0.250	358	0.625	0.625	272	0.625	1.250	132	1.104	1.354	369	1.104	1.104	
327	10	32	4	-1	2	0	378	0.375	1.250	193	0.559	1.589	388	0.809	1.339	312	1.229	1.104	119	1.229	1.000	
328	8	30	4	2	-1	0	424	0.500	0.500	305	0.625	1.000	274	0.839	0.839	60	0.979	1.832	185	1.000	1.214	
329	-2	36	4	2	1	0	241	0.750	0.780	250	1.354	0.964	151	1.589	0.750	98	1.604	1.229	449	1.809	1.832	
330	15	34	4	-1	2	0	124	0.500	1.000	352	0.500	1.375	51	0.750	0.750	39	0.875	0.875	350	0.875	1.030	
331	15	12	4	-1	1	0	377	0.750	1.125	268	0.750	0.750	93	0.750	0.625	477	0.979	1.714	497	0.979	1.214	
332	14	13	4	2	-1	11	377	0.375	1.250	414	0.684	1.714	31	0.729	1.589	268	0.809	1.339	477	0.875	1.125	
333	19	15	4	-1	-2	8	238	0.250	0.250	446	0.625	1.000	420	0.625	0.625	225	0.625	0.750	100	0.875	1.000	
334	10	22	4	1	-2	0	216	0.625	0.625	103	0.625	0.625	416	0.750	1.000	406	1.059	1.707	86	1.125	1.125	
335	9	18	4	-2	1	0	272	0.479	1.500	399	0.684	1.464	113	0.780	0.750	410	0.875	0.750	326	0.875	1.000	
336	11	25	4	-1	-2	3	108	0.479	1.280	65	0.500	0.500	110	0.625	0.625	464	0.750	0.750	125	0.964	0.964	
337	9	15	4	1	-1	0	134	0.625	0.625	374	0.780	0.625	270	0.854	1.339	175	0.875	1.125	280	0.979	1.464	
338	0	15	4	1	0	0	299	0.250	1.250	442	0.375	0.375	146	0.750	0.905	49	0.750	0.905	196	1.030	0.604	
339	13	30	4	2	-1	0	227	0.729	1.604	181	0.875	1.030	325	0.934	2.082	439	0.979	1.229	56	1.104	1.354	
340	20	12	4	-2	1	1	343	0.375	1.125	139	0.655	0.655	100	0.729	1.464	144	0.750	1.280	46	0.750	1.000	
341	-1	23	4	-2	1	0	467	0.375	0.375	465	0.750	1.250	21	0.875	0.625	322	0.934	2.082	394	1.000	0.750	
342	-4	29	4	-1	0	0	135	0.375	0.375	381	0.625	0.625	126	0.625	1.030	168	0.729	1.375	170	0.750	0.905	
343	19	12	4	-2	1	2	384	0.375	0.375	144	0.625	0.625	13	0.839	0.839	225	1.009	0.875	19	1.125	0.875	
344	7	32	4	1	-1	0	318	0.530	0.530	312	0.655	0.655	488	0.750	0.750	59	0.875	1.125	35	0.964	0.964	
345	-3	22	4	1	1	0	347	0.625	0.875	322	0.854	1.354	53	0.884	1.125	234	1.030	0.854	199	1.125	1.000	
346	1	33	4	-1	-2	6	98	0.655	0.655	450	1.184	1.464	372	1.184	1.229	22	1.288	1.854	151	1.309	1.354	
347	-3	23	4	1	1	0	82	0.854	1.589	394	0.957	1.457	53	0.964	0.964	465	0.979	1.714	467	1.009	1.000	
348	20	28	4	1	-1	0	244	0.500	0.500	163	0.530	0.530	101	0.625	0.625	418	1.000	1.155	476	1.000	1.155	
349	6	31	4	1	1	0	85	0.125	0.125	318	0.500	0.500	488	0.625	1.000	35	0.750	0.750	344	0.875	1.030	
350	14	35	4	2	1	0	352	0.500	0.875	313	0.729	1.464	380	0.750	0.750	124	0.875	1.000	1	1.000	1.155	
351	-1	31	4	1	2	0	80	0.729	1.604	372	0.750	0.750	492	0.780	0.750	218	0.875	0.875	403	0.875	0.875	
352	15	35	4	1	2	0	124	0.375	0.375	402	0.839	0.839	380	0.875	0.875	350	0.875	0.500	51	0.905	0.854	
353	4	16	4	0	1	0	379	0.250	1.250	357	0.500	0.500	213	0.604	1.250	200	0.780	0.780	249	0.875	0.750	
354	1	29	4	1	0	0	387	0.375	0.375	392	0.750	0.750	421	0.875	0.750	372	1.089	1.089	499	1.104	1.561	
355	16	33	4	2	1	0	402	0.479	1.500	313	0.500	0.500	352	1.089	1.089	57	1.104	1.125	39	1.125	1.125	
356	17	22	4	0	-1	0	167	0.625	0.625	301	0.625	0.625	444	0.979	2.082	239	1.000	1.000	38	1.000	0.884	
357	5	16	4	-1	2	0	353	0.500	0.500	213	0.625	1.000	263	0.655	0.655	411	0.750	0.750	314	0.854	1.464	
358	8	19	4	1	0	0	43	0.375	0.375	272	0.625	0.625	326	0.625	0.625	26	0.780	0.780	114	0.875	1.589	
359	6	17	4	-1	2	0	357	0.780	0.750	26	0.875	1.125	58	0.934	1.832	213	1.000	0.625	379	1.134	1.000	
360	11	28	4	-2	1	0	40	0.625	0.750	169	0.684	1.714	164	0.750	0.875	94	0.750	0.625	60	1.000	0.625	
361	19	13	4	2	-1	0	446	0.500	0.500	201	0.684	1.464	19	0.750	0.750	100	0.875	1.125	384	1.000	0.625	
362	3	26	4	0	1	0	7	0.125	0.125	92	0.500	1.250	0	0.625	0.780	160	0.750	1.125	37	1.089	1.089	
363	8	22	4	-1	-1	0	441	0.500	0.500	63	0.625	0.625	431	0.750	0.750	216	0.750	0.750	129	0.875	0.655	
364	2	22	4	1	1	0	33	0.500	1.000	48	0.750	0.625	127	0.854	1.155	433	1.082	1.332	206	1.125	0.875	
365	20	18	4	1	0	1	242	0.604	1.250	17	0.625	0.625	427	0.750	0.905	398	0.750	0.905	246	0.875	0.875	
366	0	35	4	-2	1	0	151	0.625	0.750	98	0.750	0.750	241	1.000	1.000	80	1.184	1.311	329	1.479	1.604	
367	11	18	4	-1	-1	2	116	0.354	1.280	458	0.500	1.375	294	0.750	1.125	281	0.780	0.625	113	0.875	0.905	
368	12	19	4	-2	-1	1	267	0.375	1.250	406	0.500	1.125	294	0.979	1.714	458	0.979	1.479	335	1.059	1.957	
369	6	20	4	-1	-1	0	132	0.250	0.250	399	0.530	0.530	295	0.625	1.000	233	0.729	1.589	26	0.854	1.589	
370	15	18	4	1	-1	0	265	0.625	1.250	257	0.625	0.625	444	0.905	0.729	413	0.979	1.464	165	1.000	0.780	
371	5	32	4	-1	0	0	432	0.375	1.375	496	1.155	1.311	383	1.229	1.464	35	1.229	1.229	407	1.229	1.979	
372	0	31	4	1	1	0	392	0.750	1.125	499	0.957	1.875	403	1.125	0.750	22	1.155	0.729	80	1.229	1.479	
373	4	20	4	0	1	0	389	0.250	0.250	48	0.604	1.589	58	0.625	0.625	206	0.979	1.479	430	1.104	1.604	
374	8	14	4	1	0	0	337	0.625	0.780	319	0.750	0.625	202	0.905	0.729	105	0.979	1.354	76	1.000	1.089	
375	13	26	4	1	0	0	11	0.729	1.714	404	0.979	1.479	285	0.979	2.082	481	1.030	0.604	390	1.089	1.089	
376	-5	20	4	-1	2	0	180	1.000	1.000	289	1.000	0.750	174	1.125	1.000	234	1.125	1.125	199	1.229	1.104	
377	15	13	4	1	0	0	42	0.604	1.839	414	0.625	1.030	497	0.729	1.375	268	0.750	0.905	297	0.964	0.964	
378	10	33	4	0	1	0	388	0.750	0.905	193	0.875	0.905	18	1.125	0.875	122	1.250	1.125	119	1.250	1.030	
379	4	17	4	1	2	0	233	0.625	1.625	213	0.750	1.000	58	0.934	2.082	357	1.030	0.604	254	1.082	2.354	
380	13	35	4	0	1	0	350	0.875	0.750	240	1.000	0.625	124	1.000	0.884	186	1.000	0.875	1	1.104	1.354	
381	-4	28	4	-1	1	0	135	0.500	1.000	126	0.625	1.125	342	0.625	0.625	463	0.905	0.729	217	0.905	0.729	
382	20	21	4	1	-2	0	130	0.479	1.375	154	0.750	0.875	398	0.854	1.589	153	0.875	1.030	117	0.875	0.625	
383	6	30	4	1	-2	0	35	0.250	0.250	494	0.729	1.589	84	0.750	0.750	274	0.854	1.589	424	0.979	1.714	
384	19	12	4	0	1	0	343	0.375	0.375	144	0.375	1.000	46	0.625	1.030	19	0.750	0.750	340	0.750	0.625	
385	14	16	4	-1	1	0	257	0.979	1.250	115	1.082	1.832	445	1.104	1.707	45	1.125	0.875	69	1.155	0.729	
386	7	26	4	-2	1	0	74	0.500	1.375	309	0.750	1.155	296	0.875	0.875	137	0.875	0.875	0	0.934	2.082	
387	1	28	4	1	0	0	354	0.375	0.375	160	1.104	1.354	492	1.229	1.214	421	1.250	0.604	34	1.332	2.302	
388	9	34	4	2	1	0	193	0.250	0.250	122	0.500	1.125	487	0.809	1.339	266	0.875	1.030	18	0.875	0.875	
389	4	20	4	-1	1	0	373	0.250	0.250	206	0.729	1.714	469	0.750	0.750	182	0.750	0.750	48	0.854	1.839	
390	12	24	4	1	-1	0	103	0.979	1.214	416	1.089	1.000	336	1.155	0.729	38	1.163	2.354	334	1.186	1.186	
391	-1	28	4	-2	1	0	106	0.479	1.500	463	0.559	1.589	425	0.750	0.750	123	0.839	0.839	205	0.854	1.589	
392	1	31	4	1	0	0	354	0.750	0.750	450	0.875	1.589	499	1.104	1.750	372	1.125	0.500	421	1.339	1.339	
393	18	15	4	0	1	0	474	0.729	1.250	300	0.729	1.714	448	0.750	0.905	238	0.875	1.125	188	0.957	1.854	
394	0	23	4	0	-1	0	341	0.750	1.000	452	0.854	2.125	21	0.875	0.875	467	1.125	1.000	30	1.229	1.464	
395	11	22	4	1	1	0	416	0.250	0.250	103	0.625	0.625	90	0.729	1.714	324	0.750	0.625	86	0.875	0.655	
396	16	31	4	-1	-2	14	451	0.750	0.750	291	0.875	1.125	4	0.979	1.339	141	1.009	0.875	39	1.089	1.059	
397	14	27	4	-1	1	0	56	0.729	1.714	64	0.750	0.750	11	0.750	0.750	439	0.854	1.839	177	0.957	1.457	
398	21	19	4	2	-1	0	130	0.500	0.500	365	0.905	0.625	242	1.000	0.625	154	1.030	0.729	209	1.089	1.059	
399	7	19	4	-1	-1	0	26	0.500	1.375	369	0.530	0.530	295	0.750	0.750	132	1.000	0.780	254	1.000	1.125	
400	4	21	4	2	-1	0	469	0.750	0.750	58	0.750	0.905	182	0.750	1.000	254	0.809	1.339	373	1.000	0.625	
401	17	24	4	1	2	0	302	0.125	0.125	20	1.000	1.214	142	1.163	1.457	415	1.309	2.332	323	1.309	1.479	
402	17	34	4	1	2	0	352	0.839	0.839	454	0.875	0.875	57	0.905	0.625	434	1.009	0.875	310	1.104	1.000	
403	-1	31	4	0	-1	0	218	0.250	0.250	22	0.500	1.000	421	0.875	1.589	351	0.875	0.875	372	0.875	1.125	
404	14	24	4	-1	-2	6	5	0.479	1.375	97	0.625	0.750	70	0.750	0.875	178	0.750	0.750	231	0.875	1.280	
405	20	23	4	0	1	0	495	0.604	1.250	183	0.854	2.125	436	0.875	0.875	315	0.979	1.750	117	1.000	0.875	
406	11	19	4	-2	-1	5	267	0.375	0.375	113	0.500	1.375	335	0.559	1.589	281	0.625	0.750	367	0.750	0.750	
407	2	30	4	-1	-2	0	387	0.934	1.375	391	1.163	1.854	354	1.375	1.000	421	1.384	1.214	392	1.405	0.729	
408	-2	20	4	-2	1	0	2	0.750	0.625	345	0.979	1.479	290	1.000	1.250	452	1.000	0.750	412	1.104	1.229	
409	15	14	4	-1	-1	2	68	0.125	0.125	45	0.625	1.250	477	0.625	1.250	190	0.750	0.750	377	0.750	1.125	
410	9	19	4	-1	-2	2	281	0.500	0.500	335	0.750	0.875	272	0.750	1.250	358	1.000	0.625	32	1.059	1.957	
411	5	15	4	-1	0	2	263	0.375	1.125	287	0.500	0.500	353	0.604	1.250	429	0.625	0.625	200	0.750	0.750	
412	-3	18	4	1	-1	0	189	0.250	0.250	12	0.625	0.625	24	1.000	1.030	131	1.000	1.155	452	1.311	1.155	
413	17	19	4	2	1	0	128	0.500	0.500	209	0.729	1.604	221	0.750	0.750	256	0.875	1.030	222	1.000	1.214	
414	16	12	4	1	0	0	42	0.250	1.125	268	0.375	0.375	361	0.809	2.000	303	0.875	1.589	377	1.030	0.604	
415	18	28	4	1	1	0	148	0.625	1.250	101	0.854	1.839	315	0.964	0.964	83	0.979	1.464	163	1.104	1.707	
416	11	22	4	1	0	0	395	0.250	0.250	103	0.375	0.375	90	0.854	1.479	334	1.000	0.625	390	1.000	1.089	
417	-3	28	4	-1	2	0	316	0.375	1.250	135	0.479	1.280	342	0.479	1.375	205	0.500	1.125	381	0.750	0.750	
418	21	29	4	1	2	0	102	0.250	0.250	163	0.625	0.625	229	0.854	1.280	101	1.000	0.375	348	1.155	0.854	
419	-3	25	4	2	-1	0	465	0.559	1.589	82	0.875	1.125	259	1.155	0.854	208	1.229	0.875	226	1.250	1.000	
420	20	15	4	1	-2	0	238	0.625	0.625	333	0.625	0.625	225	0.729	1.375	484	0.780	0.750	288	0.934	2.082	
421	0	29	4	0	-1	0	387	0.604	1.250	425	0.750	0.905	354	0.875	0.875	457	0.979	1.479	219	1.125	0.964	
422	12	27	4	0	-1	0	177	0.375	0.375	481	0.500	0.500	375	0.604	1.250	145	0.625	1.155	336	0.729	1.714	
423	3	18	4	-1	-2	7	277	0.500	1.125	3	0.729	1.714	455	1.000	1.839	187	1.000	1.000	314	1.000	0.375	
424	8	29	4	1	0	0	29	0.375	0.375	328	0.500	0.500	305	0.604	1.250	274	0.905	0.729	177	0.957	1.854	
425	-1	28	4	1	-2	0	219	0.625	0.625	391	0.750	0.750	457	0.854	1.250	10	0.875	0.500	421	0.905	0.625	
426	21	17	4	-1	1	0	246	0.250	0.250	427	0.375	0.375	161	0.750	0.750	152	0.854	1.839	365	0.979	1.125	
427	21	17	4	1	2	0	246	0.125	0.125	426	0.375	0.375	273	0.729	1.604	17	0.750	0.625	242	1.104	1.625	
428	12	13	4	1	2	0	140	0.375	1.000	133	0.875	0.875	279	0.979	1.354	385	1.163	1.979	377	1.207	1.750	
429	5	14	4	-1	1	0	200	0.500	1.375	263	0.604	1.530	411	0.625	0.625	287	0.625	1.125	353	0.854	1.839	
430	6	22	4	1	0	0	173	0.750	0.905	433	1.000	0.875	254	1.125	0.875	216	1.229	1.750	61	1.250	1.375	
431	7	22	4	-1	-2	3	369	0.729	1.714	363	0.750	0.625	441	0.750	0.750	132	0.854	1.464	129	0.875	0.625	
432	4	32	4	-1	0	0	496	1.000	1.089	407	1.082	1.729	16	1.214	0.979	371	1.375	0.250	450	1.375	1.000	
433	5	22	4	-1	-2	1	469	0.604	1.500	159	0.625	0.625	182	0.684	1.714	400	0.875	1.030	262	0.934	2.082	
434	19	34	4	0	1	0	223	0.625	0.625	402	0.875	0.875	215	0.875	0.875	23	0.964	0.964	438	1.030	0.604	
435	8	26	4	-1	-2	4	214	0.625	1.000	150	0.625	0.750	296	0.750	0.750	125	0.750	0.625	386	0.875	1.125	
436	20	23	4	1	-2	0	117	0.500	0.875	493	0.750	0.750	405	0.875	0.875	495	1.000	0.905	153	1.059	1.707	
437	21	33	4	-2	1	3	23	0.500	0.500	252	0.625	0.625	438	0.625	0.750	215	0.809	1.339	223	0.875	1.155	
438	20	33	4	0	1	0	223	0.375	1.125	23	0.500	0.500	57	0.750	0.750	434	0.750	1.030	437	0.750	0.625	
439	12	28	4	-1	0	0	56	0.125	0.125	360	0.250	1.250	94	0.625	0.780	177	0.729	1.250	75	0.750	0.625	
440	-2	28	4	1	0	0	10	0.125	0.125	219	0.375	0.375	425	0.375	1.000	261	0.625	0.625	316	0.780	0.780	
441	8	22	4	1	-1	0	363	0.500	0.500	320	0.625	1.250	216	0.750	0.750	431	0.750	0.750	86	0.979	1.479	
442	0	15	4	1	-2	0	338	0.375	0.375	49	0.604	1.280	299	0.625	1.125	447	0.875	1.030	292	0.934	2.082	
443	5	34	4	1	-1	0	253	1.089	1.000	483	1.104	1.875	212	1.125	1.000	460	1.155	0.729	283	1.280	0.375	
444	16	19	4	-1	-2	0	188	0.625	0.750	197	0.750	0.875	370	0.750	0.905	257	0.934	1.375	165	1.000	0.625	
445	13	19	4	1	1	0	165	0.957	1.875	475	0.979	1.125	444	1.082	1.332	38	1.288	1.854	257	1.311	1.311	
446	19	14	4	1	0	19	361	0.500	0.500	238	0.750	0.625	100	0.750	0.750	420	0.750	0.905	46	0.875	0.875	
447	1	14	4	-2	-1	4	146	0.750	0.750	49	1.000	1.000	299	1.125	1.000	442	1.125	0.854	237	1.311	1.184	
448	19	16	4	-2	1	0	9	0.250	0.250	300	0.854	1.589	225	0.875	0.875	73	0.875	0.875	255	0.875	1.030	
449	-3	32	4	1	-1	0	351	0.979	1.464	372	0.979	1.707	204	1.000	1.000	50	1.229	1.104	403	1.250	1.339	
450	3	32	4	1	0	0	499	0.375	0.375	318	0.854	1.957	349	0.854	1.875	35	0.957	2.229	85	0.979	1.750	
451	16	31	4	-1	2	0	227	0.625	0.625	291	0.625	0.875	4	0.729	1.589	396	0.750	0.750	330	0.934	2.207	
452	-1	20	4	0	-1	0	12	0.604	1.589	408	0.750	1.000	189	0.979	1.561	24	1.125	0.854	220	1.207	2.207	
453	15	23	4	-2	1	0	97	0.375	1.250	70	0.500	1.125	109	0.625	0.625	121	0.750	0.655	38	0.875	1.125	
454	17	34	4	-1	-1	0	310	0.625	0.625	39	0.854	1.714	124	0.854	1.589	402	0.875	0.875	6	1.000	0.780	
455	2	16	4	-1	-2	3	3	0.125	0.125	52	0.750	0.750	447	0.979	1.589	49	1.059	1.354	249	1.125	0.500	
456	21	18	4	-1	-2	1	426	0.875	1.000	273	1.000	1.030	365	1.000	0.625	427	1.000	1.000	238	1.038	2.104	
457	-2	27	4	-2	1	0	417	0.479	1.500	123	0.625	0.625	381	0.729	1.714	208	0.750	0.905	391	0.780	0.750	
458	11	17	4	1	-1	0	294	0.250	0.250	54	0.479	1.405	115	0.625	1.250	8	0.875	1.030	297	1.038	1.979	
459	18	31	4	1	-1	0	486	0.530	0.530	284	0.854	1.339	471	0.979	1.229	87	1.030	0.875	244	1.038	1.854	
460	4	35	4	2	1	0	283	0.500	1.125	157	0.500	1.375	212	0.875	1.000	443	1.000	1.155	253	1.250	1.582	
461	11	25	4	1	0	0	65	0.125	0.125	110	0.375	1.000	336	0.625	0.625	390	0.729	1.280	375	0.875	1.589	
462	21	25	4	1	-1	1	495	0.625	0.625	95	0.625	0.625	436	0.979	1.214	321	1.000	1.155	476	1.375	1.375	
463	-3	29	4	-2	-1	0	342	0.375	1.250	205	0.500	0.500	135	0.500	1.125	126	0.684	1.714	381	0.750	0.905	
464	10	25	4	1	-1	0	65	0.500	1.000	271	0.625	0.625	108	0.625	1.250	461	0.750	1.125	336	0.750	0.750	
465	-1	24	4	2	1	0	394	0.729	1.375	467	1.000	0.375	247	1.038	1.854	28	1.059	1.957	230	1.059	1.957	
466	18	18	4	-1	2	0	15	0.500	0.500	221	0.684	1.464	222	0.750	0.750	300	0.780	0.750	413	0.875	1.030	
467	-1	23	4	0	1	0	341	0.375	0.375	465	0.500	1.000	21	0.500	0.500	82	0.604	1.839	208	0.957	1.854	
468	15	20	4	0	1	0	121	0.604	1.839	5	0.957	1.854	97	0.979	1.707	475	1.000	0.875	239	1.104	1.561	
469	4	21	4	-2	-1	0	127	0.750	0.875	400	0.750	0.750	470	0.750	0.655	182	0.750	1.000	389	0.750	0.750	
470	3	22	4	-1	-1	0	206	0.479	1.405	127	0.625	1.250	469	0.655	0.655	182	0.854	1.339	400	1.000	1.155	
471	20	32	4	-1	2	0	438	0.375	1.250	434	0.684	1.714	23	0.875	1.030	437	0.875	0.780	155	0.964	0.964	
472	11	15	4	1	-1	0	269	0.500	1.375	133	0.854	1.589	140	0.875	1.030	280	0.979	1.479	279	1.000	1.155	
473	1	18	4	1	0	0	251	0.750	0.750	224	0.875	1.589	455	0.979	1.479	379	0.979	1.750	3	1.104	1.354	
474	17	16	4	-1	0	0	235	0.375	1.125	489	0.750	0.750	300	0.750	0.750	265	0.854	1.479	190	0.875	1.464	
475	14	20	4	-1	0	0	267	0.854	1.875	468	0.875	0.750	406	0.979	2.082	324	1.104	1.604	445	1.125	0.854	
476	21	27	4	1	2	1	102	1.229	1.750	229	1.413	1.707	183	1.530	0.934	244	1.538	1.125	462	1.634	1.250	
477	14	14	4	-1	2	0	45	0.250	0.250	297	0.500	1.125	385	0.625	1.375	133	0.979	1.464	497	1.000	1.000	
478	6	25	4	1	1	0	162	0.625	0.625	34	0.655	0.655	386	0.854	1.155	74	0.875	1.125	296	0.875	1.030	
479	5	17	4	0	-1	0	213	0.500	0.500	423	0.964	0.964	411	0.979	1.250	249	0.979	1.479	26	1.089	1.089	
480	-5	23	4	-2	-1	2	298	0.625	0.625	485	0.750	1.000	234	0.979	1.464	322	1.155	0.604	258	1.457	1.457	
481	12	27	4	1	0	0	171	0.375	0.375	422	0.500	0.500	375	0.625	1.030	177	0.875	0.750	65	0.964	0.964	
482	-4	27	4	2	-1	0	259	0.625	1.250	417	0.875	1.250	27	1.000	0.625	205	1.059	1.354	106	1.104	1.354	
483	8	35	4	1	0	0	266	0.625	1.375	122	0.729	1.714	193	0.750	0.905	388	0.750	0.905	41	0.875	1.125	
484	21	16	4	1	-2	0	161	0.500	0.500	238	0.839	0.839	420	0.875	0.780	427	1.125	1.125	73	1.125	0.875	
485	-5	22	4	0	-1	0	234	0.625	1.280	180	0.979	1.625	290	0.979	1.479	347	1.184	1.354	199	1.375	1.214	
486	17	30	4	1	-1	0	87	0.500	1.375	459	0.530	0.530	284	0.750	1.125	325	0.780	0.625	66	0.884	1.125	
487	11	35	4	1	-2	0	245	0.125	0.125	266	0.625	0.625	240	0.729	1.604	122	0.875	0.780	186	1.000	0.625	
488	7	31	4	2	1	0	344	0.750	0.750	59	0.750	0.750	328	0.875	1.030	35	1.030	0.729	388	1.038	2.119	
489	17	14	4	-1	0	2	497	0.500	1.000	474	0.750	0.750	409	1.104	1.500	303	1.104	1.104	42	1.125	1.354	
490	11	26	4	-1	2	0	94	0.375	1.000	164	0.559	1.589	40	0.684	1.714	145	0.750	0.750	198	0.839	0.839	
491	6	12	4	-1	-2	1	166	0.250	0.250	176	0.375	0.375	88	1.000	1.000	264	1.030	0.604	286	1.104	1.089	
492	0	30	4	1	2	0	372	0.375	1.000	392	0.479	1.375	351	0.875	0.780	354	1.000	0.905	106	1.089	1.059	
493	21	23	4	-1	-1	0	382	0.729	1.714	405	0.750	1.125	436	0.750	0.750	321	0.875	0.655	117	1.000	1.155	
494	5	28	4	-1	-2	2	162	0.854	1.479	0	0.875	1.155	92	0.979	1.354	296	1.104	1.686	34	1.309	1.354	
495	21	24	4	1	0	0	462	0.625	0.625	493	0.750	1.125	117	0.964	0.964	95	1.250	0.604	315	1.436	1.082	
496	3	34	4	-1	-1	0	450	1.082	1.354	432	1.089	1.000	283	1.214	0.979	366	1.229	1.979	346	1.259	1.464	
497	16	14	4	-1	2	0	31	0.500	0.500	69	0.604	1.280	190	0.604	1.500	235	0.625	1.375	409	0.625	1.250	
498	-5	26	4	0	1	0	217	0.250	1.250	27	0.375	0.375	107	0.500	0.500	112	0.500	0.500	258	0.625	0.625	
499	3	31	4	1	0	0	450	0.375	0.375	35	0.979	2.082	383	1.104	1.832	443	1.530	1.619	96	1.538	2.038	
