# states in shortest path from s to t
12

# shortest path from s to t
28	-2	4	0	-1
28	-3	4	0	-1
28	-4	4	0	-1
28	-5	4	0	-1
28	-6	4	0	-1
28	-7	4	0	-1
28	-8	4	1	-2
29	-10	4	1	-2
30	-12	4	1	-2
31	-14	4	1	-2
32	-16	4	1	-2
33	-18	4	1	-2

# cost of shortest path
4.295

# Line i represents a sample taken at time i. The sample corresponds to a discrete state.
# Line Format: [sample ID] [x] [y] [z] [x-component of yaw] [y-component of yaw] [U: marginal coverage]
#              [sample ID of nearest neighbor 1] [shortest path cost to nearest neighbor 1] [shortest path cost from nearest neighbor 1]
#              ...
#              [sample ID of nearest neighbor k] [shortest path cost to nearest neighbor k] [shortest path cost from nearest neighbor k]
0	19	-3	4	-1	0	20	269	0.250	1.250	69	0.375	0.375	73	0.375	1.125	224	0.625	1.000	61	0.750	1.155	
1	31	-11	4	2	1	25	76	0.250	0.250	127	0.500	0.875	29	0.750	0.750	459	0.750	0.750	349	0.875	0.780	
2	30	0	4	-1	1	7	338	0.604	1.530	363	0.625	0.875	403	0.750	0.625	354	0.780	0.625	84	0.979	1.714	
3	24	-15	4	-2	1	189	34	0.479	1.375	134	0.625	0.625	421	0.750	0.905	163	0.875	0.875	161	0.979	1.714	
4	23	-1	4	2	-1	11	296	0.750	0.750	243	0.854	1.604	290	0.875	1.030	247	0.875	0.500	20	0.964	0.964	
5	28	-2	4	1	0	12	362	0.250	1.125	19	0.500	0.500	408	0.500	0.500	354	0.604	1.250	65	0.625	0.625	
6	29	-15	4	0	1	30	244	0.625	0.625	351	0.625	0.780	476	0.729	1.280	299	0.750	0.750	260	0.750	0.875	
7	21	-1	4	-1	0	19	253	0.625	0.625	463	0.625	0.625	121	0.625	1.280	493	0.729	1.714	319	0.750	0.905	
8	29	6	4	-1	2	2	304	0.125	0.125	325	0.684	1.714	484	0.729	1.604	168	0.875	0.500	499	0.875	0.875	
9	29	-10	4	1	-2	34	43	0.375	1.250	67	0.559	1.589	227	0.625	1.625	1	0.729	1.604	76	0.729	1.589	
10	21	-2	4	2	-1	5	443	0.250	0.250	491	0.625	0.625	154	0.625	0.625	111	0.750	0.750	463	0.875	0.875	
11	28	2	4	-1	0	15	458	0.500	0.500	84	0.500	0.500	220	0.625	0.625	192	0.729	1.714	388	0.729	1.280	
12	22	1	4	1	-1	1	381	0.125	0.125	310	0.250	0.250	247	0.354	1.405	155	0.500	1.375	290	0.604	1.714	
13	35	5	4	1	-1	7	375	0.125	0.125	101	0.250	0.250	333	0.375	0.375	276	0.655	0.655	481	0.750	0.750	
14	30	-12	4	-2	-1	52	67	0.250	0.250	227	0.375	1.000	33	0.729	1.604	376	0.750	0.875	43	0.750	0.655	
15	31	-17	4	2	1	21	254	0.250	0.250	128	0.604	1.500	28	0.750	1.250	50	0.934	1.339	263	1.009	1.839	
16	34	-1	4	2	1	7	431	0.479	1.155	406	0.604	1.500	143	0.625	0.625	201	0.750	0.905	267	0.839	0.839	
17	32	-13	4	0	1	4	182	0.375	1.375	349	0.500	1.000	442	0.604	1.375	29	0.729	1.714	142	0.780	0.780	
18	33	5	4	0	-1	10	262	0.375	0.375	308	0.375	0.375	99	0.604	1.375	66	0.625	1.030	355	0.750	0.905	
19	28	-2	4	0	1	21	65	0.125	0.125	58	0.375	0.375	5	0.500	0.500	354	0.625	1.030	79	0.625	0.780	
20	22	-3	4	1	-1	2	195	0.375	0.375	208	0.500	0.875	123	0.875	1.250	4	0.964	0.964	401	0.979	1.250	
21	27	5	4	0	-1	0	309	0.125	0.125	82	0.375	1.000	170	0.729	1.589	223	0.750	0.750	22	0.750	0.750	
22	29	5	4	0	-1	0	436	0.125	0.125	81	0.500	1.000	321	0.500	1.250	21	0.750	0.750	197	0.854	1.479	
23	35	4	4	1	1	16	481	0.125	0.125	49	0.750	0.750	273	0.934	1.214	423	0.964	0.964	13	1.030	0.875	
24	27	-11	4	0	-1	7	89	0.375	0.375	301	0.604	1.250	25	0.604	1.839	93	0.729	1.714	9	0.964	0.964	
25	26	-13	4	-1	-1	19	317	0.964	0.964	377	0.979	1.479	163	1.038	2.332	342	1.104	1.339	166	1.125	0.875	
26	34	6	4	-2	-1	18	262	0.479	1.280	389	0.500	1.125	18	0.604	1.375	59	0.750	0.905	414	0.875	0.875	
27	32	0	4	0	-1	1	83	0.375	0.375	255	0.375	1.125	318	0.625	1.155	287	0.625	0.780	16	0.854	1.479	
28	31	-16	4	-2	1	36	275	0.375	1.125	466	0.375	1.375	489	0.500	0.500	244	0.729	1.589	6	0.854	1.464	
29	31	-11	4	-2	1	5	442	0.625	0.625	43	0.625	1.625	459	0.625	1.250	1	0.750	0.750	67	0.854	1.280	
30	31	-5	4	1	1	5	214	0.500	1.250	412	0.625	0.625	468	0.750	1.125	156	0.875	0.875	218	0.957	1.707	
31	24	2	4	2	1	5	256	0.375	0.375	245	0.500	0.500	105	0.500	1.000	271	0.500	0.500	440	0.875	0.905	
32	33	-3	4	-2	-1	12	147	0.625	0.625	468	0.684	1.714	315	0.839	0.839	129	0.875	1.280	427	0.875	1.125	
33	28	-11	4	-1	2	0	393	0.500	1.125	433	0.625	0.875	301	1.000	0.750	428	1.104	1.229	100	1.104	1.561	
34	23	-14	4	0	1	3	284	0.500	0.500	361	0.604	1.250	181	0.625	0.780	390	0.625	0.780	421	0.750	0.750	
35	33	2	4	2	-1	2	496	0.375	0.375	183	0.625	0.625	306	0.625	1.250	276	0.839	0.839	429	0.875	0.875	
36	27	8	4	-1	-2	15	55	0.250	0.250	372	0.750	0.780	280	0.750	1.030	270	0.839	0.839	41	1.125	0.875	
37	30	-5	4	-1	-1	10	172	0.354	1.280	156	0.500	0.500	475	0.625	0.750	497	0.854	1.339	356	0.979	1.214	
38	31	4	4	-1	-2	6	417	0.125	0.125	232	0.375	0.375	332	0.500	1.125	345	0.500	0.500	222	0.729	1.604	
39	28	-5	4	-1	0	3	497	0.375	0.375	356	0.500	0.500	165	0.604	1.589	237	0.625	1.280	86	0.729	1.280	
40	22	0	4	1	0	7	247	0.375	1.000	310	0.375	0.375	400	0.375	0.375	381	0.500	0.500	62	0.500	0.500	
41	27	8	4	1	1	11	55	0.625	0.625	325	0.750	0.625	36	0.875	0.875	280	0.979	1.155	372	0.979	1.125	
42	23	-4	4	-1	2	6	87	0.625	0.750	195	1.000	1.250	291	1.000	1.000	7	1.082	1.979	111	1.184	1.811	
43	29	-11	4	-1	-1	5	33	0.625	1.250	14	0.655	0.655	93	0.729	1.714	282	0.729	1.839	196	0.750	1.125	
44	35	-12	4	-2	-1	28	202	0.375	0.375	370	0.479	1.375	51	0.625	0.625	303	0.729	1.714	277	0.750	0.750	
45	33	7	4	1	-2	6	119	0.125	0.125	453	0.125	0.125	389	0.500	1.125	423	0.604	1.280	308	0.729	1.464	
46	30	7	4	-1	0	20	270	0.375	1.000	91	0.500	0.500	168	0.500	0.500	117	0.729	1.375	8	0.750	0.905	
47	23	0	4	0	1	4	155	0.375	1.125	68	0.500	1.000	400	0.500	0.500	461	0.625	1.155	31	0.729	1.714	
48	33	-9	4	-1	2	1	140	0.500	0.875	146	0.625	1.000	234	0.750	1.125	330	0.750	0.750	77	0.854	1.464	
49	35	3	4	2	-1	0	455	0.500	0.500	481	0.625	0.625	23	0.875	0.750	130	0.964	0.964	203	0.979	1.229	
50	33	-18	4	2	1	2	263	0.750	0.750	180	1.059	1.354	254	1.089	1.059	128	1.104	1.089	297	1.125	1.375	
51	35	-13	4	-2	1	3	395	0.479	1.375	370	0.625	1.000	72	0.625	0.875	44	0.625	0.625	277	0.625	1.125	
52	26	-1	4	2	-1	0	104	0.250	0.250	79	0.375	1.250	230	0.500	1.375	470	0.604	1.375	5	0.684	1.714	
53	34	-11	4	-2	1	0	216	0.375	1.250	432	0.625	1.625	380	0.750	0.875	395	1.000	0.375	324	1.009	0.875	
54	28	-7	4	-1	0	2	478	0.250	0.250	357	0.250	1.125	135	0.375	0.375	86	0.625	0.780	358	0.750	0.625	
55	27	8	4	1	-2	2	36	0.250	0.250	280	0.479	1.280	41	0.625	0.625	372	0.875	1.030	436	1.038	2.104	
56	34	-1	4	-1	0	9	90	0.250	1.250	368	0.604	1.589	102	0.625	1.030	203	0.750	0.750	147	0.750	0.905	
57	31	6	4	1	2	5	424	0.250	0.250	272	0.500	0.500	46	0.729	1.375	364	0.750	1.250	199	0.780	0.750	
58	29	-2	4	0	1	1	354	0.375	1.375	19	0.375	0.375	65	0.500	0.500	450	0.604	1.589	437	0.604	1.589	
59	33	5	4	-1	1	0	262	0.375	0.375	272	0.479	1.280	389	0.750	0.750	18	0.750	0.750	78	0.854	1.354	
60	27	-15	4	-1	1	9	367	0.125	0.125	159	0.375	0.375	63	0.479	1.280	476	0.530	0.530	185	0.625	1.125	
61	18	-4	4	-2	-1	9	229	0.250	0.250	261	0.375	0.375	269	0.625	0.625	73	0.750	0.750	69	1.030	0.979	
62	22	-1	4	2	1	0	4	0.500	1.375	422	0.500	0.500	40	0.500	0.500	47	0.604	1.375	347	0.625	0.625	
63	26	-14	4	0	1	0	185	0.375	0.375	133	0.375	0.375	166	0.625	1.155	25	0.750	1.125	159	0.905	0.729	
64	29	2	4	2	-1	3	487	0.684	1.464	415	0.729	1.589	112	0.905	0.854	450	0.979	1.229	479	1.000	1.125	
65	28	-2	4	-1	2	0	19	0.125	0.125	58	0.500	0.500	311	0.729	1.604	354	0.750	0.905	79	0.750	0.905	
66	34	4	4	0	-1	2	141	0.250	1.125	258	0.375	1.000	276	0.375	0.375	496	0.604	1.589	49	0.750	1.375	
67	30	-12	4	-1	-2	4	14	0.250	0.250	376	0.625	0.625	43	0.655	0.655	227	0.750	0.750	292	0.875	1.125	
68	23	1	4	2	1	0	155	0.125	0.125	31	0.479	1.280	238	0.625	1.250	105	0.729	1.714	256	0.750	0.905	
69	19	-3	4	-1	2	9	0	0.375	0.375	70	0.625	0.625	269	0.625	0.875	407	0.750	0.750	73	0.750	0.750	
70	20	-3	4	-1	2	0	435	0.375	0.375	319	0.500	1.125	106	0.500	0.500	69	0.625	0.625	463	0.750	0.655	
71	35	-7	4	1	0	0	439	0.500	0.500	75	0.875	1.000	246	0.905	0.729	464	1.000	0.875	324	1.104	1.104	
72	34	-13	4	-1	2	2	395	0.625	1.250	380	0.729	1.589	202	0.750	0.655	370	0.875	0.875	51	0.875	0.500	
73	18	-3	4	-1	1	2	269	0.125	0.125	61	0.750	0.750	224	0.875	0.875	319	0.964	0.964	225	0.979	1.214	
74	35	-9	4	0	-1	6	53	0.729	1.464	215	1.125	1.125	330	1.125	0.750	216	1.229	1.811	179	1.250	0.875	
75	35	-6	4	-1	2	9	385	0.375	1.250	92	0.684	1.464	113	0.684	1.714	439	0.750	0.750	448	0.854	1.604	
76	31	-11	4	2	-1	4	1	0.250	0.250	127	0.500	1.125	344	0.625	0.750	257	0.729	1.714	459	0.750	0.750	
77	32	-7	4	-1	0	4	149	0.375	0.375	331	0.625	0.625	239	0.750	0.750	173	0.750	1.000	175	0.875	1.464	
78	34	7	4	1	0	0	423	0.500	0.500	414	0.625	0.625	273	0.750	0.625	285	0.750	0.750	119	0.875	0.750	
79	27	-1	4	1	1	0	230	0.125	0.125	437	0.479	1.280	313	0.530	0.530	479	0.604	1.589	19	0.780	0.625	
80	27	3	4	1	-2	0	397	0.479	1.375	286	0.604	1.500	274	0.625	0.625	388	0.625	1.625	64	0.729	1.589	
81	29	4	4	2	-1	2	125	0.375	0.375	352	0.500	0.500	321	0.500	0.500	415	0.559	1.589	490	0.729	1.589	
82	27	4	4	-2	-1	19	242	0.125	0.125	366	0.375	1.375	274	0.604	1.500	197	0.625	0.625	80	0.750	1.125	
83	31	0	4	0	-1	0	27	0.375	0.375	287	0.375	1.125	318	0.500	1.250	255	0.625	1.280	118	0.729	1.464	
84	28	1	4	-2	1	3	388	0.375	1.250	450	0.500	0.500	11	0.500	0.500	458	0.750	1.000	222	0.839	0.839	
85	31	-7	4	2	1	0	288	0.125	0.125	231	0.375	1.250	239	0.375	1.250	234	0.729	1.589	305	0.729	1.604	
86	27	-6	4	-1	-1	6	357	0.500	0.875	478	0.530	0.530	316	0.625	0.625	165	0.625	0.625	426	0.655	0.655	
87	23	-3	4	-1	0	14	195	0.375	1.000	194	0.604	1.839	111	0.729	1.714	20	0.750	1.125	42	0.750	0.625	
88	29	-2	4	-2	-1	28	65	0.500	1.125	19	0.625	1.000	362	0.625	0.625	408	0.625	0.750	233	0.750	1.155	
89	27	-11	4	2	-1	7	24	0.375	0.375	167	0.625	0.625	196	0.684	1.714	393	0.854	1.030	205	0.854	1.604	
90	33	-1	4	-2	1	1	102	0.500	0.500	147	0.625	0.625	137	0.625	0.875	368	0.729	1.375	83	0.934	1.375	
91	30	6	4	-2	-1	2	168	0.250	0.250	436	0.479	1.500	8	0.500	1.125	46	0.500	0.500	22	0.604	1.375	
92	34	-4	4	1	1	0	113	0.250	0.250	228	0.375	0.375	151	0.500	1.375	385	0.530	0.530	267	0.604	1.405	
93	28	-13	4	1	-2	6	184	0.125	0.125	205	0.250	0.250	317	0.500	1.375	299	0.729	1.714	301	0.750	0.750	
94	30	-7	4	1	2	0	156	0.625	1.625	85	0.625	0.875	30	0.729	1.714	172	0.729	1.375	288	0.750	0.750	
95	28	5	4	1	2	1	304	0.479	1.155	328	0.500	0.500	125	0.655	0.655	447	0.729	1.464	223	0.750	0.625	
96	34	-14	4	1	1	0	236	0.375	0.375	72	0.625	1.250	136	0.625	0.875	359	0.780	0.625	202	0.854	1.589	
97	23	-15	4	1	2	2	249	0.250	0.250	34	0.625	1.250	284	0.750	0.750	120	0.750	0.625	134	0.750	0.750	
98	24	-14	4	1	-2	6	190	0.500	0.500	294	0.604	1.280	361	0.750	0.750	421	0.750	0.750	226	0.854	1.375	
99	32	4	4	-2	-1	10	232	0.375	1.250	332	0.479	1.500	38	0.500	0.875	345	0.500	1.375	350	0.625	0.625	
100	30	-9	4	1	2	0	268	0.125	0.125	187	0.375	1.250	175	0.500	1.125	459	0.655	0.655	288	0.729	1.714	
101	35	5	4	0	-1	0	333	0.125	0.125	375	0.125	0.125	13	0.250	0.250	141	0.604	1.839	455	0.625	1.625	
102	33	0	4	-1	0	8	137	0.375	0.375	90	0.500	0.500	306	0.625	0.625	259	0.729	1.714	318	0.729	1.714	
103	32	8	4	1	-2	2	45	0.479	1.280	119	0.750	1.155	389	0.809	1.339	169	0.875	0.875	453	0.875	1.405	
104	26	-1	4	2	1	0	52	0.250	0.250	79	0.375	1.000	230	0.500	1.125	470	0.729	1.375	313	0.750	0.750	
105	25	2	4	1	1	0	289	0.604	1.405	192	0.604	1.155	440	0.625	0.625	271	0.750	0.750	245	0.780	0.625	
106	21	-3	4	0	1	0	463	0.250	1.125	443	0.500	1.000	70	0.500	0.500	111	0.500	1.250	319	0.625	1.155	
107	31	-3	4	-2	1	3	340	0.125	0.125	409	0.375	0.375	468	0.500	0.500	88	0.559	1.589	474	0.625	1.625	
108	19	1	4	1	-2	0	498	0.250	0.250	250	0.375	1.250	109	0.625	1.125	374	0.750	0.750	386	0.875	1.155	
109	20	1	4	2	1	0	12	0.625	1.625	278	0.625	0.875	40	0.729	1.464	322	0.750	0.875	386	0.750	0.625	
110	35	-16	4	-2	1	2	441	0.604	1.500	486	0.625	0.625	252	0.625	1.000	384	0.729	1.464	251	0.729	1.714	
111	21	-2	4	-1	2	0	463	0.125	0.125	443	0.500	0.500	319	0.625	0.625	7	0.625	0.750	253	0.625	1.375	
112	28	3	4	1	1	1	170	0.250	0.250	352	0.354	1.405	81	0.479	1.155	125	0.604	1.530	397	0.625	0.625	
113	34	-4	4	0	1	0	228	0.125	0.125	92	0.250	0.250	151	0.250	1.125	147	0.729	1.714	267	0.750	1.375	
114	18	-1	4	1	-1	0	329	0.625	0.625	404	0.750	0.750	457	0.854	1.839	386	0.854	1.589	225	0.875	1.125	
115	27	-4	4	2	1	0	237	0.625	0.625	495	0.655	0.655	65	0.854	1.604	358	0.979	1.354	204	0.979	1.464	
116	25	-5	4	-1	0	10	42	0.684	1.714	291	0.750	0.750	300	0.875	0.875	426	1.000	0.625	495	1.104	1.354	
117	29	8	4	1	2	3	124	0.250	0.250	325	0.500	0.500	484	0.625	0.875	148	0.750	0.750	314	1.000	1.155	
118	30	-2	4	1	-2	1	287	0.655	0.655	353	0.684	1.714	362	0.750	0.625	264	0.750	1.000	88	0.875	0.875	
119	33	7	4	0	-1	2	45	0.125	0.125	453	0.250	0.250	389	0.375	1.000	308	0.604	1.589	423	0.729	1.375	
120	22	-15	4	1	1	0	284	0.354	1.280	34	0.479	1.280	249	0.625	1.000	97	0.750	0.750	98	0.854	1.464	
121	20	0	4	-1	1	5	386	0.500	0.500	374	0.604	1.155	493	0.625	0.750	109	0.625	1.250	225	0.655	0.655	
122	24	-1	4	-1	0	8	438	0.375	1.375	296	0.500	1.250	47	0.604	1.250	253	0.809	1.957	154	0.854	1.957	
123	24	-3	4	1	-1	0	243	0.375	0.375	281	0.625	1.125	191	0.750	1.000	115	0.854	1.832	394	0.979	1.229	
124	29	8	4	-1	2	0	117	0.250	0.250	325	0.500	0.500	148	0.750	0.750	484	0.875	0.875	378	1.000	1.000	
125	29	4	4	1	1	2	352	0.125	0.125	81	0.375	0.375	198	0.729	1.714	321	0.875	0.875	95	0.875	0.655	
126	32	-6	4	0	-1	5	239	0.375	1.125	149	0.500	0.500	241	0.604	1.250	346	0.625	1.030	234	0.729	1.714	
127	32	-11	4	1	2	0	48	0.559	1.589	380	0.625	0.625	131	0.750	0.750	459	0.750	0.655	29	0.875	0.875	
128	32	-16	4	1	2	1	248	0.500	0.875	263	0.655	0.655	489	0.729	1.375	160	0.729	1.589	28	0.875	0.875	
129	32	-2	4	-1	2	1	427	0.375	0.375	369	0.604	1.500	212	0.750	0.750	255	0.875	1.125	147	0.875	0.500	
130	34	1	4	1	-1	0	431	0.354	1.280	201	0.479	1.530	143	0.625	0.750	203	0.750	0.750	102	0.854	1.250	
131	32	-11	4	-2	-1	5	432	0.125	0.125	344	0.375	0.375	29	0.500	1.375	67	0.854	1.589	442	0.875	1.030	
132	23	-13	4	2	-1	0	361	0.375	1.250	98	0.479	1.500	284	0.500	0.500	421	0.750	1.250	190	0.750	1.000	
133	26	-14	4	2	1	1	63	0.375	0.375	166	0.479	1.500	185	0.625	0.750	184	0.684	1.464	93	0.809	1.339	
134	24	-15	4	1	1	0	3	0.625	0.625	294	0.625	1.000	97	0.750	0.625	284	0.780	0.625	63	0.854	1.339	
135	28	-7	4	-1	-2	3	478	0.125	0.125	410	0.375	1.250	54	0.375	0.375	86	0.655	0.655	162	0.750	0.625	
136	35	-14	4	1	1	0	492	0.500	0.500	51	0.625	1.250	96	0.875	0.500	72	0.875	0.905	202	0.875	1.561	
137	33	0	4	-1	2	2	102	0.375	0.375	265	0.625	0.625	130	0.875	1.125	306	0.875	1.000	90	0.875	0.625	
138	33	7	4	-1	1	0	446	0.375	0.375	169	0.729	1.714	389	0.750	0.750	119	0.750	0.750	272	0.780	0.625	
139	19	3	4	-1	2	3	217	0.500	0.500	152	0.625	0.625	210	0.750	1.250	452	0.875	0.750	278	1.030	0.729	
140	33	-8	4	-2	1	0	331	0.375	1.000	341	0.729	1.604	215	0.729	1.375	305	0.750	0.750	77	0.750	1.155	
141	34	3	4	-1	-1	3	258	0.125	0.125	496	0.479	1.280	35	0.854	1.155	221	0.905	0.729	262	0.964	0.964	
142	31	-14	4	-1	1	0	489	0.625	0.625	292	0.729	1.030	182	0.854	1.339	17	0.875	0.780	275	0.964	0.964	
143	34	0	4	2	-1	0	406	0.500	1.125	201	0.500	1.000	16	0.625	0.625	431	0.625	1.250	445	0.729	1.714	
144	26	-3	4	1	-2	0	373	0.125	0.125	360	0.375	1.250	115	0.604	1.280	495	0.625	0.625	191	0.839	0.839	
145	28	-6	4	1	-2	0	316	0.125	0.125	358	0.250	0.250	135	0.375	1.375	478	0.500	1.250	357	0.750	1.155	
146	33	-8	4	1	0	0	234	0.125	0.125	305	0.375	0.375	241	0.375	0.375	371	0.500	1.000	330	0.625	0.780	
147	33	-2	4	-2	1	4	129	0.500	0.875	32	0.625	0.625	90	0.625	0.625	318	0.809	1.339	265	0.854	1.604	
148	30	8	4	1	1	5	484	0.125	0.125	124	0.750	0.750	164	0.875	0.875	314	1.000	0.875	325	1.000	1.000	
149	32	-6	4	-1	0	3	77	0.375	0.375	126	0.500	0.500	320	0.604	1.839	266	0.729	1.714	162	0.854	1.957	
150	31	-3	4	1	-1	0	264	0.625	0.625	412	0.625	0.625	468	0.750	1.125	353	0.750	1.125	368	0.780	0.625	
151	34	-3	4	-1	1	0	147	0.604	1.405	32	0.625	1.250	399	0.655	0.655	174	0.875	0.655	265	0.913	1.979	
152	18	3	4	1	2	0	217	0.125	0.125	139	0.625	0.625	278	0.839	0.839	210	1.000	1.000	434	1.250	1.207	
153	21	-13	4	1	2	0	181	0.750	0.750	284	0.979	1.214	190	0.979	1.229	462	1.000	1.125	451	1.125	0.875	
154	21	-2	4	-1	-1	4	435	0.354	1.280	463	0.500	0.500	319	0.625	1.250	111	0.625	0.625	7	0.625	0.625	
155	23	1	4	1	1	0	68	0.125	0.125	31	0.479	1.405	238	0.500	1.375	271	0.604	1.155	461	0.750	0.750	
156	30	-5	4	-1	1	0	335	0.479	1.280	37	0.500	0.500	356	0.729	1.714	475	0.750	0.750	468	0.780	0.625	
157	25	3	4	-2	-1	22	396	0.500	0.500	238	0.854	1.464	271	0.875	1.030	274	0.875	0.625	209	0.979	1.339	
158	35	-5	4	-1	-1	0	315	0.500	1.000	439	0.750	1.250	228	0.854	1.155	305	0.913	1.979	464	0.979	1.714	
159	27	-15	4	1	2	0	186	0.250	0.250	60	0.375	0.375	351	0.479	1.405	367	0.500	0.500	377	0.500	0.500	
160	34	-15	4	2	1	0	392	0.125	0.125	136	0.479	1.405	441	0.500	0.500	359	0.625	0.750	96	0.625	0.750	
161	22	-14	4	-1	0	10	207	0.625	1.030	181	0.750	1.125	462	0.809	1.339	451	0.875	0.875	405	0.875	1.250	
162	29	-7	4	-1	-1	4	172	0.625	0.625	358	0.655	0.655	54	0.750	1.125	135	0.750	0.750	316	0.780	0.625	
163	24	-16	4	-1	-2	4	343	0.125	0.125	3	0.875	0.875	226	1.125	0.905	249	1.250	0.854	421	1.375	0.934	
164	30	8	4	-1	-2	16	314	0.375	1.250	270	0.479	1.280	46	0.625	0.750	499	0.684	1.464	124	0.750	1.250	
165	26	-6	4	0	-1	0	298	0.125	0.125	460	0.604	1.250	86	0.625	0.625	357	0.625	0.780	456	0.750	1.125	
166	27	-13	4	1	2	0	301	0.479	1.375	167	0.625	0.875	184	0.625	1.250	351	0.655	0.655	33	0.729	1.589	
167	27	-12	4	2	1	0	33	0.604	1.280	89	0.625	0.625	301	0.625	1.250	282	0.875	0.875	166	0.875	0.500	
168	30	6	4	-2	1	0	91	0.250	0.250	8	0.500	0.875	46	0.500	0.500	304	0.625	0.750	22	0.729	1.375	
169	31	8	4	-2	-1	8	378	0.500	0.500	164	0.500	0.875	46	0.750	1.155	270	0.854	1.589	314	0.875	1.155	
170	28	3	4	1	0	0	112	0.250	0.250	397	0.375	0.375	286	0.500	0.500	125	0.625	1.280	81	0.750	0.905	
171	35	0	4	-2	-1	20	56	0.479	1.155	201	0.625	0.625	90	0.729	1.589	411	0.750	0.750	406	0.750	0.750	
172	29	-6	4	-1	0	3	358	0.375	1.000	135	0.604	1.375	357	0.604	1.839	162	0.625	0.625	54	0.625	1.030	
173	32	-8	4	1	-2	1	215	0.375	1.250	305	0.625	0.625	234	0.625	0.875	330	0.729	1.479	146	0.750	1.000	
174	35	-2	4	-1	2	5	399	0.250	0.250	411	0.375	1.000	56	0.604	1.375	151	0.655	0.655	445	0.875	0.875	
175	30	-8	4	-2	1	0	187	0.375	0.375	478	0.684	1.464	54	0.684	1.714	162	0.750	0.905	320	0.750	0.750	
176	24	3	4	-1	0	7	238	0.625	0.780	271	0.750	0.625	209	0.875	1.375	12	0.979	1.354	245	1.000	1.000	
177	32	-14	4	-1	-1	1	489	0.354	1.280	142	0.500	1.375	339	0.500	1.375	384	0.530	0.530	402	0.625	1.000	
178	35	-14	4	-1	-1	5	492	0.500	0.500	420	0.604	1.839	384	0.604	1.589	51	0.750	0.750	486	0.750	0.750	
179	35	-9	4	-1	2	3	472	0.479	1.280	324	0.750	1.000	330	0.750	0.750	74	0.875	0.875	371	0.875	1.030	
180	35	-17	4	-1	-2	2	494	0.479	1.375	418	0.625	0.625	383	0.625	0.750	110	0.875	0.875	297	0.875	1.000	
181	22	-13	4	1	1	0	132	0.500	1.250	34	0.780	0.625	249	0.964	0.964	284	1.000	0.780	134	1.061	1.061	
182	32	-12	4	0	1	0	127	0.250	1.250	349	0.375	0.375	29	0.604	1.375	1	0.750	0.905	257	0.750	1.125	
183	33	3	4	2	-1	0	429	0.500	0.500	35	0.625	0.625	481	0.729	1.589	141	0.875	1.000	276	0.875	0.780	
184	28	-13	4	1	-1	0	93	0.125	0.125	205	0.375	0.375	301	0.625	0.625	317	0.625	1.250	376	0.655	0.655	
185	27	-14	4	0	1	0	166	0.250	1.250	63	0.375	0.375	351	0.625	0.625	476	0.625	0.625	25	0.750	1.250	
186	27	-15	4	2	1	0	159	0.250	0.250	377	0.250	0.250	189	0.375	0.375	342	0.625	0.625	60	0.625	0.625	
187	30	-8	4	0	1	0	94	0.250	1.250	175	0.375	0.375	172	0.604	1.589	200	0.625	0.625	288	0.625	1.280	
188	20	-14	4	-1	0	32	379	0.375	1.250	462	0.625	0.625	207	1.030	0.604	153	1.125	1.155	451	1.250	0.604	
189	27	-15	4	1	-1	1	377	0.125	0.125	342	0.250	0.250	186	0.375	0.375	159	0.625	0.625	382	0.750	0.750	
190	23	-14	4	0	-1	1	421	0.250	0.250	98	0.500	0.500	226	0.500	0.875	284	0.500	0.500	465	0.500	0.500	
191	24	-4	4	1	-2	1	281	0.125	0.125	144	0.839	0.839	373	0.964	0.964	495	0.979	1.464	116	1.000	1.000	
192	26	3	4	-1	2	0	396	0.479	1.375	289	0.500	0.500	366	0.625	0.875	328	0.729	1.464	223	0.729	1.714	
193	28	-8	4	1	1	0	293	0.250	0.250	200	0.500	0.875	410	0.500	0.500	460	0.780	0.780	100	0.964	0.964	
194	21	-4	4	-1	-1	3	0	0.854	1.339	208	0.875	0.875	69	0.979	1.479	70	0.979	1.155	435	1.000	0.780	
195	22	-3	4	-1	-2	1	20	0.375	0.375	208	0.375	1.250	194	0.479	1.405	154	0.655	0.655	491	0.875	0.750	
196	29	-12	4	1	0	0	376	0.375	0.375	292	0.625	0.780	227	0.750	0.750	184	0.780	0.780	127	0.934	1.832	
197	27	3	4	-2	1	0	366	0.479	1.280	192	0.500	0.875	274	0.500	1.125	242	0.500	0.500	82	0.625	0.625	
198	31	5	4	2	-1	1	490	0.250	0.250	355	0.479	1.280	199	0.500	1.125	308	0.625	0.750	429	0.684	1.714	
199	32	5	4	1	2	0	272	0.375	1.250	138	0.684	1.464	423	0.729	1.589	59	0.750	0.750	57	0.875	0.780	
200	29	-8	4	1	1	0	94	0.354	1.405	100	0.655	0.655	187	0.750	0.625	268	0.780	0.625	471	0.854	1.339	
201	35	0	4	1	-1	0	431	0.250	0.250	406	0.625	0.625	171	0.625	0.625	56	0.854	1.250	16	0.905	0.729	
202	35	-12	4	-1	1	0	277	0.375	0.375	44	0.375	0.375	216	0.604	1.589	53	0.604	1.405	395	0.625	0.625	
203	34	1	4	-1	0	0	306	0.250	1.125	27	0.604	1.589	102	0.625	1.030	137	0.750	0.905	130	0.750	0.750	
204	26	-2	4	-1	1	0	394	0.125	0.125	211	0.604	1.530	104	0.625	1.250	311	0.750	0.750	230	0.854	1.155	
205	28	-13	4	-1	-2	0	93	0.250	0.250	184	0.375	0.375	317	0.500	1.125	342	0.684	1.714	189	0.684	1.464	
206	31	-9	4	1	1	0	268	0.625	0.625	234	0.729	1.714	331	0.729	1.030	146	0.854	1.839	341	0.875	0.875	
207	21	-15	4	-1	0	14	379	0.684	1.464	405	0.750	0.750	188	0.750	1.030	365	0.875	0.875	462	1.000	1.089	
208	22	-4	4	1	-1	0	20	0.875	0.500	281	1.000	1.000	194	1.125	0.875	443	1.214	0.979	243	1.214	1.104	
209	23	2	4	1	-2	0	336	0.729	1.604	68	0.750	0.875	31	0.750	1.125	12	0.750	0.655	256	0.750	0.750	
210	18	3	4	-1	-2	55	434	1.000	1.000	152	1.000	1.000	217	1.125	0.875	114	1.288	2.082	374	1.479	1.104	
211	25	-1	4	-1	1	0	467	0.750	0.750	122	0.750	1.125	290	0.854	1.155	313	0.979	1.030	52	1.000	1.125	
212	31	-2	4	1	1	0	264	0.250	0.250	427	0.500	0.875	369	0.625	1.250	255	0.875	1.030	265	0.979	1.714	
213	26	1	4	-1	1	0	307	0.500	1.000	105	0.729	1.030	197	0.964	0.964	192	1.000	1.375	289	1.207	1.479	
214	32	-5	4	2	-1	0	246	0.559	1.589	218	0.625	1.375	126	0.750	1.000	113	0.854	1.479	346	0.979	1.714	
215	32	-9	4	0	-1	9	341	0.500	0.500	216	0.875	1.339	305	0.905	0.729	432	0.979	1.500	428	1.000	1.089	
216	33	-11	4	-1	-1	0	257	0.500	1.375	131	0.500	1.000	442	0.604	1.714	344	0.625	0.625	432	0.625	0.875	
217	18	3	4	0	1	0	152	0.125	0.125	139	0.500	0.500	210	0.875	0.875	278	0.964	0.964	434	1.375	1.082	
218	34	-5	4	1	-1	0	439	0.604	1.405	385	0.625	1.375	315	0.625	0.625	346	0.854	1.339	92	1.000	0.875	
219	27	4	4	2	1	0	95	0.604	1.500	112	0.750	0.655	328	0.750	1.000	223	0.750	0.750	80	0.875	0.875	
220	28	2	4	1	2	0	458	0.125	0.125	397	0.375	0.375	112	0.375	1.000	286	0.500	0.500	11	0.625	0.625	
221	35	2	4	-2	1	0	306	0.729	1.714	141	0.750	0.905	203	0.875	0.905	455	0.875	0.750	130	0.875	1.125	
222	29	3	4	-2	1	0	485	0.500	0.500	413	0.500	0.500	82	0.559	1.589	125	0.625	1.250	242	0.684	1.714	
223	27	5	4	1	1	0	328	0.250	0.250	95	0.625	0.750	499	0.729	1.589	219	0.750	0.625	21	0.750	0.750	
224	18	-3	4	1	-2	0	295	0.479	1.375	334	0.479	1.405	457	0.500	0.500	407	0.625	0.875	61	0.625	1.125	
225	19	-1	4	-1	2	1	493	0.500	1.125	240	0.500	1.375	109	0.729	1.604	121	0.750	0.655	250	0.875	1.000	
226	23	-15	4	-1	0	6	161	0.625	1.030	421	0.625	0.625	97	0.625	0.625	249	0.875	0.875	190	0.875	0.500	
227	29	-12	4	-1	-1	1	205	0.354	1.405	376	0.375	0.375	93	0.604	1.155	33	0.854	1.155	184	0.875	1.030	
228	34	-4	4	-1	2	1	113	0.125	0.125	92	0.375	0.375	151	0.375	1.000	32	0.604	1.280	315	0.875	0.875	
229	18	-4	4	-2	1	11	61	0.250	0.250	269	0.625	0.625	73	0.750	0.750	326	0.750	0.750	0	0.905	0.625	
230	27	-1	4	2	1	0	79	0.125	0.125	437	0.604	1.375	313	0.655	0.655	479	0.684	1.464	408	0.729	1.375	
231	32	-7	4	1	0	0	239	0.250	0.250	241	0.375	1.375	305	0.604	1.375	146	0.625	1.030	439	0.809	2.000	
232	31	4	4	-1	0	7	345	0.125	0.125	38	0.375	0.375	417	0.500	0.500	387	0.625	0.625	485	0.729	1.714	
233	28	-3	4	-1	0	0	497	0.375	0.375	356	0.500	0.500	327	0.500	1.250	360	0.604	1.589	237	0.625	0.780	
234	33	-8	4	2	-1	0	146	0.125	0.125	305	0.250	0.250	371	0.500	1.125	241	0.500	0.500	330	0.750	0.905	
235	20	-4	4	2	1	0	106	0.604	1.375	20	0.684	1.464	326	0.750	0.750	491	0.750	1.030	111	0.854	1.604	
236	34	-14	4	2	-1	1	96	0.375	0.375	136	0.375	1.250	160	0.625	0.625	392	0.750	0.750	492	0.875	1.125	
237	27	-4	4	-1	1	0	115	0.625	0.625	300	0.729	1.714	495	0.729	1.030	327	0.750	0.750	233	0.780	0.625	
238	23	2	4	-1	1	0	473	0.530	0.530	461	0.655	0.655	323	0.729	1.589	176	0.780	0.625	322	0.964	0.964	
239	32	-7	4	1	-1	0	231	0.250	0.250	146	0.354	1.280	305	0.354	1.405	234	0.479	1.405	346	0.625	0.625	
240	19	0	4	1	2	0	493	0.250	0.250	374	0.500	1.125	109	0.604	1.500	121	0.750	0.750	386	0.750	0.750	
241	33	-7	4	1	0	0	146	0.375	0.375	346	0.500	0.500	234	0.500	0.500	439	0.684	1.464	305	0.750	0.750	
242	27	4	4	-1	0	10	82	0.125	0.125	366	0.375	1.250	197	0.500	0.500	274	0.604	1.375	192	0.750	0.905	
243	24	-3	4	-1	-2	5	123	0.375	0.375	191	0.500	1.375	281	0.625	1.250	87	0.750	1.000	300	0.875	0.500	
244	29	-15	4	-2	-1	12	382	0.500	0.875	299	0.625	0.625	60	0.625	1.625	185	0.729	1.479	367	0.750	1.750	
245	24	3	4	1	0	0	31	0.500	0.500	256	0.625	0.625	105	0.625	0.780	219	0.809	2.229	416	0.979	1.354	
246	34	-6	4	2	1	0	439	0.375	1.375	385	0.479	1.405	75	0.750	0.875	218	0.750	0.750	464	0.875	1.125	
247	23	0	4	1	-2	0	4	0.500	0.875	296	0.500	1.125	290	0.625	1.125	47	0.875	0.875	68	0.875	0.875	
248	32	-15	4	2	1	0	339	0.375	0.375	391	0.500	1.125	236	0.559	1.589	96	0.729	1.714	454	0.750	0.905	
249	23	-15	4	2	1	0	97	0.250	0.250	284	0.500	0.500	134	0.500	1.000	34	0.750	1.000	343	0.854	1.375	
250	19	0	4	-1	-1	3	493	0.625	0.625	404	0.625	1.250	114	0.875	1.030	477	0.979	1.464	154	1.061	1.061	
251	33	-17	4	-1	-1	1	494	0.780	0.625	50	0.875	1.125	128	0.979	1.125	263	1.000	1.000	420	1.000	1.000	
252	34	-16	4	0	-1	0	418	0.500	1.250	419	0.750	0.750	384	0.780	0.780	180	0.875	0.905	402	0.964	0.964	
253	21	0	4	-1	1	0	121	0.500	0.875	322	0.500	1.000	473	0.530	0.530	7	0.625	0.625	278	0.729	1.714	
254	31	-17	4	1	2	0	15	0.250	0.250	128	0.479	1.280	28	0.500	1.125	275	0.729	1.280	248	0.729	1.589	
255	32	-1	4	1	-1	0	368	0.750	1.125	318	0.750	0.750	264	0.780	0.625	340	0.854	1.354	118	0.964	0.964	
256	24	2	4	1	-1	0	440	0.354	1.280	31	0.375	0.375	336	0.479	1.155	105	0.500	1.375	245	0.625	0.625	
257	33	-12	4	1	-1	6	370	0.479	1.280	303	0.500	1.375	395	0.750	1.125	177	0.854	1.589	380	1.000	1.000	
258	34	3	4	-2	-1	13	141	0.125	0.125	496	0.604	1.375	262	0.839	0.839	199	0.979	1.354	66	1.000	0.375	
259	31	1	4	-1	2	0	487	0.375	0.375	387	0.625	1.375	2	0.655	0.655	283	0.750	1.125	363	0.750	0.750	
260	30	-15	4	1	0	0	466	0.875	1.125	488	0.875	0.750	6	0.875	0.750	454	0.934	1.875	15	0.964	0.964	
261	18	-4	4	0	-1	0	61	0.375	0.375	334	0.625	0.625	229	0.625	0.625	295	0.750	0.875	269	1.000	0.875	
262	33	5	4	-2	-1	2	59	0.375	0.375	18	0.375	0.375	99	0.479	1.280	345	0.559	1.589	389	0.625	0.625	
263	33	-17	4	1	1	0	128	0.655	0.655	441	0.729	1.714	359	0.832	1.811	248	0.964	0.964	419	1.000	1.125	
264	31	-2	4	1	0	0	212	0.250	0.250	427	0.375	1.125	255	0.625	0.780	287	0.625	0.625	412	0.750	0.750	
265	32	0	4	1	2	0	137	0.625	0.625	487	0.750	0.655	130	0.854	1.479	259	0.875	1.030	27	0.875	0.875	
266	30	-7	4	-1	-2	2	320	0.125	0.125	175	0.750	0.875	162	0.750	0.750	358	0.839	0.839	471	0.979	1.229	
267	35	-3	4	2	1	0	480	0.375	0.375	174	0.750	1.125	399	0.750	1.250	16	0.839	0.839	411	0.875	1.479	
268	30	-9	4	0	1	0	100	0.125	0.125	175	0.375	1.000	187	0.375	1.375	206	0.625	0.625	200	0.625	0.780	
269	18	-3	4	-2	1	1	73	0.125	0.125	61	0.625	0.625	229	0.625	0.625	69	0.875	0.625	329	1.082	1.332	
270	29	7	4	-1	-2	6	444	0.125	0.125	499	0.375	1.250	372	0.625	0.625	280	0.625	0.625	314	0.750	0.750	
271	24	2	4	-1	2	0	31	0.500	0.500	245	0.625	1.000	105	0.750	0.750	238	0.750	0.750	192	0.839	0.839	
272	32	6	4	0	1	0	424	0.500	0.500	57	0.500	0.500	138	0.625	0.780	378	0.729	1.714	364	0.875	0.875	
273	34	6	4	1	2	2	423	0.250	0.250	414	0.500	1.375	78	0.625	0.750	398	0.875	1.030	272	0.875	0.875	
274	26	3	4	-1	-2	6	80	0.625	0.625	157	0.625	0.875	416	0.729	1.714	289	0.750	0.750	192	0.750	0.750	
275	30	-16	4	-2	1	2	466	0.250	0.250	6	0.479	1.375	488	0.750	0.750	244	0.750	1.030	489	0.905	0.625	
276	34	4	4	2	-1	0	23	0.375	1.250	66	0.375	0.375	481	0.500	1.375	455	0.604	1.280	13	0.750	0.655	
277	35	-12	4	1	2	0	202	0.375	0.375	395	0.500	0.500	380	0.839	0.839	53	0.875	1.280	72	1.030	0.729	
278	20	2	4	1	2	0	452	0.375	1.000	152	0.839	0.839	139	0.875	1.030	348	0.875	1.030	322	1.030	0.604	
279	35	7	4	0	1	4	398	0.125	0.125	414	0.500	0.500	425	0.625	1.000	285	0.750	0.905	78	0.875	0.500	
280	28	7	4	1	-2	1	372	0.250	0.250	499	0.479	1.405	444	0.500	0.500	270	0.625	0.625	21	0.729	1.464	
281	24	-4	4	0	-1	0	191	0.125	0.125	360	0.750	0.750	116	0.875	0.875	42	0.875	1.125	195	0.964	0.964	
282	27	-12	4	-1	0	2	390	0.854	1.875	24	0.875	0.500	33	0.905	0.905	433	0.964	0.964	25	1.229	1.280	
283	31	2	4	2	-1	0	415	0.625	0.625	487	0.750	0.750	355	0.839	0.839	130	0.934	2.082	27	0.979	1.714	
284	23	-14	4	1	0	0	98	0.375	1.000	249	0.500	0.500	132	0.500	0.500	190	0.500	0.500	34	0.500	0.500	
285	34	8	4	1	2	4	78	0.750	0.750	279	0.905	0.625	138	0.905	0.854	398	1.030	0.604	425	1.125	0.750	
286	28	2	4	2	-1	0	397	0.125	0.125	64	0.500	1.125	220	0.500	0.500	170	0.500	0.500	112	0.750	0.750	
287	31	-1	4	1	-1	0	318	0.375	0.375	368	0.479	1.280	264	0.625	0.625	255	0.625	0.875	27	0.780	0.625	
288	31	-7	4	1	1	0	85	0.125	0.125	231	0.750	1.125	173	0.854	1.155	146	0.934	1.339	305	0.934	1.479	
289	26	3	4	2	1	0	80	0.500	1.125	192	0.500	0.500	397	0.729	1.464	219	0.750	1.280	274	0.750	0.750	
290	24	0	4	2	1	0	336	0.479	1.280	155	0.655	0.655	52	0.729	1.589	467	0.729	1.375	440	0.750	1.155	
291	25	-4	4	-1	2	0	87	0.729	1.714	495	0.750	1.155	116	0.750	0.750	300	0.750	0.875	204	0.905	1.214	
292	30	-13	4	1	1	0	449	0.750	0.750	196	0.780	0.625	442	0.854	1.155	14	0.875	1.125	349	0.979	1.714	
293	28	-8	4	1	0	0	193	0.250	0.250	410	0.250	0.250	200	0.375	1.125	206	0.854	1.875	393	0.875	0.875	
294	25	-15	4	2	1	0	133	0.479	1.280	63	0.604	1.375	186	0.750	1.500	351	0.934	2.082	185	0.979	1.464	
295	19	-4	4	1	0	0	235	0.250	1.250	334	0.250	0.250	407	0.500	0.500	326	0.500	0.500	491	0.684	1.464	
296	23	-1	4	-2	-1	22	438	0.125	0.125	347	0.375	1.250	422	0.500	1.125	463	0.684	1.464	154	0.729	1.714	
297	35	-18	4	-1	1	3	383	0.250	0.250	494	0.625	1.125	251	0.854	1.589	128	1.082	1.979	392	1.104	1.854	
298	26	-6	4	1	-2	0	165	0.125	0.125	460	0.604	1.375	456	0.625	1.250	357	0.750	0.905	86	0.750	0.750	
299	29	-15	4	1	-1	0	488	0.354	1.405	260	0.625	1.125	244	0.625	0.625	382	0.750	0.750	6	0.750	0.750	
300	25	-3	4	-2	-1	11	243	0.500	0.875	281	0.604	1.375	401	0.729	1.479	42	0.809	1.339	144	0.875	0.875	
301	28	-12	4	1	0	0	376	0.375	1.000	196	0.375	1.375	184	0.750	0.625	205	0.750	1.000	33	0.875	1.000	
302	29	-1	4	1	-2	0	362	0.375	1.000	118	0.479	1.280	88	0.500	1.125	474	0.625	1.625	212	0.729	1.479	
303	33	-13	4	-1	-1	0	454	0.500	1.375	177	0.604	1.530	370	0.625	0.625	142	0.729	1.589	17	0.750	1.125	
304	29	6	4	0	1	0	8	0.125	0.125	325	0.604	1.589	484	0.729	1.714	168	0.750	0.625	499	0.750	0.750	
305	33	-8	4	1	-2	0	234	0.250	0.250	146	0.375	0.375	173	0.625	0.625	371	0.750	1.250	215	0.750	0.905	
306	33	1	4	-1	-1	0	27	0.479	1.280	102	0.750	0.625	255	0.854	1.589	130	0.875	0.875	16	0.979	1.229	
307	26	2	4	-1	2	0	192	0.500	1.125	289	0.500	1.125	157	0.604	1.280	219	0.729	1.604	105	0.750	0.750	
308	32	5	4	0	-1	8	99	0.375	1.000	18	0.375	0.375	355	0.500	1.000	429	0.604	1.250	38	0.625	1.155	
309	27	5	4	-1	-2	8	21	0.125	0.125	82	0.500	0.875	366	0.604	1.280	242	0.625	0.750	321	0.839	0.839	
310	22	1	4	1	0	0	381	0.125	0.125	68	0.250	1.250	12	0.250	0.250	40	0.375	0.375	155	0.375	1.125	
311	26	-1	4	-2	-1	0	211	0.375	1.250	467	0.625	0.750	52	0.750	0.750	204	0.750	0.750	327	0.839	0.839	
312	22	0	4	-1	0	3	253	0.375	1.125	7	0.625	1.030	473	0.625	0.625	400	0.625	0.625	347	0.625	0.625	
313	26	0	4	1	1	0	213	0.500	1.375	79	0.530	0.530	336	0.655	0.655	52	0.750	0.750	440	0.780	0.625	
314	30	7	4	1	-1	0	430	0.479	1.280	499	0.530	0.530	91	0.625	1.250	444	0.625	0.625	484	0.750	0.750	
315	34	-5	4	-2	-1	7	448	0.500	1.125	218	0.625	0.625	149	0.684	1.714	32	0.839	0.839	228	0.875	0.875	
316	28	-6	4	0	-1	11	358	0.125	0.125	145	0.125	0.125	478	0.250	1.125	135	0.500	1.250	54	0.500	0.875	
317	28	-14	4	-1	-2	0	382	0.375	1.125	342	0.479	1.155	367	0.604	1.280	476	0.625	0.625	189	0.750	0.905	
318	31	-1	4	-1	-2	4	287	0.375	0.375	369	0.500	0.500	264	0.625	1.000	88	0.729	1.589	255	0.750	0.750	
319	20	-2	4	-1	2	0	225	0.479	1.280	240	0.559	1.589	121	0.625	1.375	111	0.625	0.625	463	0.750	0.625	
320	30	-7	4	-1	-1	1	266	0.125	0.125	162	0.625	0.875	471	0.854	1.354	358	0.964	0.964	341	0.979	1.214	
321	29	4	4	-1	-2	6	413	0.375	0.375	485	0.500	1.125	81	0.500	0.500	197	0.729	1.604	222	0.750	0.875	
322	21	1	4	-1	2	0	461	0.625	0.625	121	0.655	0.655	452	0.684	1.464	473	0.750	0.625	493	0.839	0.839	
323	21	3	4	-1	-1	4	348	0.375	0.375	434	0.625	0.750	452	1.000	1.000	250	1.038	2.354	498	1.104	1.936	
324	34	-9	4	-1	0	0	48	0.500	1.000	330	0.750	0.750	472	0.750	0.750	371	0.750	1.000	53	0.875	0.875	
325	28	8	4	0	1	0	124	0.500	0.500	117	0.500	0.500	41	0.625	0.625	36	0.875	1.125	447	1.030	0.604	
326	19	-4	4	0	1	0	295	0.500	0.500	69	0.500	1.250	269	0.604	1.375	73	0.750	1.280	70	0.750	0.905	
327	27	-3	4	-2	-1	7	360	0.604	1.375	394	0.729	1.280	144	0.750	0.875	237	0.750	0.750	356	0.780	0.750	
328	27	5	4	0	1	0	223	0.250	0.250	95	0.500	0.500	447	0.875	1.750	366	0.905	0.905	325	0.934	2.125	
329	18	0	4	1	0	0	240	0.500	1.000	404	0.604	1.375	108	0.750	0.905	114	0.750	0.625	10	0.957	2.229	
330	34	-9	4	1	1	0	472	0.625	1.250	371	0.625	1.000	324	0.750	0.750	179	0.750	0.750	48	0.750	0.750	
331	32	-8	4	-1	1	0	320	0.604	1.589	77	0.625	0.625	288	0.729	1.030	85	0.854	1.155	173	0.875	0.875	
332	31	3	4	-1	-2	6	283	0.500	1.125	387	0.625	0.625	232	0.750	0.750	321	0.839	0.839	345	0.875	0.875	
333	35	5	4	-1	-2	4	101	0.125	0.125	375	0.250	0.250	13	0.375	0.375	141	0.729	1.714	66	0.750	1.155	
334	19	-4	4	1	-1	0	295	0.250	0.250	235	0.625	1.250	261	0.625	0.625	326	0.750	0.750	407	0.750	0.625	
335	29	-4	4	0	1	0	19	0.604	1.589	233	0.729	1.250	65	0.729	1.714	327	0.979	1.479	150	0.979	1.354	
336	25	1	4	2	1	1	440	0.125	0.125	313	0.750	0.655	105	0.750	0.750	31	0.780	0.750	104	0.839	0.839	
337	20	-14	4	1	-1	9	365	0.479	1.155	405	0.479	1.530	188	0.750	0.750	451	0.780	0.625	153	0.854	1.155	
338	29	1	4	-1	1	0	11	0.354	1.280	458	0.479	1.280	220	0.604	1.155	84	0.625	1.000	437	0.780	0.625	
339	32	-15	4	1	-1	0	248	0.375	0.375	402	0.375	0.375	454	0.530	0.530	391	0.750	0.750	251	0.854	1.589	
340	31	-3	4	-1	0	0	107	0.125	0.125	468	0.375	0.375	409	0.500	0.500	150	0.750	0.750	497	0.854	2.125	
341	31	-9	4	-1	-2	1	215	0.500	0.500	428	0.750	0.905	459	0.875	1.125	175	1.000	1.030	432	1.000	1.214	
342	27	-15	4	0	-1	0	189	0.250	0.250	377	0.375	0.375	382	0.500	0.500	186	0.625	0.625	367	0.625	0.625	
343	24	-16	4	0	-1	1	163	0.125	0.125	3	1.000	0.875	134	1.125	1.000	97	1.250	0.979	226	1.250	1.030	
344	32	-11	4	0	-1	10	432	0.250	0.250	131	0.375	0.375	216	0.625	0.625	257	0.625	1.280	76	0.750	0.625	
345	31	4	4	-2	1	1	232	0.125	0.125	38	0.500	0.500	417	0.625	0.625	485	0.729	1.604	490	0.750	1.250	
346	33	-7	4	0	-1	1	305	0.250	1.250	234	0.500	1.000	241	0.500	0.500	464	0.500	0.500	215	0.604	1.589	
347	22	-1	4	-1	1	0	422	0.125	0.125	463	0.530	0.530	253	0.604	1.530	312	0.625	0.625	62	0.625	0.625	
348	21	3	4	-2	1	1	323	0.375	0.375	434	0.500	1.125	452	0.875	1.000	108	0.979	1.354	139	1.104	1.250	
349	32	-12	4	2	1	0	257	0.375	1.250	182	0.375	0.375	380	0.479	1.500	127	0.625	0.875	1	0.780	0.750	
350	32	3	4	-2	1	0	387	0.375	1.000	345	0.479	1.280	332	0.500	1.125	99	0.625	0.625	232	0.750	1.155	
351	28	-14	4	1	1	0	476	0.500	0.500	449	0.604	1.155	185	0.625	0.625	6	0.780	0.625	260	0.854	1.339	
352	29	4	4	1	2	0	125	0.125	0.125	81	0.500	0.500	413	0.625	0.625	198	0.729	1.604	490	0.729	1.589	
353	31	-4	4	0	-1	2	412	0.500	0.500	468	0.500	0.500	475	0.729	1.714	172	0.854	1.604	320	0.854	1.957	
354	29	-1	4	0	1	0	403	0.375	1.375	2	0.625	0.780	450	0.729	1.250	84	0.729	1.714	458	0.854	2.125	
355	32	4	4	2	-1	0	429	0.375	1.250	183	0.479	1.280	99	0.750	0.750	417	0.750	0.750	283	0.839	0.839	
356	28	-4	4	-2	-1	1	497	0.125	0.125	237	0.375	1.250	39	0.500	0.500	233	0.500	0.500	426	0.854	1.589	
357	27	-7	4	-1	-1	2	460	0.750	0.750	165	0.780	0.625	293	0.854	1.250	298	0.905	0.729	410	1.104	1.030	
358	28	-6	4	-1	-2	2	316	0.125	0.125	145	0.250	0.250	135	0.375	1.125	357	0.479	1.405	478	0.500	1.000	
359	35	-15	4	0	1	0	492	0.250	1.125	136	0.250	1.125	486	0.375	0.375	441	0.500	0.500	96	0.625	0.780	
360	26	-4	4	0	-1	1	426	0.500	1.250	281	0.750	0.750	86	0.780	1.339	191	0.875	0.875	300	0.905	0.905	
361	24	-13	4	1	0	0	390	0.750	0.750	167	0.809	2.309	134	1.000	0.884	284	1.030	0.604	185	1.104	1.625	
362	29	-2	4	1	-1	0	474	0.500	1.375	88	0.625	0.625	408	0.625	0.625	118	0.750	0.750	497	0.854	1.354	
363	30	1	4	-1	1	0	338	0.500	0.875	403	0.780	0.625	11	0.854	1.839	487	0.875	0.875	450	0.934	1.339	
364	32	6	4	1	-2	1	308	0.375	1.250	430	0.500	0.500	453	0.655	0.655	38	0.729	1.589	18	0.750	1.155	
365	21	-15	4	2	1	0	405	0.375	0.375	120	0.500	1.000	284	0.684	1.714	207	0.875	0.875	97	0.875	1.250	
366	26	4	4	-2	1	0	396	0.625	1.250	157	0.875	1.030	274	0.875	0.875	192	0.875	0.500	176	0.979	1.464	
367	27	-15	4	-2	1	2	60	0.125	0.125	159	0.500	0.500	63	0.604	1.375	342	0.625	0.625	476	0.655	0.655	
368	32	-2	4	0	-1	0	468	0.604	1.589	353	0.604	1.589	150	0.625	0.780	340	0.729	1.250	427	0.750	0.750	
369	31	-1	4	-2	1	0	318	0.500	0.500	88	0.729	1.589	118	0.854	1.250	340	0.875	0.875	2	0.875	1.405	
370	34	-13	4	0	-1	0	236	0.500	1.000	469	0.500	0.500	420	0.604	1.589	384	0.604	1.839	178	0.625	0.780	
371	34	-8	4	1	2	0	472	0.250	0.250	71	0.479	1.375	75	0.559	1.589	140	0.875	0.875	385	0.934	2.089	
372	28	7	4	-1	-2	1	280	0.250	0.250	444	0.500	0.500	270	0.625	0.625	36	0.780	0.750	436	1.000	1.339	
373	26	-3	4	1	-1	0	144	0.125	0.125	115	0.479	1.155	495	0.500	0.500	360	0.750	1.125	470	0.780	0.625	
374	19	1	4	1	2	0	278	0.479	1.280	109	0.625	0.875	386	0.655	0.655	452	0.729	1.714	217	0.729	1.464	
375	35	5	4	1	-2	1	101	0.125	0.125	13	0.125	0.125	333	0.250	0.250	141	0.729	1.714	66	0.750	0.905	
376	29	-12	4	1	-2	0	227	0.375	0.375	196	0.375	0.375	67	0.625	0.625	317	0.729	1.589	184	0.750	0.655	
377	27	-15	4	2	-1	0	189	0.125	0.125	186	0.250	0.250	342	0.375	0.375	159	0.500	0.500	382	0.750	0.875	
378	31	8	4	-1	2	0	169	0.500	0.500	148	0.750	0.750	164	0.750	1.250	484	0.875	0.750	446	1.089	1.059	
379	19	-14	4	-2	-1	14	337	1.125	1.000	188	1.500	0.250	365	1.604	1.229	153	1.625	1.229	465	1.625	1.375	
380	33	-11	4	1	2	0	127	0.625	0.625	330	0.729	1.714	277	0.839	0.839	216	0.875	0.875	53	0.875	0.750	
381	22	1	4	2	-1	0	310	0.125	0.125	12	0.125	0.125	155	0.375	1.250	247	0.479	1.500	40	0.500	0.500	
382	28	-15	4	-1	-2	0	342	0.500	0.500	60	0.625	1.250	189	0.750	0.750	367	0.750	1.125	377	0.875	0.750	
383	35	-18	4	-1	0	1	297	0.250	0.250	494	0.375	1.375	180	0.750	0.625	418	0.750	0.905	110	0.875	0.875	
384	33	-15	4	-1	-1	0	420	0.250	0.250	391	0.375	0.375	177	0.530	0.530	28	0.604	1.714	402	0.750	0.750	
385	35	-5	4	1	1	0	92	0.530	0.530	439	0.750	0.750	228	0.875	0.905	151	0.979	1.589	71	1.000	1.000	
386	20	0	4	1	1	0	121	0.500	0.500	322	0.604	1.155	12	0.604	1.589	381	0.729	1.714	109	0.750	0.750	
387	31	3	4	-1	1	0	232	0.625	0.625	332	0.625	0.625	415	0.625	0.625	345	0.750	0.750	413	0.854	1.839	
388	27	1	4	-1	-1	1	213	0.500	1.375	483	0.530	0.530	450	0.780	0.625	52	0.979	1.464	307	1.000	1.155	
389	33	6	4	-2	-1	7	308	0.604	1.375	262	0.625	0.625	272	0.625	1.000	364	0.750	0.875	18	0.750	1.000	
390	24	-13	4	-1	1	0	361	0.750	0.750	34	0.780	0.625	190	0.979	1.250	98	1.000	1.125	421	1.000	1.030	
391	33	-15	4	1	-2	0	384	0.375	0.375	418	0.559	1.589	420	0.625	0.625	419	0.625	1.125	392	0.625	1.250	
392	34	-15	4	1	1	0	160	0.125	0.125	441	0.375	0.375	136	0.479	1.530	96	0.500	0.875	359	0.625	0.625	
393	28	-10	4	2	1	0	9	0.500	1.125	482	0.750	1.000	433	0.750	0.750	268	0.854	1.464	43	0.875	1.125	
394	26	-2	4	-1	2	0	204	0.125	0.125	104	0.500	1.125	52	0.750	1.125	311	0.750	0.875	19	0.875	0.875	
395	34	-12	4	0	1	0	53	0.375	1.000	277	0.500	0.500	202	0.625	0.625	380	0.750	0.905	182	0.750	0.750	
396	25	4	4	-1	0	4	157	0.500	0.500	176	0.625	1.030	271	1.125	1.155	274	1.125	0.905	209	1.184	1.479	
397	28	2	4	1	0	0	286	0.125	0.125	170	0.375	0.375	220	0.375	0.375	458	0.500	0.500	64	0.500	1.250	
398	35	7	4	-1	2	1	279	0.125	0.125	414	0.625	0.625	425	0.750	0.875	285	0.875	1.030	78	1.000	0.625	
399	35	-2	4	-2	1	1	174	0.250	0.250	56	0.479	1.155	151	0.750	0.655	411	0.750	0.750	32	0.854	1.589	
400	22	0	4	1	2	0	473	0.375	1.250	40	0.375	0.375	461	0.500	1.375	47	0.500	0.500	68	0.604	1.500	
401	23	-2	4	0	1	0	312	0.604	1.589	422	0.625	1.155	400	0.729	1.464	290	0.729	1.714	62	0.750	0.905	
402	32	-15	4	-1	-2	0	339	0.375	0.375	28	0.604	1.280	391	0.625	0.625	275	0.729	1.604	466	0.729	1.589	
403	29	0	4	0	1	0	338	0.250	1.125	437	0.375	0.375	11	0.604	1.589	458	0.604	1.589	84	0.604	1.375	
404	19	-1	4	1	-2	0	477	0.479	1.280	10	0.729	1.589	114	0.750	0.625	443	0.854	1.604	435	0.934	1.375	
405	21	-15	4	1	-1	0	365	0.375	0.375	120	0.500	1.375	465	0.655	0.655	249	0.750	1.625	207	0.750	0.750	
406	35	0	4	1	2	1	431	0.375	0.375	201	0.625	0.625	221	0.750	1.500	203	1.000	1.375	171	1.125	0.750	
407	19	-3	4	2	-1	0	457	0.375	0.375	295	0.500	0.500	334	0.750	0.750	70	0.750	1.125	111	0.854	1.354	
408	28	-2	4	0	-1	0	470	0.375	0.375	5	0.500	0.500	327	0.604	1.375	362	0.625	0.625	474	0.625	0.780	
409	31	-3	4	0	1	0	107	0.375	0.375	212	0.375	1.125	340	0.500	0.500	427	0.625	1.280	150	0.750	0.750	
410	28	-8	4	1	-1	0	293	0.250	0.250	193	0.500	0.500	206	0.854	1.707	162	1.030	0.604	357	1.030	0.854	
411	35	-1	4	-1	1	0	406	0.500	1.250	102	0.604	1.839	56	0.625	1.125	171	0.750	0.750	399	0.750	0.625	
412	31	-4	4	1	0	0	353	0.500	0.500	30	0.625	0.625	150	0.625	0.625	264	0.750	0.750	129	0.854	1.479	
413	29	4	4	-1	0	0	321	0.375	0.375	222	0.500	0.500	352	0.625	0.625	95	0.729	1.375	436	0.750	0.625	
414	34	7	4	-1	2	1	285	0.375	1.375	279	0.500	0.500	78	0.625	0.625	446	0.625	0.625	398	0.625	0.625	
415	31	3	4	2	1	0	283	0.625	0.625	387	0.625	0.625	429	0.684	1.714	35	0.729	1.589	332	0.750	0.750	
416	25	1	4	-1	-1	1	238	0.854	1.589	311	0.964	0.964	47	0.979	1.354	104	0.979	1.229	52	0.979	1.479	
417	31	4	4	0	-1	0	38	0.125	0.125	232	0.500	0.500	332	0.500	1.250	345	0.625	0.625	99	0.750	0.625	
418	34	-17	4	-1	-2	0	180	0.625	0.625	494	0.625	0.750	251	0.750	0.750	419	1.000	0.780	402	1.311	1.184	
419	33	-16	4	-2	-1	14	420	0.500	0.500	384	0.750	0.625	252	0.750	0.750	251	0.750	0.750	402	0.875	0.780	
420	33	-15	4	-1	0	1	384	0.250	0.250	402	0.375	1.000	419	0.500	0.500	177	0.625	0.780	391	0.625	0.625	
421	23	-14	4	-1	-1	3	190	0.250	0.250	161	0.625	1.125	98	0.750	0.750	34	0.750	0.750	465	0.750	0.750	
422	22	-1	4	-1	2	0	347	0.125	0.125	62	0.500	0.500	400	0.500	1.375	312	0.625	0.750	40	0.625	1.000	
423	34	6	4	2	1	0	273	0.250	0.250	279	0.479	1.375	78	0.500	0.500	398	0.604	1.280	414	0.625	1.125	
424	31	6	4	-1	2	0	57	0.250	0.250	46	0.479	1.375	272	0.500	0.500	168	0.625	0.875	148	0.684	1.464	
425	35	8	4	-2	-1	8	119	0.854	1.464	138	0.854	1.464	414	0.875	1.030	398	0.875	0.750	279	1.000	0.625	
426	26	-5	4	-1	-2	3	298	0.500	1.375	165	0.625	1.250	86	0.750	0.655	116	0.750	1.000	358	0.839	0.839	
427	32	-2	4	1	1	0	129	0.375	0.375	137	0.729	1.714	368	0.750	0.750	90	0.854	1.155	445	0.957	1.457	
428	30	-10	4	1	-1	0	1	0.479	1.155	76	0.479	1.405	459	0.500	1.375	127	0.854	1.464	227	0.854	1.589	
429	33	4	4	1	0	0	183	0.500	0.500	276	0.500	1.250	59	0.875	1.125	481	0.979	1.625	273	1.104	1.464	
430	31	6	4	0	-1	0	198	0.500	1.000	364	0.500	0.500	308	0.625	1.030	355	0.729	1.714	168	0.750	1.000	
431	35	0	4	1	0	0	201	0.250	0.250	406	0.375	0.375	171	0.875	0.875	411	1.125	0.750	221	1.125	1.229	
432	32	-11	4	-1	-1	0	131	0.125	0.125	344	0.250	0.250	442	0.479	1.155	14	0.604	1.714	29	0.625	1.250	
433	28	-10	4	-2	1	0	482	0.625	1.000	393	0.750	0.750	24	0.854	1.375	33	0.875	0.500	193	0.875	1.479	
434	20	3	4	-1	-2	4	108	0.729	1.589	323	0.750	0.625	139	0.750	1.250	498	0.854	1.839	452	0.875	0.875	
435	20	-3	4	-1	0	7	0	0.375	1.375	70	0.375	0.375	69	0.500	1.000	457	0.500	0.875	261	0.604	1.589	
436	29	5	4	-1	-2	2	22	0.125	0.125	321	0.500	1.125	81	0.500	1.125	413	0.625	0.750	82	0.729	1.589	
437	28	0	4	0	1	0	84	0.375	1.000	403	0.375	0.375	450	0.500	0.500	338	0.625	0.780	483	0.750	0.750	
438	23	-1	4	-1	0	1	296	0.125	0.125	347	0.375	1.125	422	0.500	1.000	154	0.604	1.839	312	0.625	1.030	
439	35	-6	4	2	-1	0	71	0.500	0.500	75	0.750	0.750	385	0.875	0.750	464	1.000	1.030	92	1.214	1.184	
440	25	1	4	1	0	0	336	0.125	0.125	105	0.625	0.625	313	0.625	0.780	307	0.729	1.375	416	0.750	0.750	
441	34	-15	4	-1	2	1	392	0.375	0.375	160	0.500	0.500	359	0.500	0.500	96	0.500	1.250	177	0.729	1.479	
442	31	-12	4	-2	1	1	14	0.500	1.375	67	0.500	1.125	227	0.625	1.625	29	0.625	0.625	43	0.684	1.464	
443	21	-2	4	2	1	0	10	0.250	0.250	62	0.479	1.280	111	0.500	0.500	4	0.559	1.589	491	0.625	0.625	
444	29	7	4	0	-1	0	270	0.125	0.125	499	0.375	1.125	372	0.500	0.500	280	0.500	0.500	314	0.625	0.625	
445	35	-2	4	0	-1	0	480	0.250	1.125	218	0.854	1.875	315	0.979	1.832	399	1.000	0.625	56	1.030	1.030	
446	33	7	4	1	2	0	138	0.375	0.375	285	0.479	1.280	453	0.625	0.625	414	0.625	0.625	45	0.750	0.750	
447	27	7	4	0	1	0	41	0.375	1.125	325	0.625	1.030	36	0.875	1.125	280	1.000	1.125	124	1.125	0.964	
448	33	-5	4	-2	-1	2	126	0.604	1.375	149	0.750	1.155	239	0.979	1.479	32	1.000	1.000	218	1.000	1.000	
449	29	-13	4	-1	2	0	476	0.655	0.655	205	0.750	1.250	292	0.750	0.750	227	0.875	1.000	317	0.979	1.280	
450	28	0	4	-1	0	0	483	0.250	0.250	437	0.500	0.500	84	0.500	0.500	388	0.625	0.780	11	0.750	0.750	
451	21	-13	4	0	-1	0	188	0.604	1.250	462	0.625	0.625	465	0.625	1.155	337	0.625	0.780	181	0.750	1.125	
452	20	3	4	1	1	0	139	0.750	0.750	434	0.875	0.875	217	1.000	1.000	278	1.000	0.375	109	1.125	0.875	
453	33	7	4	1	-1	0	45	0.125	0.125	119	0.250	0.250	423	0.479	1.155	389	0.625	1.250	446	0.625	0.625	
454	33	-14	4	1	-1	0	160	0.479	1.155	96	0.500	1.375	384	0.500	1.375	236	0.500	1.000	339	0.530	0.530	
455	35	3	4	-1	-2	2	49	0.500	0.500	258	0.625	0.875	130	0.684	1.464	221	0.750	0.875	141	0.750	0.750	
456	27	-6	4	1	1	0	460	0.625	0.625	471	0.750	0.625	39	0.979	1.125	86	1.000	1.000	200	1.061	1.061	
457	19	-3	4	0	-1	0	407	0.375	0.375	334	0.375	1.125	0	0.500	0.500	224	0.500	0.500	61	0.604	1.375	
458	28	2	4	0	1	0	220	0.125	0.125	112	0.375	1.125	397	0.500	0.500	11	0.500	0.500	242	0.604	1.589	
459	31	-10	4	1	1	0	206	0.625	0.875	127	0.655	0.655	76	0.750	0.750	331	0.854	1.589	187	0.854	1.339	
460	27	-7	4	1	0	0	471	0.604	1.250	410	0.729	1.280	293	0.729	1.030	456	0.750	0.625	357	0.750	0.750	
461	22	1	4	-1	2	0	473	0.125	0.125	310	0.625	0.625	322	0.625	0.625	253	0.655	0.655	155	0.750	0.750	
462	20	-13	4	-1	-1	0	379	0.604	1.405	451	0.625	0.625	337	0.625	1.375	188	0.750	0.625	207	1.089	1.000	
463	21	-2	4	-1	1	0	111	0.125	0.125	154	0.500	0.500	347	0.530	0.530	319	0.625	0.750	7	0.625	0.625	
464	34	-7	4	-1	-2	2	346	0.500	0.500	140	0.604	1.280	331	0.854	1.479	234	0.875	1.030	305	0.875	1.030	
465	22	-14	4	1	-2	0	190	0.500	0.500	249	0.604	1.280	161	0.625	0.625	207	0.729	1.375	284	0.750	1.000	
466	30	-16	4	-2	-1	15	275	0.250	0.250	488	0.500	0.500	244	0.750	0.780	6	0.854	1.375	260	1.125	0.875	
467	25	-1	4	0	-1	11	243	0.729	1.714	311	0.750	0.625	211	0.750	0.750	52	0.750	0.750	104	0.750	1.000	
468	31	-4	4	-1	0	0	340	0.375	0.375	107	0.500	0.500	353	0.500	0.500	156	0.625	0.780	37	0.729	1.280	
469	35	-13	4	1	-2	0	178	0.375	1.250	370	0.500	0.500	136	0.875	1.000	492	0.875	1.125	420	0.979	1.479	
470	27	-2	4	0	-1	9	327	0.375	1.000	408	0.375	0.375	360	0.604	1.589	373	0.625	0.780	144	0.750	0.905	
471	28	-6	4	0	1	0	237	0.604	1.839	456	0.625	0.625	86	0.750	1.125	335	0.854	1.589	358	0.875	0.875	
472	34	-8	4	-1	2	1	371	0.250	0.250	140	0.625	0.875	71	0.729	1.375	77	0.729	1.714	324	0.750	0.750	
473	22	1	4	-1	1	0	461	0.125	0.125	238	0.530	0.530	253	0.530	0.530	322	0.625	0.750	312	0.625	0.625	
474	29	-3	4	-1	-1	2	497	0.354	1.280	356	0.479	1.405	237	0.729	1.589	233	0.750	1.125	408	0.780	0.625	
475	30	-6	4	-2	-1	7	172	0.375	1.250	266	0.625	0.875	54	0.684	1.714	478	0.729	1.714	39	0.729	1.464	
476	28	-14	4	-1	1	0	351	0.500	0.500	60	0.530	0.530	166	0.604	1.155	317	0.625	0.625	25	0.729	1.589	
477	20	-2	4	1	-2	0	491	0.604	1.500	10	0.625	0.875	194	0.684	1.464	0	0.729	1.375	457	0.750	0.905	
478	28	-7	4	-1	-1	0	135	0.125	0.125	54	0.250	0.250	86	0.530	0.530	357	0.625	0.875	410	0.625	1.375	
479	29	0	4	1	-1	0	302	0.625	1.000	487	0.854	1.589	408	0.854	1.339	483	0.875	0.875	118	0.979	1.714	
480	35	-3	4	1	-1	0	267	0.375	0.375	315	0.854	1.479	151	1.000	1.000	92	1.030	0.604	174	1.125	1.125	
481	35	4	4	2	1	0	23	0.125	0.125	49	0.625	0.625	13	0.750	0.750	423	0.839	0.839	375	0.875	0.750	
482	28	-9	4	0	1	0	193	0.375	1.125	268	0.750	0.750	200	0.854	1.280	293	0.875	0.875	393	1.000	0.625	
483	28	0	4	-1	-1	0	450	0.250	0.250	388	0.530	0.530	311	0.604	1.714	84	0.750	0.750	470	0.854	1.839	
484	30	8	4	2	1	0	148	0.125	0.125	164	0.750	0.750	378	0.750	0.875	124	0.875	0.875	430	0.979	1.464	
485	29	3	4	-1	-2	5	11	0.479	1.375	64	0.500	1.125	222	0.500	0.500	413	0.750	0.750	286	0.875	1.030	
486	35	-15	4	-2	1	0	359	0.375	0.375	110	0.625	0.625	441	0.625	0.875	72	0.729	1.589	492	0.750	0.750	
487	31	1	4	1	1	0	259	0.375	0.375	265	0.655	0.655	35	0.729	1.714	283	0.750	0.750	363	0.875	0.875	
488	30	-16	4	1	-2	0	466	0.500	0.500	15	0.729	1.280	275	0.750	0.750	260	0.750	0.750	339	0.964	0.964	
489	31	-15	4	-1	0	1	28	0.500	0.500	466	0.625	1.155	142	0.875	0.625	275	0.875	0.905	476	0.934	1.957	
490	31	5	4	2	1	0	198	0.250	0.250	199	0.500	0.875	272	0.604	1.375	57	0.625	0.875	424	0.750	1.125	
491	21	-3	4	2	-1	0	20	0.375	1.000	208	0.479	1.405	10	0.625	0.625	443	0.625	0.625	194	0.625	1.250	
492	35	-14	4	-1	1	0	72	0.354	1.405	178	0.500	0.500	136	0.500	0.500	303	0.604	1.589	441	0.655	0.655	
493	19	0	4	-1	2	2	240	0.250	0.250	374	0.500	1.375	250	0.625	0.625	278	0.729	1.589	121	0.750	0.625	
494	34	-18	4	-1	0	4	251	0.625	0.780	418	0.750	0.625	110	0.964	0.964	419	1.125	0.964	297	1.125	0.500	
495	26	-3	4	1	1	0	204	0.500	1.375	373	0.500	0.500	144	0.625	0.625	394	0.625	1.250	5	0.854	1.839	
496	33	2	4	0	-1	0	306	0.250	1.125	35	0.375	0.375	27	0.604	1.589	130	0.625	1.280	143	0.729	1.714	
497	28	-4	4	-1	0	0	356	0.125	0.125	233	0.375	0.375	39	0.375	0.375	237	0.375	1.125	426	0.729	1.714	
498	19	1	4	-1	-2	21	108	0.250	0.250	250	0.375	1.000	114	0.684	1.464	374	1.000	1.000	386	1.000	1.125	
499	29	6	4	1	-1	0	314	0.530	0.530	490	0.604	1.714	198	0.604	1.714	436	0.625	1.250	22	0.750	1.125	
