# states in shortest path from s to t
17

# shortest path from s to t
26	-34	4	-1	0
25	-34	4	-1	0
24	-34	4	-1	0
23	-34	4	-2	-1
21	-35	4	-1	0
20	-35	4	-1	0
19	-35	4	-1	1
18	-34	4	-1	1
17	-33	4	-1	1
16	-32	4	-1	1
15	-31	4	-1	2
14	-29	4	-1	2
13	-27	4	0	1
13	-26	4	-1	2
12	-24	4	-1	2
11	-22	4	-1	1
10	-21	4	-1	0

# cost of shortest path
6.063

# Line i represents a sample taken at time i. The sample corresponds to a discrete state.
# Line Format: [sample ID] [x] [y] [z] [x-component of yaw] [y-component of yaw] [U: marginal coverage]
#              [sample ID of nearest neighbor 1] [shortest path cost to nearest neighbor 1] [shortest path cost from nearest neighbor 1]
#              ...
#              [sample ID of nearest neighbor k] [shortest path cost to nearest neighbor k] [shortest path cost from nearest neighbor k]
0	35	-35	4	0	1	26	462	0.125	0.125	303	0.375	1.250	477	0.500	0.500	364	0.625	0.625	127	0.875	1.464	
1	15	-31	4	1	-2	68	405	0.125	0.125	274	0.250	0.250	421	0.375	0.375	211	0.500	0.500	168	0.625	0.625	
2	19	-35	4	-2	-1	28	177	0.375	0.375	395	0.625	1.125	251	0.655	0.655	94	0.750	0.750	57	0.750	0.750	
3	15	-34	4	1	1	156	432	0.250	0.250	475	0.375	0.375	291	0.500	1.250	425	0.625	0.625	481	0.625	1.375	
4	22	-36	4	1	1	103	228	0.250	0.250	35	0.375	0.375	265	0.530	0.530	119	0.604	1.589	434	0.604	1.155	
5	27	-35	4	0	-1	0	155	0.125	0.125	285	0.250	0.250	326	0.500	0.500	317	0.500	0.500	101	0.500	0.500	
6	12	-24	4	-1	-2	97	171	0.500	0.500	495	0.854	1.250	80	0.979	1.479	44	1.000	1.375	144	1.000	0.750	
7	13	-28	4	2	1	120	30	0.500	0.500	426	0.750	0.750	36	0.875	0.875	499	0.875	1.000	129	0.875	0.875	
8	21	-36	4	1	0	61	294	0.125	0.125	213	0.250	0.250	4	0.375	1.125	35	0.500	1.250	265	0.625	0.625	
9	10	-21	4	-2	1	55	62	0.625	0.625	115	0.750	0.750	32	0.780	0.750	494	0.905	0.854	368	1.000	1.000	
10	14	-32	4	-2	1	28	423	0.604	1.500	85	0.625	0.625	67	0.625	0.625	60	0.750	1.000	344	0.750	0.750	
11	17	-14	4	2	-1	44	459	0.250	0.250	314	0.375	0.375	95	0.375	1.000	436	0.375	1.375	320	0.500	0.500	
12	13	-22	4	1	0	20	380	0.125	0.125	264	0.250	0.250	162	0.375	0.375	399	0.375	0.375	378	0.500	0.500	
13	29	-36	4	1	-1	10	298	0.250	0.250	202	0.375	0.375	106	0.500	1.375	233	0.530	0.530	181	0.625	1.250	
14	16	-36	4	-2	1	22	100	0.250	0.250	254	0.375	0.375	263	0.500	0.500	467	0.625	0.625	476	0.750	0.750	
15	34	-31	4	-1	-1	13	381	0.354	1.280	56	0.479	1.530	309	0.500	1.375	321	0.530	0.530	430	0.625	0.625	
16	23	-35	4	0	-1	0	457	0.125	0.125	283	0.604	1.250	497	0.750	0.750	119	0.750	0.625	402	0.750	1.125	
17	31	-31	4	1	0	4	485	0.250	1.250	422	0.375	0.375	325	0.375	1.000	65	0.500	0.500	350	0.500	0.500	
18	30	-32	4	2	-1	6	357	0.375	1.000	301	0.479	1.280	150	0.559	1.589	323	0.625	1.125	415	0.625	1.250	
19	27	-35	4	-1	2	9	139	0.125	0.125	103	0.250	0.250	326	0.375	0.375	449	0.375	1.250	307	0.479	1.155	
20	32	-34	4	-1	0	9	148	0.125	0.125	331	0.375	0.375	134	0.375	1.000	260	0.375	0.375	78	0.375	0.375	
21	20	-14	4	1	-2	19	250	0.250	0.250	273	0.500	0.875	272	0.500	1.125	55	0.500	1.250	128	0.625	0.625	
22	33	-30	4	0	-1	13	347	0.500	0.500	306	0.500	0.500	376	0.500	0.500	469	0.604	1.589	15	0.625	0.780	
23	13	-24	4	2	1	17	162	0.500	0.500	171	0.625	0.625	310	0.625	1.250	495	0.625	0.625	483	0.750	0.750	
24	12	-26	4	-2	-1	3	64	0.125	0.125	382	0.625	0.750	413	0.625	0.625	247	0.625	0.625	482	0.750	1.000	
25	26	-34	4	1	-1	0	156	0.125	0.125	385	0.250	0.250	101	0.354	1.280	285	0.479	1.530	5	0.479	1.280	
26	35	-31	4	1	-1	2	472	0.250	0.250	225	0.250	0.250	321	0.500	1.375	400	0.750	0.750	92	0.750	0.750	
27	29	-33	4	1	-1	0	230	0.354	1.405	374	0.375	0.375	201	0.479	1.280	498	0.500	1.375	43	0.604	1.714	
28	32	-34	4	0	1	5	257	0.250	1.250	150	0.500	1.000	271	0.500	0.500	20	0.500	0.500	362	0.625	0.625	
29	32	-29	4	1	-2	1	387	0.500	0.500	347	0.604	1.375	47	0.625	0.625	166	0.625	0.625	45	0.655	0.655	
30	13	-27	4	1	0	4	426	0.250	0.250	80	0.375	0.375	7	0.500	0.500	79	0.604	1.250	286	0.750	0.750	
31	33	-36	4	2	-1	0	407	0.125	0.125	186	0.250	0.250	396	0.375	1.250	96	0.500	1.375	424	0.625	0.625	
32	11	-20	4	-2	1	27	330	0.250	0.250	209	0.500	0.500	9	0.750	0.780	66	0.750	0.750	339	0.750	0.750	
33	34	-29	4	-1	-2	14	190	0.250	0.250	178	0.375	0.375	61	0.375	0.375	376	0.500	1.375	340	0.500	1.000	
34	32	-31	4	-2	1	2	229	0.375	1.375	469	0.500	0.500	346	0.500	1.125	151	0.625	0.625	361	0.625	1.250	
35	22	-36	4	2	-1	0	4	0.375	0.375	394	0.500	0.500	440	0.625	1.000	484	0.729	1.479	318	0.839	0.839	
36	13	-28	4	-1	-1	5	386	0.479	1.280	382	0.530	0.530	79	0.625	0.625	439	0.625	0.625	227	0.625	0.750	
37	12	-22	4	-2	-1	15	239	0.125	0.125	104	0.375	0.375	267	0.500	0.500	494	0.500	1.000	215	0.655	0.655	
38	15	-17	4	2	-1	13	258	0.375	0.375	138	0.500	1.375	219	0.625	0.625	149	0.625	0.625	53	0.750	0.655	
39	20	-36	4	-1	0	11	395	0.625	1.000	384	0.750	0.750	57	0.875	0.500	232	0.875	0.875	2	0.875	0.905	
40	12	-22	4	2	-1	13	212	0.125	0.125	12	0.375	1.250	264	0.375	1.250	399	0.500	1.125	144	0.500	0.500	
41	33	-36	4	-1	1	1	216	0.354	1.405	78	0.354	1.280	424	0.500	0.500	51	0.604	1.714	186	0.625	0.625	
42	13	-26	4	0	1	175	286	0.125	0.125	495	0.375	1.000	413	0.375	0.375	174	0.375	1.250	80	0.500	0.500	
43	31	-34	4	2	-1	0	468	0.250	0.250	271	0.500	0.500	134	0.500	0.500	418	0.500	0.500	269	0.604	1.375	
44	12	-26	4	1	0	2	80	0.375	1.375	176	0.375	0.375	286	0.500	1.000	266	0.500	0.500	137	0.500	0.500	
45	31	-30	4	1	-1	0	350	0.125	0.125	325	0.354	1.405	485	0.479	1.155	229	0.625	1.250	422	0.625	1.000	
46	17	-33	4	-1	2	15	76	0.375	0.375	304	0.625	0.875	451	0.625	0.625	109	0.750	1.000	73	0.750	0.750	
47	33	-29	4	-1	-2	16	387	0.125	0.125	59	0.625	0.625	410	0.625	0.625	29	0.625	0.625	190	0.625	0.625	
48	12	-19	4	0	-1	13	262	0.125	0.125	72	0.250	0.250	152	0.500	0.500	66	0.604	1.839	88	0.625	1.155	
49	15	-31	4	1	2	13	487	0.375	1.000	116	0.375	1.250	60	0.500	0.500	405	0.625	0.625	355	0.625	1.625	
50	15	-34	4	-2	-1	3	475	0.750	0.750	481	0.750	0.750	100	0.839	0.839	432	0.875	0.875	291	0.875	0.875	
51	31	-35	4	-2	-1	8	287	0.375	1.250	270	0.500	0.500	169	0.500	0.500	474	0.559	1.589	479	0.625	0.625	
52	21	-14	4	1	-1	7	128	0.375	0.375	489	0.500	1.375	375	0.625	0.625	273	0.655	0.655	250	0.750	0.750	
53	16	-16	4	1	-1	11	315	0.125	0.125	491	0.250	0.250	246	0.375	0.375	297	0.500	0.500	465	0.625	0.625	
54	14	-21	4	-1	2	45	183	0.500	0.500	147	0.500	0.500	416	0.625	0.875	159	0.729	1.155	334	0.729	1.714	
55	20	-15	4	-1	-1	16	272	0.375	0.375	486	0.530	0.530	273	0.625	0.625	276	0.625	0.625	414	0.750	1.125	
56	33	-32	4	-1	-1	6	381	0.250	0.250	260	0.354	1.280	151	0.500	1.000	111	0.604	1.714	469	0.750	1.125	
57	20	-35	4	0	-1	0	135	0.375	0.375	177	0.375	0.375	420	0.500	0.500	8	0.604	1.250	238	0.625	0.625	
58	28	-35	4	0	1	0	207	0.125	0.125	322	0.250	0.250	164	0.375	0.375	19	0.500	0.500	139	0.625	0.625	
59	33	-29	4	1	0	0	178	0.250	1.125	347	0.375	0.375	190	0.375	1.000	429	0.500	1.000	77	0.500	0.500	
60	14	-31	4	0	1	6	85	0.375	0.375	259	0.375	1.375	398	0.375	1.000	49	0.500	0.500	423	0.500	0.500	
61	34	-29	4	-1	0	6	410	0.250	1.125	33	0.375	0.375	47	0.375	1.000	430	0.375	0.375	427	0.500	0.500	
62	10	-22	4	-2	1	16	9	0.625	0.625	455	0.750	0.750	115	0.750	1.250	32	0.839	0.839	209	0.905	0.625	
63	30	-34	4	-1	2	0	498	0.375	1.250	379	0.375	1.125	335	0.500	0.500	295	0.604	1.500	140	0.625	0.875	
64	12	-26	4	-1	0	37	24	0.125	0.125	413	0.500	0.500	247	0.500	0.500	382	0.625	0.625	240	0.750	0.625	
65	31	-32	4	2	-1	0	357	0.125	0.125	205	0.375	1.250	418	0.500	0.500	323	0.500	0.500	442	0.500	1.375	
66	11	-21	4	-1	-1	47	209	0.250	0.250	372	0.375	0.375	62	0.479	1.155	494	0.500	0.875	37	0.655	0.655	
67	14	-33	4	-2	1	0	10	0.750	0.625	360	0.780	0.750	291	0.875	0.625	423	0.979	1.589	214	1.000	0.750	
68	13	-29	4	-2	1	36	227	0.250	0.250	369	0.375	0.375	129	0.479	1.500	386	0.625	1.000	499	0.655	0.655	
69	17	-35	4	1	0	3	435	0.250	1.125	458	0.250	1.125	443	0.250	1.375	403	0.375	0.375	406	0.375	1.000	
70	13	-31	4	-2	-1	2	245	0.375	1.250	97	0.500	0.875	423	0.500	0.500	211	0.750	0.750	293	0.750	0.625	
71	35	-27	4	1	2	4	444	0.750	0.625	252	0.875	0.780	196	0.875	0.875	367	1.000	1.000	471	1.125	1.125	
72	12	-19	4	-1	-1	31	48	0.250	0.250	152	0.250	0.250	262	0.375	0.375	32	0.479	1.155	339	0.604	1.155	
73	16	-33	4	-1	1	0	304	0.125	0.125	109	0.250	0.250	344	0.479	1.280	360	0.604	1.405	481	0.625	0.875	
74	32	-29	4	-1	2	2	496	0.125	0.125	166	0.375	0.375	410	0.750	0.625	132	0.875	0.905	473	0.979	1.155	
75	18	-13	4	-1	1	6	187	0.125	0.125	359	0.530	0.530	107	0.625	0.625	408	0.750	0.750	320	0.854	1.155	
76	17	-33	4	-1	0	2	304	0.250	1.250	109	0.375	1.375	46	0.375	0.375	73	0.375	1.125	133	0.604	1.405	
77	33	-30	4	2	1	0	347	0.125	0.125	376	0.500	1.125	59	0.500	0.500	429	0.604	1.500	22	0.625	0.625	
78	32	-35	4	-1	0	0	433	0.375	0.375	20	0.375	0.375	216	0.375	0.375	270	0.500	1.000	51	0.500	1.250	
79	14	-28	4	0	-1	11	332	0.375	0.375	336	0.500	0.500	293	0.604	1.839	36	0.625	0.625	68	0.729	1.375	
80	13	-26	4	1	0	0	30	0.375	0.375	286	0.375	0.375	42	0.500	0.500	495	0.500	0.500	426	0.625	0.625	
81	29	-36	4	-1	1	0	474	0.125	0.125	308	0.250	0.250	207	0.354	1.405	58	0.479	1.280	164	0.604	1.405	
82	21	-14	4	-2	1	6	299	0.375	0.375	128	0.500	0.500	375	0.500	0.500	276	0.500	1.250	125	0.625	1.125	
83	25	-35	4	-1	-2	7	126	0.375	1.125	349	0.500	1.125	337	0.604	1.280	119	0.750	0.750	261	0.750	1.250	
84	30	-35	4	0	-1	0	233	0.250	0.250	193	0.375	0.375	98	0.375	0.375	287	0.500	0.500	202	0.625	1.155	
85	14	-31	4	-2	1	0	70	0.375	1.375	60	0.375	0.375	168	0.500	0.500	10	0.625	0.625	358	0.625	0.625	
86	35	-29	4	-1	1	14	61	0.625	1.125	256	0.655	0.655	438	0.750	0.625	429	0.750	0.750	444	0.854	1.589	
87	13	-19	4	1	0	10	342	0.375	1.375	255	0.500	0.500	478	0.604	1.250	208	0.625	1.155	244	0.625	1.030	
88	13	-20	4	1	-2	1	461	0.125	0.125	478	0.500	0.500	183	0.604	1.280	161	0.625	1.250	267	0.729	1.375	
89	30	-33	4	1	-1	0	468	0.354	1.405	43	0.479	1.405	415	0.500	0.500	498	0.500	0.500	301	0.500	1.000	
90	19	-15	4	-1	-2	6	414	0.375	0.375	272	0.625	0.625	470	0.750	0.750	55	0.750	0.625	320	0.839	0.839	
91	16	-36	4	1	-2	1	467	0.125	0.125	254	0.375	0.375	100	0.500	0.500	223	0.625	0.625	14	0.750	0.750	
92	35	-32	4	2	1	0	141	0.375	0.375	225	0.500	0.500	26	0.750	0.750	400	0.875	1.125	321	0.875	0.875	
93	34	-26	4	-1	1	4	383	0.250	0.250	252	0.375	0.375	194	1.000	1.000	367	1.125	0.250	180	1.125	1.000	
94	19	-35	4	2	-1	0	120	0.250	0.250	177	0.375	0.375	135	0.375	1.125	480	0.479	1.155	122	0.500	1.125	
95	18	-14	4	1	-1	2	241	0.125	0.125	436	0.375	0.375	235	0.604	1.714	90	0.604	1.155	408	0.625	0.625	
96	34	-36	4	2	1	0	396	0.125	0.125	105	0.500	1.125	0	0.604	1.375	477	0.625	0.875	492	0.655	0.655	
97	12	-31	4	-1	-2	6	333	0.625	0.625	245	0.625	0.625	211	0.875	0.875	70	0.875	0.500	168	1.000	1.000	
98	29	-35	4	0	-1	0	84	0.375	0.375	13	0.375	1.125	317	0.500	0.500	202	0.500	1.250	289	0.604	1.250	
99	21	-13	4	-1	2	0	125	0.250	0.250	341	0.375	0.375	401	0.500	0.500	397	0.750	1.125	82	0.875	0.625	
100	16	-36	4	-2	-1	7	254	0.125	0.125	14	0.250	0.250	467	0.375	0.375	91	0.500	0.500	263	0.500	0.500	
101	27	-35	4	1	0	0	285	0.250	0.250	322	0.375	1.125	317	0.375	1.000	391	0.500	0.500	298	0.604	1.589	
102	33	-32	4	0	1	0	309	0.250	1.125	112	0.500	0.500	388	0.500	0.500	381	0.500	0.500	242	0.604	1.589	
103	27	-35	4	-2	1	3	326	0.125	0.125	139	0.125	0.125	19	0.250	0.250	236	0.375	1.375	155	0.500	0.500	
104	12	-22	4	-1	1	0	239	0.250	0.250	209	0.354	1.280	37	0.375	0.375	267	0.625	0.625	416	0.655	0.655	
105	35	-36	4	1	-2	1	462	1.125	1.125	96	1.125	0.500	364	1.155	0.854	396	1.250	0.625	363	1.250	0.500	
106	30	-36	4	1	1	0	181	0.125	0.125	289	0.250	0.250	210	0.479	1.280	270	0.604	1.155	308	0.625	0.625	
107	18	-14	4	-1	0	8	192	0.250	1.125	359	0.250	1.125	320	0.375	1.000	187	0.500	0.500	356	0.604	1.839	
108	16	-34	4	0	1	1	73	0.250	1.125	304	0.375	1.000	493	0.500	0.500	344	0.604	1.589	3	0.625	0.625	
109	16	-33	4	-1	0	2	304	0.125	0.125	73	0.250	0.250	481	0.375	1.125	291	0.500	1.000	214	0.500	0.875	
110	19	-13	4	2	1	2	52	0.729	1.714	235	0.839	0.839	128	0.854	1.354	21	0.875	1.280	95	0.905	0.854	
111	31	-33	4	-2	-1	7	312	0.375	1.125	201	0.479	1.375	415	0.500	1.000	230	0.604	1.280	479	0.625	0.625	
112	33	-32	4	1	0	0	222	0.375	1.125	102	0.500	0.500	167	0.604	1.839	352	0.625	0.780	302	0.729	1.714	
113	24	-36	4	-1	-2	2	337	0.500	0.500	126	0.625	0.625	283	0.625	0.625	402	0.625	1.250	457	0.780	0.750	
114	14	-30	4	-1	-2	1	358	0.250	0.250	168	0.500	1.125	398	0.500	0.500	70	0.604	1.500	211	0.625	1.250	
115	10	-21	4	2	1	16	372	0.500	1.125	368	0.500	1.000	455	0.625	0.625	212	0.729	1.464	9	0.750	0.750	
116	15	-30	4	-1	1	2	454	0.354	1.405	280	0.479	1.530	487	0.500	0.500	358	0.500	1.250	398	0.500	1.000	
117	17	-34	4	1	-1	0	354	0.125	0.125	443	0.354	1.280	435	0.479	1.530	120	0.604	1.714	94	0.604	1.714	
118	24	-35	4	2	-1	0	119	0.125	0.125	349	0.479	1.280	283	0.500	0.500	484	0.625	0.625	145	0.625	0.625	
119	24	-35	4	1	-1	0	118	0.125	0.125	126	0.604	1.155	349	0.604	1.405	16	0.625	0.625	392	0.625	1.250	
120	19	-35	4	2	1	1	94	0.250	0.250	122	0.625	0.875	57	0.625	1.000	135	0.625	1.375	163	0.655	0.655	
121	26	-36	4	-1	1	3	275	0.375	0.375	139	0.530	0.530	292	0.625	0.625	185	0.625	0.625	288	0.625	1.375	
122	20	-35	4	1	2	2	135	0.500	0.500	213	0.655	0.655	480	0.750	0.750	420	0.750	1.250	265	0.750	0.750	
123	34	-35	4	-2	1	3	279	0.375	1.125	477	0.500	0.500	364	0.625	0.625	131	0.625	0.625	148	0.729	1.589	
124	14	-20	4	-1	-1	1	478	0.250	0.250	416	0.479	1.155	161	0.479	1.280	267	0.729	1.839	147	0.750	0.750	
125	21	-13	4	1	2	8	341	0.125	0.125	99	0.250	0.250	401	0.750	0.750	397	1.000	1.125	52	1.000	1.000	
126	25	-36	4	-1	-2	2	349	0.500	0.500	113	0.625	0.625	337	0.750	1.125	457	0.839	0.839	130	0.875	1.000	
127	34	-33	4	1	2	0	352	0.125	0.125	222	0.375	1.000	388	0.500	1.375	92	0.604	1.500	167	0.625	1.250	
128	21	-14	4	-1	-2	12	52	0.375	0.375	55	0.479	1.405	489	0.500	1.000	82	0.500	0.500	250	0.625	0.625	
129	12	-28	4	-1	2	4	319	0.250	0.250	247	0.500	0.875	240	0.625	1.125	30	0.729	1.375	439	0.875	0.875	
130	26	-36	4	1	0	0	391	0.250	1.250	275	0.375	0.375	146	0.625	1.500	288	0.625	0.625	19	0.729	1.375	
131	34	-34	4	-2	-1	6	157	0.375	0.375	282	0.375	0.375	123	0.625	0.625	338	0.625	0.625	363	0.655	0.655	
132	33	-28	4	0	1	6	473	0.250	0.250	444	0.625	1.280	196	0.750	0.905	59	0.875	0.750	429	0.905	0.729	
133	16	-32	4	-1	2	0	344	0.500	0.500	360	0.625	0.875	481	0.655	0.655	116	0.729	1.979	487	0.729	1.625	
134	31	-34	4	-1	-2	3	479	0.250	0.250	468	0.250	0.250	287	0.479	1.375	201	0.500	0.500	43	0.500	0.500	
135	20	-35	4	2	-1	0	57	0.375	0.375	265	0.375	1.250	8	0.479	1.155	122	0.500	0.500	480	0.500	0.500	
136	12	-21	4	1	-2	2	12	0.479	1.375	37	0.500	1.125	161	0.500	0.500	40	0.500	0.875	380	0.604	1.500	
137	12	-25	4	2	1	0	277	0.250	0.250	174	0.500	0.875	495	0.500	1.125	44	0.500	0.500	460	0.729	1.604	
138	16	-17	4	2	1	10	450	0.375	0.375	491	0.500	0.500	431	0.729	1.604	53	0.750	0.750	149	0.750	0.750	
139	27	-35	4	-1	1	0	103	0.125	0.125	19	0.125	0.125	326	0.250	0.250	307	0.479	1.280	121	0.530	0.530	
140	29	-34	4	-2	1	2	335	0.375	0.375	224	0.625	1.125	189	0.750	1.155	164	0.750	0.780	103	0.809	1.339	
141	35	-32	4	0	1	0	92	0.375	0.375	388	0.500	0.500	170	0.500	1.500	400	0.500	0.875	430	0.604	1.589	
142	12	-30	4	-1	-2	6	490	0.250	0.250	97	0.500	1.125	333	0.625	1.000	293	0.750	0.625	168	0.839	0.839	
143	12	-27	4	1	-1	11	266	0.125	0.125	482	0.250	0.250	176	0.250	0.250	7	0.479	1.155	382	0.500	0.500	
144	12	-23	4	1	0	1	212	0.375	0.375	162	0.375	1.375	40	0.500	0.500	399	0.729	1.375	217	0.729	1.375	
145	24	-34	4	2	-1	0	118	0.625	0.625	25	0.625	1.375	288	0.684	1.464	156	0.750	1.250	343	0.750	0.750	
146	28	-36	4	1	1	0	446	0.125	0.125	207	0.500	1.250	13	0.500	1.375	193	0.604	1.714	58	0.625	1.125	
147	14	-21	4	-2	-1	8	54	0.500	0.500	416	0.500	1.375	378	0.604	1.405	161	0.625	0.750	124	0.750	0.625	
148	32	-34	4	-2	-1	3	20	0.125	0.125	331	0.250	0.250	51	0.479	1.280	78	0.500	0.500	479	0.500	1.125	
149	15	-17	4	0	1	0	284	0.250	1.250	329	0.250	1.125	450	0.375	0.375	437	0.375	0.375	491	0.604	1.250	
150	32	-33	4	2	1	0	257	0.250	0.250	205	0.500	0.500	102	0.604	1.375	442	0.625	0.625	222	0.729	1.714	
151	32	-32	4	-2	-1	5	469	0.125	0.125	260	0.500	0.500	34	0.625	0.625	445	0.625	0.875	111	0.750	1.280	
152	12	-19	4	-1	0	0	72	0.250	0.250	48	0.500	0.500	262	0.625	0.625	32	0.625	0.905	339	0.729	1.375	
153	16	-17	4	-1	0	25	219	0.250	1.125	437	0.375	1.250	149	0.500	0.875	258	0.500	0.875	297	0.625	0.625	
154	16	-15	4	2	1	1	351	0.375	1.000	314	0.479	1.405	491	0.500	0.500	459	0.604	1.280	11	0.604	1.030	
155	27	-35	4	-1	-2	8	5	0.125	0.125	285	0.375	0.375	326	0.375	0.375	103	0.500	0.500	236	0.625	0.875	
156	26	-34	4	1	-2	0	25	0.125	0.125	385	0.375	0.375	285	0.479	1.405	5	0.479	1.155	101	0.479	1.375	
157	34	-34	4	-1	1	0	131	0.375	0.375	352	0.500	1.375	260	0.729	1.839	282	0.750	0.750	303	0.750	0.750	
158	12	-29	4	1	2	0	7	0.479	1.500	129	0.500	1.375	319	0.500	1.125	369	0.500	0.500	426	0.729	1.714	
159	15	-20	4	1	1	3	342	0.780	0.625	208	0.964	0.964	278	1.000	0.780	450	1.059	1.957	328	1.089	1.000	
160	22	-35	4	-2	1	4	316	0.250	0.250	497	0.250	0.250	238	0.375	1.250	39	0.729	1.464	420	0.750	1.125	
161	13	-21	4	0	-1	8	378	0.250	1.375	380	0.375	1.000	12	0.500	0.875	136	0.500	0.500	40	0.750	0.905	
162	13	-23	4	1	0	0	12	0.375	0.375	380	0.500	0.500	23	0.500	0.500	460	0.625	0.625	215	0.750	0.750	
163	18	-34	4	1	1	0	173	0.125	0.125	175	0.250	0.250	443	0.625	0.625	493	0.750	0.750	451	0.780	0.625	
164	28	-35	4	-2	1	3	207	0.250	0.250	189	0.375	0.375	326	0.375	1.250	58	0.375	0.375	139	0.375	1.000	
165	19	-13	4	-1	-1	1	107	0.354	1.280	75	0.500	1.375	470	0.625	0.625	187	0.625	1.250	359	0.729	1.589	
166	32	-29	4	1	1	0	496	0.250	0.250	74	0.375	0.375	473	0.479	1.530	132	0.479	1.280	59	0.625	1.125	
167	35	-33	4	1	-1	0	302	0.125	0.125	338	0.530	0.530	92	0.750	0.750	191	0.934	1.214	305	0.964	0.964	
168	14	-31	4	-1	-2	1	211	0.125	0.125	441	0.375	1.250	85	0.500	0.500	390	0.500	1.375	70	0.625	0.875	
169	31	-36	4	-1	0	5	51	0.500	0.500	81	0.625	1.500	474	0.750	1.625	270	0.750	0.750	287	0.750	1.030	
170	35	-30	4	-1	1	0	438	0.125	0.125	61	0.354	1.280	463	0.500	0.500	427	0.500	1.000	410	0.604	1.589	
171	13	-24	4	0	-1	3	6	0.500	0.500	23	0.625	0.625	483	0.625	0.625	24	0.729	1.714	162	0.875	0.750	
172	11	-23	4	1	-1	2	23	0.604	1.714	6	0.604	1.155	144	0.625	1.125	237	0.625	0.625	40	0.875	0.655	
173	18	-34	4	1	2	0	175	0.125	0.125	163	0.125	0.125	493	0.625	0.625	76	0.729	1.375	443	0.750	0.750	
174	13	-25	4	1	2	0	495	0.250	0.250	483	0.500	1.125	277	0.625	0.625	23	0.625	0.875	310	0.750	1.625	
175	18	-34	4	0	1	0	173	0.125	0.125	163	0.250	0.250	493	0.500	0.500	46	0.625	1.155	76	0.729	1.250	
176	12	-27	4	1	0	1	266	0.125	0.125	30	0.250	1.375	143	0.250	0.250	426	0.250	1.125	44	0.375	0.375	
177	19	-35	4	0	-1	0	395	0.250	1.250	94	0.375	0.375	57	0.375	0.375	2	0.375	0.375	480	0.604	1.250	
178	34	-29	4	1	-1	0	190	0.125	0.125	33	0.375	0.375	412	0.479	1.280	340	0.500	1.375	199	0.604	1.155	
179	13	-31	4	1	0	0	211	0.500	0.875	184	0.500	0.500	168	0.625	1.000	218	0.625	0.625	423	0.625	0.625	
180	35	-26	4	1	-1	0	231	0.500	0.500	194	0.530	0.530	471	0.625	0.625	367	0.750	0.750	196	0.979	1.125	
181	30	-36	4	2	1	0	289	0.125	0.125	106	0.125	0.125	188	0.500	1.125	210	0.604	1.375	193	0.625	0.625	
182	18	-15	4	1	1	0	195	0.500	0.875	314	0.530	0.530	459	0.655	0.655	431	0.750	0.750	241	0.750	0.750	
183	14	-21	4	2	1	2	244	0.500	0.500	54	0.500	0.500	159	0.729	1.405	147	1.000	1.000	161	1.000	0.750	
184	13	-30	4	2	1	0	179	0.500	0.500	487	0.625	1.375	259	0.625	0.750	405	0.729	1.714	369	0.750	1.000	
185	26	-35	4	-1	0	0	236	0.125	0.125	83	0.375	1.000	453	0.604	1.250	113	0.604	1.714	121	0.625	0.625	
186	33	-36	4	2	1	0	407	0.125	0.125	31	0.250	0.250	396	0.375	1.000	477	0.479	1.500	96	0.500	1.125	
187	18	-13	4	-2	1	2	75	0.125	0.125	107	0.500	0.500	320	0.729	1.280	359	0.750	0.655	373	0.750	0.750	
188	31	-36	4	2	1	0	466	0.375	1.250	404	0.625	0.750	492	0.729	1.714	186	0.750	1.500	210	0.750	1.000	
189	28	-35	4	-1	-1	5	317	0.375	0.375	164	0.375	0.375	139	0.500	1.375	98	0.625	0.625	5	0.625	0.625	
190	34	-29	4	1	-2	3	178	0.125	0.125	33	0.250	0.250	340	0.375	1.250	387	0.500	0.500	376	0.500	1.125	
191	34	-35	4	1	-2	1	448	0.500	0.500	206	0.625	0.625	419	0.625	0.625	364	0.625	0.625	105	0.750	1.280	
192	17	-14	4	-1	-1	0	320	0.125	0.125	356	0.479	1.530	226	0.479	1.155	359	0.500	0.500	11	0.625	0.625	
193	30	-35	4	2	-1	0	233	0.125	0.125	84	0.375	0.375	345	0.479	1.375	289	0.500	0.500	210	0.625	1.000	
194	34	-27	4	1	-1	0	444	0.500	0.500	180	0.530	0.530	71	0.625	1.250	389	0.780	0.780	196	0.875	0.875	
195	19	-15	4	1	1	0	249	0.479	1.280	273	0.625	1.250	235	0.625	1.000	272	0.625	1.250	436	0.655	0.655	
196	34	-27	4	-2	1	0	383	0.500	0.500	252	0.625	1.125	444	0.625	0.625	389	0.729	1.375	93	0.750	0.750	
197	31	-33	4	0	1	0	204	0.125	0.125	323	0.250	1.250	257	0.500	0.500	418	0.500	0.500	379	0.500	0.500	
198	23	-34	4	-1	0	5	411	0.375	0.375	457	0.750	0.750	434	0.750	0.625	316	0.750	0.905	311	0.750	0.750	
199	35	-30	4	-1	-2	2	412	0.125	0.125	472	0.375	1.250	26	0.375	1.250	438	0.500	0.500	376	0.625	0.625	
200	13	-18	4	1	-2	3	255	0.250	0.250	342	0.604	1.375	124	0.684	1.464	478	0.684	1.714	152	0.729	1.405	
201	30	-34	4	0	-1	0	230	0.125	0.125	84	0.375	1.375	233	0.375	1.125	193	0.500	1.000	468	0.500	0.500	
202	29	-36	4	-1	-2	0	13	0.375	0.375	474	0.500	0.500	81	0.625	0.625	298	0.625	0.625	189	0.655	0.655	
203	21	-36	4	-1	-1	2	39	0.500	1.125	8	0.750	0.750	57	0.780	0.625	294	0.875	0.875	238	0.875	0.500	
204	31	-33	4	1	2	0	197	0.125	0.125	323	0.375	1.125	418	0.375	0.375	205	0.479	1.375	301	0.500	0.500	
205	32	-32	4	1	0	0	442	0.125	0.125	112	0.375	1.375	485	0.500	0.500	150	0.500	0.500	257	0.750	0.625	
206	35	-35	4	1	-2	1	448	0.125	0.125	419	0.250	0.250	363	0.375	0.375	105	0.500	1.125	191	0.625	0.625	
207	28	-35	4	-1	2	0	58	0.125	0.125	164	0.250	0.250	322	0.375	0.375	234	0.604	1.280	103	0.625	0.875	
208	14	-18	4	2	1	0	328	0.125	0.125	149	0.479	1.375	342	0.500	0.500	348	0.625	0.625	393	0.625	0.625	
209	11	-21	4	-1	0	1	66	0.250	0.250	9	0.250	1.250	330	0.500	0.500	32	0.500	0.500	372	0.625	0.625	
210	31	-35	4	0	1	0	270	0.125	0.125	271	0.250	1.250	216	0.500	0.500	63	0.625	1.155	51	0.625	0.625	
211	14	-31	4	0	-1	1	168	0.125	0.125	390	0.250	1.250	441	0.375	1.125	274	0.500	0.500	1	0.500	0.500	
212	12	-22	4	1	0	0	40	0.125	0.125	12	0.375	1.375	144	0.375	0.375	264	0.375	1.125	399	0.500	1.000	
213	21	-36	4	1	1	0	294	0.125	0.125	8	0.250	0.250	394	0.354	1.280	316	0.604	1.155	228	0.625	0.625	
214	15	-33	4	0	-1	0	50	0.375	1.000	475	0.500	1.000	425	0.500	0.500	220	0.625	0.625	268	0.729	1.714	
215	13	-23	4	-1	-1	0	296	0.250	0.250	6	0.354	1.405	310	0.500	0.500	171	0.625	1.125	460	0.625	0.625	
216	32	-35	4	-1	2	0	28	0.375	1.250	78	0.375	0.375	210	0.500	0.500	204	0.559	1.589	479	0.604	1.280	
217	13	-22	4	-1	2	0	399	0.250	0.250	264	0.375	0.375	416	0.500	0.875	377	0.559	1.589	267	0.604	1.375	
218	13	-32	4	1	1	1	60	0.479	1.280	441	0.500	1.375	179	0.625	0.625	390	0.625	1.250	405	0.729	1.589	
219	15	-17	4	-1	-1	0	258	0.250	0.250	437	0.375	0.375	38	0.625	0.625	149	0.750	0.750	327	0.750	1.125	
220	15	-33	4	2	1	0	425	0.125	0.125	291	0.500	0.500	432	0.500	0.500	133	0.604	1.280	475	0.625	0.625	
221	16	-35	4	0	-1	0	91	0.250	1.250	254	0.250	1.125	100	0.375	1.000	467	0.375	1.375	268	0.375	0.375	
222	34	-32	4	1	1	0	225	0.354	1.280	388	0.375	0.375	92	0.500	1.000	141	0.625	0.625	102	0.625	0.625	
223	17	-36	4	1	-2	0	243	0.125	0.125	467	0.500	0.500	370	0.500	0.500	91	0.625	0.625	371	0.625	0.875	
224	28	-34	4	-1	-2	3	189	0.375	1.000	317	0.375	1.375	5	0.479	1.155	326	0.479	1.375	452	0.500	0.500	
225	35	-31	4	1	0	0	26	0.250	0.250	472	0.500	0.500	92	0.500	0.500	463	0.625	0.625	321	0.750	1.125	
226	16	-15	4	-2	1	0	356	0.375	0.375	359	0.655	0.655	154	0.750	0.750	297	0.750	0.750	329	0.750	0.655	
227	13	-29	4	-2	-1	1	68	0.250	0.250	142	0.604	1.500	158	0.750	1.125	293	0.750	0.750	36	0.750	0.625	
228	22	-36	4	0	1	0	4	0.250	0.250	440	0.375	0.375	160	0.375	1.000	316	0.500	1.250	35	0.625	0.625	
229	31	-31	4	-2	-1	2	361	0.125	0.125	346	0.250	0.250	422	0.500	0.500	445	0.625	0.875	357	0.625	1.250	
230	30	-34	4	1	-2	0	201	0.125	0.125	84	0.375	1.250	233	0.375	1.000	193	0.500	0.875	134	0.625	0.625	
231	35	-26	4	-1	-1	1	471	0.125	0.125	367	0.250	0.250	196	0.479	1.155	180	0.500	0.500	383	0.625	1.125	
232	19	-36	4	0	1	0	120	0.375	1.000	175	0.604	1.589	122	0.625	1.155	384	0.625	0.625	2	0.625	1.000	
233	30	-35	4	1	-1	0	193	0.125	0.125	84	0.250	0.250	188	0.479	1.155	345	0.479	1.280	13	0.530	0.530	
234	27	-34	4	-2	-1	8	236	0.479	1.280	326	0.500	0.500	103	0.625	0.625	155	0.625	0.875	285	0.625	1.250	
235	20	-15	4	2	1	0	273	0.250	0.250	375	0.479	1.500	272	0.500	0.500	299	0.604	1.375	249	0.750	1.000	
236	26	-35	4	-2	-1	7	185	0.125	0.125	126	0.479	1.500	337	0.559	1.589	83	0.625	0.875	121	0.750	0.750	
237	11	-23	4	1	2	0	212	0.604	1.375	172	0.625	0.625	9	0.729	1.604	40	0.729	1.280	144	0.750	1.000	
238	21	-35	4	-1	-1	2	39	0.354	1.280	420	0.375	0.375	57	0.750	0.625	480	0.979	1.125	395	0.979	1.214	
239	12	-22	4	-1	0	0	37	0.125	0.125	104	0.250	0.250	494	0.250	1.125	267	0.375	0.375	66	0.625	0.780	
240	12	-27	4	-1	2	0	247	0.250	0.250	413	0.500	1.250	176	0.625	0.625	64	0.625	0.750	382	0.625	0.625	
241	18	-14	4	2	-1	0	95	0.125	0.125	436	0.250	0.250	408	0.500	0.500	235	0.559	1.589	90	0.604	1.280	
242	32	-30	4	0	1	0	496	0.375	1.375	166	0.375	1.125	74	0.500	1.250	59	0.604	1.250	410	0.625	0.780	
243	17	-36	4	1	-1	0	223	0.125	0.125	371	0.500	1.000	435	0.530	0.530	370	0.625	0.625	69	0.625	0.625	
244	14	-20	4	1	0	3	342	0.375	0.375	159	0.375	1.125	478	0.500	0.500	183	0.500	0.500	328	0.750	0.750	
245	12	-31	4	-1	1	0	97	0.625	0.625	423	0.750	0.625	333	0.750	0.750	490	0.750	0.750	68	0.964	0.964	
246	16	-16	4	-1	-2	4	297	0.125	0.125	315	0.250	0.250	53	0.375	0.375	465	0.500	0.500	428	0.625	0.625	
247	12	-27	4	-2	1	0	240	0.250	0.250	382	0.375	0.375	64	0.500	0.500	24	0.625	0.625	482	0.625	0.625	
248	23	-34	4	2	1	0	318	0.250	0.250	311	0.375	0.375	411	0.500	0.500	145	0.500	1.375	343	0.750	0.875	
249	20	-14	4	0	1	0	299	0.375	0.375	276	0.500	0.500	375	0.500	0.500	125	0.625	1.155	99	0.750	0.905	
250	20	-14	4	-1	-2	4	21	0.250	0.250	276	0.375	0.375	414	0.479	1.375	273	0.500	1.125	272	0.500	1.375	
251	18	-34	4	-1	-1	0	493	0.625	1.250	435	0.625	1.375	2	0.655	0.655	223	0.729	1.714	467	0.832	1.811	
252	34	-26	4	1	2	0	93	0.375	0.375	383	0.625	0.625	180	0.625	1.250	71	0.780	0.750	367	1.000	0.625	
253	25	-34	4	-1	1	6	453	0.250	0.250	261	0.530	0.530	307	0.625	0.625	343	0.625	0.750	484	0.780	0.625	
254	16	-36	4	-1	-1	0	100	0.125	0.125	467	0.250	0.250	14	0.375	0.375	91	0.375	0.375	263	0.625	0.625	
255	13	-18	4	2	-1	0	200	0.250	0.250	208	0.375	1.375	328	0.500	1.250	87	0.500	0.500	262	0.780	0.780	
256	34	-30	4	-1	2	0	427	0.250	0.250	429	0.375	1.375	430	0.375	0.375	410	0.479	1.405	340	0.625	0.625	
257	32	-33	4	1	2	0	150	0.250	0.250	112	0.479	1.375	197	0.500	0.500	442	0.500	0.875	204	0.625	0.625	
258	15	-17	4	0	-1	2	327	0.250	1.375	219	0.250	0.250	38	0.375	0.375	437	0.625	0.625	53	0.780	0.780	
259	14	-30	4	0	1	0	280	0.250	1.125	398	0.375	0.375	366	0.375	1.000	454	0.375	1.250	68	0.604	1.375	
260	32	-33	4	-1	0	0	469	0.375	0.375	20	0.375	0.375	148	0.500	0.500	111	0.500	1.250	151	0.500	0.500	
261	24	-35	4	-1	1	0	484	0.250	0.250	411	0.354	1.405	198	0.354	1.280	253	0.530	0.530	402	0.530	0.530	
262	12	-19	4	1	-2	1	48	0.125	0.125	72	0.375	0.375	88	0.479	1.280	313	0.625	0.625	152	0.625	0.625	
263	16	-35	4	-1	0	1	100	0.500	0.500	14	0.500	0.500	221	0.500	0.500	254	0.750	0.625	467	0.750	0.875	
264	13	-22	4	1	1	0	399	0.125	0.125	12	0.250	0.250	380	0.375	0.375	217	0.375	0.375	54	0.604	1.155	
265	21	-35	4	1	1	0	394	0.500	1.125	4	0.530	0.530	8	0.625	0.625	420	0.625	0.625	318	0.684	1.714	
266	12	-27	4	2	-1	0	176	0.125	0.125	143	0.125	0.125	482	0.375	0.375	44	0.500	0.500	426	0.500	1.250	
267	12	-21	4	-1	0	0	66	0.250	1.125	209	0.250	1.375	239	0.375	0.375	37	0.500	0.500	104	0.625	0.625	
268	16	-35	4	2	-1	1	221	0.375	0.375	243	0.479	1.405	223	0.604	1.500	91	0.625	0.875	69	0.625	1.250	
269	32	-35	4	0	-1	0	433	0.125	0.125	78	0.500	0.500	407	0.604	1.250	424	0.625	0.780	31	0.729	1.375	
270	31	-35	4	-1	2	0	210	0.125	0.125	63	0.479	1.280	51	0.500	0.500	271	0.500	1.375	204	0.625	1.750	
271	31	-34	4	1	2	0	197	0.375	1.250	257	0.479	1.280	43	0.500	0.500	204	0.500	1.125	28	0.500	0.500	
272	20	-15	4	1	-2	0	273	0.250	0.250	55	0.375	0.375	235	0.500	0.500	90	0.625	0.625	52	0.655	0.655	
273	20	-15	4	2	-1	0	272	0.250	0.250	235	0.250	0.250	55	0.625	0.625	52	0.750	0.655	464	0.750	1.125	
274	15	-31	4	-1	-2	1	421	0.125	0.125	1	0.250	0.250	405	0.375	0.375	211	0.500	0.500	168	0.625	0.625	
275	26	-36	4	1	2	0	121	0.375	0.375	130	0.375	0.375	101	0.479	1.375	292	0.500	0.500	288	0.500	1.000	
276	20	-14	4	-1	0	6	486	0.250	1.125	250	0.375	0.375	470	0.375	1.375	249	0.500	0.500	397	0.500	0.500	
277	12	-25	4	1	2	0	137	0.250	0.250	23	0.604	1.500	460	0.729	1.589	174	0.750	0.625	44	0.750	0.750	
278	14	-19	4	0	1	0	393	0.250	1.125	208	0.500	1.000	342	0.500	0.500	334	0.750	0.625	159	0.780	0.780	
279	33	-35	4	-2	1	3	28	0.479	1.375	20	0.479	1.155	433	0.500	1.125	269	0.625	1.000	492	0.625	0.625	
280	14	-29	4	-1	1	0	366	0.125	0.125	454	0.125	0.125	499	0.500	0.875	68	0.500	1.000	336	0.625	0.625	
281	33	-34	4	2	1	0	362	0.125	0.125	353	0.250	0.250	324	0.375	0.375	338	0.375	1.250	127	0.479	1.500	
282	34	-34	4	0	-1	7	338	0.250	0.250	191	0.250	1.250	131	0.375	0.375	305	0.500	0.500	424	0.604	1.839	
283	24	-36	4	1	0	0	118	0.500	0.500	349	0.500	1.250	392	0.625	1.155	119	0.625	0.625	126	0.625	1.000	
284	15	-16	4	1	2	1	329	0.375	0.375	154	0.604	1.500	456	0.625	0.625	53	0.625	1.250	491	0.750	1.000	
285	27	-35	4	1	-1	0	5	0.250	0.250	101	0.250	0.250	155	0.375	0.375	322	0.500	1.375	298	0.729	1.839	
286	13	-26	4	1	2	0	42	0.125	0.125	174	0.375	1.125	80	0.375	0.375	413	0.500	0.500	495	0.625	0.875	
287	30	-35	4	-1	0	3	98	0.500	0.875	335	0.604	1.250	81	0.625	0.780	202	0.750	1.375	474	0.750	0.905	
288	26	-35	4	1	1	0	449	0.479	1.530	285	0.500	1.375	452	0.604	1.714	307	0.625	1.125	385	0.625	0.625	
289	30	-36	4	1	0	0	181	0.125	0.125	106	0.250	0.250	188	0.250	1.250	193	0.500	0.500	345	0.500	0.875	
290	35	-29	4	1	-2	3	412	0.375	1.250	199	0.500	1.375	33	0.625	0.625	190	0.625	0.625	15	0.729	1.714	
291	15	-33	4	-1	2	0	481	0.125	0.125	10	0.479	1.500	220	0.500	0.500	344	0.500	1.250	360	0.625	0.875	
292	27	-36	4	0	1	0	139	0.250	1.125	103	0.375	1.000	391	0.375	0.375	446	0.500	0.500	19	0.500	1.250	
293	13	-30	4	-1	-1	0	97	0.354	1.405	490	0.500	1.000	70	0.625	0.750	142	0.750	0.750	68	0.750	0.750	
294	21	-36	4	2	1	0	8	0.125	0.125	213	0.125	0.125	35	0.375	1.375	4	0.375	1.000	394	0.479	1.155	
295	29	-33	4	-2	1	1	374	0.500	0.500	140	0.625	0.625	164	0.839	0.839	27	0.875	0.875	224	0.875	1.280	
296	13	-23	4	-1	0	0	310	0.250	0.250	215	0.250	0.250	460	0.375	0.375	483	0.500	0.500	104	0.625	1.280	
297	16	-16	4	-1	-1	0	246	0.125	0.125	315	0.375	0.375	437	0.479	1.155	258	0.479	1.280	53	0.500	0.500	
298	29	-36	4	1	0	0	181	0.250	1.250	13	0.250	0.250	289	0.375	1.375	106	0.375	1.125	308	0.500	0.500	
299	21	-14	4	0	1	2	375	0.125	0.125	125	0.250	1.250	249	0.375	0.375	341	0.375	1.125	82	0.375	0.375	
300	34	-30	4	1	0	0	463	0.375	1.125	376	0.375	0.375	225	0.625	1.030	178	0.625	0.625	256	0.625	0.625	
301	31	-33	4	2	-1	0	418	0.125	0.125	204	0.500	0.500	257	0.500	1.125	150	0.500	1.375	281	0.559	1.589	
302	35	-33	4	1	-2	2	167	0.125	0.125	363	0.625	1.625	338	0.750	0.655	282	0.750	0.905	419	0.750	1.750	
303	35	-34	4	1	2	0	157	0.750	0.750	352	0.750	0.655	167	0.875	1.000	127	0.875	0.780	141	0.875	1.625	
304	16	-33	4	-2	1	0	109	0.125	0.125	73	0.125	0.125	360	0.479	1.280	481	0.500	1.000	344	0.604	1.375	
305	33	-34	4	1	-2	0	324	0.125	0.125	353	0.250	0.250	191	0.479	1.280	281	0.500	0.500	282	0.500	0.500	
306	33	-30	4	-1	0	0	242	0.500	0.875	22	0.500	0.500	361	0.604	1.589	309	0.625	0.625	410	0.625	0.625	
307	26	-34	4	0	1	0	453	0.375	0.375	385	0.500	0.500	449	0.625	0.625	253	0.625	0.625	25	0.750	0.750	
308	29	-36	4	0	1	0	81	0.250	0.250	474	0.375	0.375	446	0.500	0.500	298	0.500	0.500	164	0.604	1.375	
309	33	-31	4	-1	1	0	242	0.479	1.280	77	0.625	1.250	381	0.625	0.625	306	0.625	0.625	427	0.655	0.655	
310	13	-23	4	-1	1	0	460	0.125	0.125	296	0.250	0.250	239	0.354	1.280	37	0.479	1.155	104	0.479	1.530	
311	23	-34	4	1	-1	0	318	0.125	0.125	248	0.375	0.375	119	0.479	1.530	457	0.500	1.250	145	0.500	1.000	
312	30	-33	4	-2	-1	2	415	0.125	0.125	295	0.375	1.375	379	0.500	0.500	230	0.625	1.125	374	0.625	0.875	
313	12	-19	4	1	1	0	255	0.479	1.155	208	0.604	1.714	87	0.625	1.125	262	0.625	0.625	48	0.750	0.750	
314	17	-14	4	1	1	0	459	0.125	0.125	408	0.354	1.280	11	0.375	0.375	241	0.500	1.250	359	0.500	0.500	
315	16	-16	4	1	-2	0	53	0.125	0.125	246	0.250	0.250	297	0.375	0.375	491	0.375	0.375	465	0.500	0.500	
316	22	-35	4	-1	2	0	160	0.250	0.250	497	0.500	0.500	394	0.625	0.625	434	0.625	0.625	265	0.750	0.750	
317	28	-35	4	1	-2	0	189	0.375	0.375	298	0.479	1.375	13	0.479	1.405	5	0.500	0.500	98	0.500	0.500	
318	23	-34	4	2	-1	0	311	0.125	0.125	248	0.250	0.250	118	0.479	1.280	145	0.500	1.125	392	0.559	1.589	
319	12	-28	4	1	2	0	129	0.250	0.250	247	0.500	1.125	30	0.604	1.375	240	0.625	1.375	7	0.625	0.875	
320	17	-14	4	-1	-2	10	192	0.125	0.125	11	0.500	0.500	315	0.559	1.589	356	0.604	1.405	359	0.625	0.625	
321	35	-32	4	-1	-1	0	302	0.500	1.250	15	0.530	0.530	400	0.625	0.625	167	0.625	1.375	141	0.750	0.750	
322	28	-35	4	1	1	0	58	0.250	0.250	207	0.375	0.375	335	0.479	1.280	449	0.530	0.530	317	0.625	0.625	
323	31	-32	4	1	2	0	65	0.500	0.500	485	0.604	1.500	346	0.625	1.125	442	0.625	0.875	357	0.625	0.625	
324	33	-34	4	1	-1	0	353	0.125	0.125	305	0.125	0.125	191	0.354	1.405	281	0.375	0.375	362	0.500	0.500	
325	32	-31	4	1	-2	1	112	0.479	1.375	151	0.500	1.125	485	0.500	0.500	422	0.625	0.625	205	0.625	0.750	
326	27	-35	4	-1	0	1	103	0.125	0.125	139	0.250	0.250	155	0.375	0.375	185	0.375	1.375	19	0.375	0.375	
327	15	-18	4	0	-1	3	478	0.604	1.589	124	0.604	1.839	342	0.875	0.875	200	0.875	0.875	278	1.000	1.000	
328	14	-18	4	1	0	0	208	0.125	0.125	342	0.375	0.375	327	0.500	0.875	348	0.500	0.500	149	0.604	1.250	
329	15	-16	4	-1	1	0	284	0.375	0.375	226	0.655	0.655	465	0.750	0.750	431	0.964	0.964	53	1.000	1.000	
330	11	-20	4	-2	-1	47	32	0.250	0.250	209	0.500	0.500	339	0.500	0.500	66	0.625	0.750	372	0.750	1.125	
331	32	-34	4	-1	-2	1	148	0.250	0.250	269	0.375	1.250	20	0.375	0.375	433	0.500	1.125	51	0.604	1.500	
332	14	-28	4	-2	-1	1	336	0.125	0.125	499	0.375	0.375	36	0.375	1.000	79	0.375	0.375	227	0.479	1.280	
333	12	-31	4	1	0	0	179	0.375	1.375	441	0.604	1.839	97	0.625	0.625	390	0.729	1.714	184	0.750	1.155	
334	13	-19	4	-1	1	0	393	0.530	0.530	152	0.625	1.125	278	0.625	0.625	72	0.625	1.375	87	0.750	0.750	
335	29	-34	4	0	1	0	295	0.375	1.000	140	0.375	0.375	63	0.500	0.500	498	0.625	1.280	379	0.750	0.905	
336	14	-28	4	-1	0	0	332	0.125	0.125	499	0.250	0.250	36	0.250	1.125	79	0.500	0.500	366	0.500	0.500	
337	24	-36	4	-2	1	1	402	0.375	1.000	434	0.479	1.500	113	0.500	0.500	497	0.559	1.589	440	0.625	0.750	
338	34	-34	4	1	-1	0	282	0.250	0.250	206	0.354	1.405	448	0.479	1.280	167	0.530	0.530	419	0.604	1.155	
339	11	-20	4	1	-2	1	372	0.375	1.125	66	0.375	1.250	136	0.479	1.280	330	0.500	0.500	209	0.625	1.000	
340	34	-30	4	-1	-1	3	430	0.250	0.250	427	0.375	0.375	376	0.375	0.375	34	0.604	1.714	61	0.625	0.625	
341	21	-13	4	1	1	2	125	0.125	0.125	99	0.375	0.375	52	0.875	0.875	401	0.875	0.875	375	1.000	0.375	
342	14	-19	4	1	0	0	328	0.375	0.375	244	0.375	0.375	208	0.500	0.500	278	0.500	0.500	159	0.625	0.780	
343	24	-34	4	-1	2	2	453	0.500	0.500	411	0.625	0.625	198	0.625	1.000	253	0.750	0.625	145	0.750	0.750	
344	15	-32	4	0	1	0	360	0.375	0.375	49	0.375	1.250	133	0.500	0.500	116	0.500	1.500	85	0.604	1.375	
345	31	-36	4	0	-1	0	169	0.500	0.500	188	0.625	0.625	466	0.750	0.875	289	0.875	0.500	51	1.000	0.625	
346	31	-31	4	-2	1	0	361	0.125	0.125	229	0.250	0.250	422	0.750	0.750	357	0.875	1.125	496	0.979	1.214	
347	33	-30	4	1	0	0	77	0.125	0.125	59	0.375	0.375	300	0.375	1.375	376	0.375	1.000	225	0.604	1.589	
348	14	-17	4	2	1	0	284	0.479	1.530	328	0.500	0.500	208	0.625	0.625	38	0.625	1.375	53	0.684	1.464	
349	25	-36	4	2	-1	0	130	0.375	1.250	126	0.500	0.500	275	0.500	1.125	392	0.625	0.625	101	0.729	1.464	
350	31	-30	4	2	-1	0	45	0.125	0.125	17	0.500	0.500	325	0.604	1.500	422	0.625	0.875	166	0.729	1.155	
351	17	-15	4	1	1	0	431	0.375	0.375	241	0.479	1.155	359	0.500	1.375	314	0.500	0.875	436	0.604	1.405	
352	34	-33	4	1	1	0	127	0.125	0.125	141	0.479	1.280	222	0.500	0.875	167	0.500	1.375	92	0.604	1.405	
353	33	-34	4	2	-1	0	324	0.125	0.125	305	0.250	0.250	281	0.250	0.250	362	0.375	0.375	338	0.375	1.000	
354	17	-34	4	2	-1	0	117	0.125	0.125	435	0.479	1.405	443	0.479	1.155	451	0.500	0.500	163	0.500	1.250	
355	15	-29	4	-1	1	0	336	0.354	1.280	332	0.479	1.155	499	0.479	1.530	366	0.500	1.000	280	0.625	0.875	
356	16	-15	4	-1	-1	0	226	0.375	0.375	465	0.479	1.280	53	0.500	1.375	297	0.500	0.875	246	0.625	1.000	
357	31	-32	4	1	-1	0	65	0.125	0.125	445	0.375	0.375	150	0.479	1.155	89	0.530	0.530	442	0.625	1.250	
358	14	-30	4	-2	-1	0	114	0.250	0.250	398	0.250	0.250	293	0.375	1.000	70	0.479	1.280	259	0.625	0.625	
359	17	-14	4	-1	1	0	314	0.500	0.500	192	0.500	0.500	75	0.530	0.530	320	0.625	0.625	459	0.625	0.625	
360	15	-32	4	-2	1	1	10	0.375	1.125	344	0.375	0.375	85	0.479	1.280	70	0.559	1.589	60	0.604	1.375	
361	31	-31	4	-1	0	0	229	0.125	0.125	346	0.125	0.125	422	0.625	0.625	357	0.750	1.125	445	0.750	0.750	
362	33	-34	4	1	1	0	281	0.125	0.125	127	0.354	1.405	353	0.375	0.375	324	0.500	0.500	364	0.530	0.530	
363	35	-35	4	-1	-1	2	419	0.125	0.125	448	0.250	0.250	206	0.375	0.375	123	0.500	1.250	462	0.625	0.625	
364	34	-35	4	1	1	0	477	0.125	0.125	303	0.354	1.405	362	0.530	0.530	0	0.625	0.625	157	0.625	1.375	
365	25	-36	4	0	1	0	392	0.500	1.000	275	0.500	0.500	121	0.625	0.625	349	0.625	0.625	288	0.625	1.280	
366	14	-29	4	-2	1	0	280	0.125	0.125	454	0.250	0.250	68	0.375	1.125	227	0.500	1.375	336	0.500	0.500	
367	35	-26	4	-1	0	3	471	0.125	0.125	231	0.250	0.250	383	0.375	1.375	93	0.375	1.125	196	0.750	0.905	
368	11	-21	4	1	1	0	377	0.354	1.405	488	0.479	1.405	136	0.625	1.250	372	0.625	0.625	209	0.750	0.750	
369	13	-29	4	0	1	0	68	0.375	0.375	7	0.375	1.000	158	0.500	0.500	454	0.500	0.500	499	0.625	0.780	
370	17	-36	4	-2	-1	7	254	0.375	1.000	223	0.500	0.500	14	0.500	1.375	100	0.500	1.125	476	0.625	0.625	
371	18	-36	4	2	-1	0	443	0.500	0.500	395	0.500	0.875	384	0.750	1.625	458	0.750	0.750	435	0.750	0.625	
372	11	-21	4	1	-2	0	66	0.375	0.375	212	0.479	1.375	494	0.500	1.250	40	0.604	1.500	136	0.625	0.625	
373	18	-13	4	1	-2	0	408	0.375	0.375	95	0.500	1.000	241	0.625	0.875	90	0.729	1.589	110	0.750	1.125	
374	29	-33	4	-1	-2	0	27	0.375	0.375	224	0.479	1.280	295	0.500	0.500	317	0.559	1.589	84	0.729	1.464	
375	21	-14	4	1	2	0	299	0.125	0.125	99	0.375	1.375	341	0.375	1.000	249	0.500	0.500	125	0.500	1.125	
376	34	-30	4	1	-2	1	340	0.375	0.375	15	0.375	1.250	300	0.375	0.375	26	0.479	1.405	225	0.479	1.375	
377	12	-20	4	1	2	0	488	0.250	0.250	87	0.479	1.375	313	0.500	1.000	334	0.750	0.905	88	0.875	1.250	
378	13	-22	4	0	-1	2	215	0.250	1.125	380	0.375	0.375	12	0.500	0.500	6	0.729	1.714	104	0.750	1.125	
379	30	-33	4	-1	2	0	498	0.375	0.375	312	0.500	0.500	197	0.500	0.500	295	0.625	0.875	204	0.625	0.625	
380	13	-22	4	2	-1	1	12	0.125	0.125	264	0.375	0.375	378	0.375	0.375	399	0.500	0.500	162	0.500	0.500	
381	33	-32	4	-1	0	0	56	0.250	0.250	469	0.375	1.375	102	0.500	0.500	151	0.500	1.250	260	0.625	1.030	
382	12	-27	4	-1	-1	1	482	0.250	0.250	247	0.375	0.375	143	0.500	0.500	36	0.530	0.530	64	0.625	0.625	
383	34	-26	4	-1	0	0	93	0.250	0.250	196	0.500	0.500	252	0.625	0.625	194	0.875	1.125	389	0.979	1.604	
384	20	-36	4	1	1	0	480	0.250	0.250	265	0.479	1.530	122	0.500	1.000	294	0.500	1.000	8	0.625	1.125	
385	26	-34	4	1	0	0	447	0.250	1.125	25	0.250	0.250	449	0.250	1.125	156	0.375	0.375	307	0.500	0.500	
386	12	-29	4	0	-1	1	490	0.375	1.000	142	0.500	1.250	293	0.625	0.780	227	0.750	0.625	184	0.854	1.375	
387	33	-29	4	0	-1	13	47	0.125	0.125	22	0.375	1.375	29	0.500	0.500	59	0.500	0.500	33	0.500	0.500	
388	34	-32	4	-1	2	1	222	0.375	0.375	309	0.479	1.405	141	0.500	0.500	102	0.500	0.500	417	0.625	0.625	
389	33	-28	4	0	-1	9	387	0.375	1.375	47	0.500	1.250	190	0.625	1.155	376	0.729	1.714	473	0.750	0.750	
390	14	-32	4	1	-2	0	441	0.125	0.125	425	0.604	1.375	405	0.655	0.655	220	0.729	1.280	10	0.750	0.750	
391	27	-36	4	2	1	0	292	0.375	0.375	146	0.375	1.000	446	0.500	0.875	101	0.500	0.500	58	0.604	1.375	
392	25	-35	4	2	1	0	288	0.375	1.000	307	0.604	1.375	349	0.625	0.625	447	0.684	1.464	449	0.729	1.714	
393	14	-18	4	-1	1	5	334	0.530	0.530	208	0.625	0.625	437	0.655	0.655	348	0.750	1.250	328	0.750	0.750	
394	22	-35	4	1	0	0	35	0.500	0.500	248	0.604	1.155	283	0.604	1.589	119	0.625	1.500	4	0.625	0.625	
395	19	-36	4	1	-2	0	384	0.750	1.250	420	0.839	0.839	371	0.875	0.500	120	0.875	0.875	232	0.875	0.875	
396	34	-36	4	1	1	0	96	0.125	0.125	0	0.479	1.280	364	0.500	0.875	492	0.530	0.530	462	0.604	1.155	
397	20	-13	4	-2	-1	13	165	0.375	1.000	276	0.500	0.500	75	0.625	1.625	250	0.625	0.875	21	0.750	1.125	
398	14	-30	4	-2	1	0	358	0.250	0.250	293	0.375	1.250	259	0.375	0.375	369	0.479	1.375	114	0.500	0.500	
399	13	-22	4	1	2	0	264	0.125	0.125	217	0.250	0.250	12	0.375	0.375	183	0.479	1.530	416	0.500	1.125	
400	35	-31	4	-1	0	0	15	0.250	1.125	472	0.500	0.500	438	0.500	0.500	381	0.604	1.589	56	0.604	1.839	
401	21	-13	4	-2	-1	14	250	0.479	1.500	397	0.500	1.125	99	0.500	0.500	82	0.625	0.625	128	0.625	0.875	
402	23	-36	4	-1	1	0	440	0.250	0.250	316	0.354	1.405	497	0.479	1.155	434	0.500	1.000	261	0.530	0.530	
403	17	-35	4	1	2	0	493	0.375	1.375	69	0.375	0.375	163	0.479	1.405	175	0.479	1.155	458	0.625	0.750	
404	32	-36	4	0	1	0	466	0.500	0.500	216	0.500	1.250	270	0.625	1.155	492	0.625	1.280	41	0.625	0.625	
405	15	-31	4	1	-1	0	1	0.125	0.125	274	0.375	0.375	421	0.500	0.500	441	0.530	0.530	211	0.625	0.625	
406	18	-35	4	1	2	0	458	0.125	0.125	163	0.375	1.000	443	0.375	0.375	173	0.500	1.125	175	0.625	1.250	
407	33	-36	4	1	0	0	31	0.125	0.125	186	0.125	0.125	96	0.250	1.250	396	0.375	1.125	477	0.729	1.375	
408	18	-13	4	1	0	0	373	0.375	0.375	110	0.375	1.250	241	0.500	0.500	436	0.500	0.500	95	0.625	0.625	
409	17	-16	4	-2	1	1	297	0.375	1.250	226	0.479	1.280	246	0.500	1.125	351	0.625	1.250	431	0.625	0.875	
410	33	-29	4	-1	1	0	47	0.625	0.625	306	0.625	0.625	496	0.625	0.625	473	0.625	1.375	74	0.750	0.750	
411	23	-34	4	-1	2	0	198	0.375	0.375	248	0.500	0.500	343	0.625	0.625	318	0.750	0.750	316	0.780	0.750	
412	35	-30	4	0	-1	0	199	0.125	0.125	472	0.250	1.375	26	0.250	1.125	376	0.500	0.500	321	0.500	1.500	
413	12	-26	4	0	1	0	277	0.250	1.250	42	0.375	0.375	137	0.500	1.000	44	0.500	0.500	286	0.500	0.500	
414	19	-15	4	-1	0	5	90	0.375	0.375	470	0.375	0.375	486	0.625	0.625	428	0.729	1.780	359	0.729	1.839	
415	30	-33	4	-1	-1	0	312	0.125	0.125	140	0.479	1.155	89	0.500	0.500	230	0.500	1.250	374	0.625	0.750	
416	13	-21	4	-2	1	0	267	0.375	1.250	330	0.559	1.589	161	0.625	0.625	66	0.625	1.625	239	0.750	0.905	
417	34	-32	4	-1	-1	4	56	0.500	0.875	388	0.625	0.625	305	0.729	1.714	260	0.729	1.839	102	0.750	1.125	
418	31	-33	4	1	0	0	301	0.125	0.125	150	0.250	1.250	204	0.375	0.375	257	0.500	1.000	43	0.500	0.500	
419	35	-35	4	-1	-2	1	448	0.125	0.125	363	0.125	0.125	206	0.250	0.250	105	0.500	1.375	123	0.625	1.125	
420	21	-35	4	1	-2	0	238	0.375	0.375	203	0.500	1.250	57	0.500	0.500	35	0.604	1.500	8	0.625	0.750	
421	15	-31	4	-1	-1	0	274	0.125	0.125	1	0.375	0.375	10	0.479	1.155	405	0.500	0.500	390	0.604	1.155	
422	31	-31	4	1	-2	0	17	0.375	0.375	229	0.500	0.500	357	0.500	1.000	205	0.604	1.375	361	0.625	0.625	
423	13	-31	4	-1	2	0	70	0.500	0.500	60	0.500	0.500	490	0.604	1.280	184	0.625	1.125	179	0.625	0.625	
424	33	-36	4	-1	-1	1	41	0.500	0.500	31	0.625	0.625	433	0.655	0.655	407	0.750	0.750	279	0.750	0.750	
425	15	-33	4	1	0	0	220	0.125	0.125	432	0.375	0.375	214	0.500	0.500	475	0.500	0.500	117	0.604	1.839	
426	13	-27	4	1	1	0	30	0.250	0.250	42	0.500	1.125	286	0.625	1.000	80	0.625	0.625	240	0.750	0.750	
427	34	-30	4	-2	1	0	430	0.125	0.125	256	0.250	0.250	340	0.375	0.375	306	0.375	1.250	61	0.500	0.500	
428	17	-16	4	1	-2	0	246	0.625	0.625	315	0.625	0.625	53	0.750	0.625	297	0.750	0.750	409	0.750	0.750	
429	34	-29	4	1	2	0	178	0.625	0.625	61	0.625	0.625	463	0.655	0.655	290	0.750	1.250	190	0.750	0.750	
430	34	-30	4	-1	0	0	427	0.125	0.125	340	0.250	0.250	61	0.375	0.375	306	0.375	1.375	256	0.375	0.375	
431	17	-15	4	-1	2	0	351	0.375	0.375	314	0.375	1.250	359	0.500	1.000	459	0.500	1.125	356	0.625	1.250	
432	15	-34	4	1	0	0	475	0.125	0.125	3	0.250	0.250	425	0.375	0.375	220	0.500	0.500	69	0.604	1.589	
433	32	-35	4	-1	-2	7	269	0.125	0.125	78	0.375	0.375	169	0.479	1.375	345	0.479	1.155	51	0.625	0.875	
434	23	-35	4	-1	2	0	248	0.500	1.125	484	0.500	0.500	411	0.500	1.125	198	0.625	0.750	497	0.625	1.125	
435	18	-35	4	1	-1	0	443	0.250	0.250	395	0.354	1.405	120	0.500	1.250	458	0.500	0.500	243	0.530	0.530	
436	18	-14	4	2	1	0	241	0.250	0.250	95	0.375	0.375	110	0.479	1.280	408	0.500	0.500	182	0.750	0.625	
437	15	-17	4	-2	1	3	219	0.375	0.375	149	0.375	0.375	258	0.625	0.625	284	0.625	1.125	450	0.750	0.750	
438	35	-30	4	-2	1	0	170	0.125	0.125	340	0.375	1.250	427	0.375	1.125	61	0.479	1.155	199	0.500	0.500	
439	12	-28	4	0	-1	0	386	0.375	1.375	36	0.625	0.625	79	0.750	0.750	227	0.750	0.905	293	0.875	1.339	
440	23	-36	4	0	1	0	402	0.250	0.250	228	0.375	0.375	434	0.500	1.250	160	0.604	1.375	4	0.625	0.625	
441	14	-32	4	1	-1	0	390	0.125	0.125	425	0.354	1.280	220	0.479	1.155	214	0.479	1.280	405	0.530	0.530	
442	32	-32	4	2	1	0	205	0.125	0.125	112	0.375	1.250	150	0.625	0.625	485	0.625	0.625	102	0.625	0.750	
443	18	-35	4	1	0	0	458	0.250	0.250	435	0.250	0.250	94	0.375	1.250	120	0.375	1.250	406	0.375	0.375	
444	34	-27	4	1	1	0	252	0.500	1.000	194	0.500	0.500	93	0.500	1.375	196	0.625	0.625	383	0.750	1.125	
445	31	-32	4	-1	-2	3	357	0.375	0.375	415	0.479	1.405	65	0.500	0.500	111	0.500	0.875	312	0.604	1.500	
446	28	-36	4	1	2	0	146	0.125	0.125	164	0.500	1.125	207	0.500	1.375	308	0.500	0.500	322	0.500	1.000	
447	27	-34	4	1	-1	0	317	0.354	1.405	449	0.500	0.500	452	0.500	1.000	101	0.625	0.625	234	0.625	0.625	
448	35	-35	4	0	-1	0	419	0.125	0.125	206	0.125	0.125	363	0.250	0.250	105	0.250	1.250	191	0.500	0.500	
449	27	-34	4	1	1	0	447	0.500	0.500	322	0.530	0.530	101	0.625	0.625	307	0.625	0.625	452	0.625	1.250	
450	16	-17	4	0	1	0	138	0.375	0.375	149	0.375	0.375	431	0.684	1.464	297	0.750	1.125	284	0.750	0.905	
451	17	-33	4	1	0	0	354	0.500	0.500	46	0.625	0.625	69	0.750	0.750	163	0.750	0.780	173	0.875	0.905	
452	28	-34	4	2	-1	0	224	0.500	0.500	98	0.604	1.375	317	0.625	0.875	189	0.625	1.250	27	0.655	0.655	
453	25	-34	4	0	1	0	253	0.250	0.250	307	0.375	0.375	343	0.500	0.500	385	0.750	0.875	25	0.750	1.125	
454	14	-29	4	-1	2	0	280	0.125	0.125	366	0.250	0.250	499	0.500	1.000	369	0.500	0.500	68	0.625	0.875	
455	10	-22	4	2	1	0	368	0.479	1.405	115	0.625	0.625	172	0.729	1.155	9	0.750	1.250	62	0.750	0.750	
456	15	-16	4	1	-1	0	465	0.250	0.250	138	0.479	1.155	53	0.500	0.875	219	0.500	1.375	284	0.625	0.625	
457	23	-35	4	-1	-2	0	16	0.125	0.125	497	0.625	0.875	119	0.750	0.750	198	0.750	0.750	316	0.750	1.250	
458	18	-35	4	1	1	0	406	0.125	0.125	443	0.250	0.250	163	0.500	0.875	120	0.500	1.000	94	0.500	1.250	
459	17	-14	4	2	1	0	314	0.125	0.125	11	0.250	0.250	241	0.375	1.375	408	0.479	1.155	436	0.500	1.125	
460	13	-23	4	-1	2	0	310	0.125	0.125	217	0.375	1.125	399	0.375	1.375	296	0.375	0.375	239	0.479	1.375	
461	13	-20	4	0	-1	3	88	0.125	0.125	161	0.250	1.375	478	0.375	0.375	239	0.604	1.589	124	0.625	0.625	
462	35	-35	4	-1	2	3	0	0.125	0.125	303	0.500	1.375	127	0.559	1.589	477	0.625	0.625	123	0.625	0.875	
463	35	-30	4	1	1	0	170	0.500	0.500	86	0.500	1.375	225	0.625	0.625	438	0.625	0.625	412	0.750	0.750	
464	21	-15	4	-1	2	0	375	0.375	1.375	249	0.479	1.155	276	0.479	1.375	82	0.500	0.875	489	0.625	0.625	
465	15	-16	4	0	-1	0	456	0.250	0.250	219	0.250	1.125	258	0.250	1.375	38	0.375	1.000	246	0.500	0.500	
466	32	-36	4	1	0	0	186	0.250	1.250	407	0.375	1.375	404	0.500	0.500	31	0.500	1.250	396	0.625	1.500	
467	16	-36	4	0	-1	0	91	0.125	0.125	254	0.250	0.250	100	0.375	0.375	223	0.500	0.500	14	0.625	0.625	
468	31	-34	4	1	-2	0	43	0.250	0.250	134	0.250	0.250	201	0.500	0.500	479	0.500	0.500	51	0.500	1.125	
469	32	-32	4	-1	0	0	151	0.125	0.125	445	0.375	1.000	260	0.375	0.375	34	0.500	0.500	415	0.604	1.839	
470	19	-14	4	-1	0	1	107	0.250	1.375	486	0.250	0.250	414	0.375	0.375	165	0.625	0.625	75	0.729	1.280	
471	35	-26	4	-2	-1	5	367	0.125	0.125	231	0.125	0.125	383	0.375	1.250	93	0.375	1.250	180	0.625	0.625	
472	35	-31	4	0	-1	2	26	0.250	0.250	321	0.250	1.125	225	0.500	0.500	15	0.625	0.625	417	0.750	1.280	
473	33	-28	4	1	1	0	132	0.250	0.250	444	0.479	1.530	59	0.625	0.625	429	0.655	0.655	93	0.729	1.750	
474	29	-36	4	-2	1	0	81	0.125	0.125	308	0.375	0.375	207	0.479	1.500	164	0.479	1.280	202	0.500	0.500	
475	15	-34	4	2	-1	3	432	0.125	0.125	3	0.375	0.375	268	0.479	1.280	425	0.500	0.500	221	0.604	1.405	
476	17	-36	4	0	1	0	403	0.250	1.250	108	0.604	1.589	370	0.625	0.625	406	0.625	1.155	173	0.729	1.714	
477	34	-35	4	1	2	0	364	0.125	0.125	157	0.375	1.250	123	0.500	0.500	0	0.500	0.500	462	0.625	0.625	
478	14	-20	4	0	-1	0	124	0.250	0.250	147	0.375	1.000	461	0.375	0.375	88	0.500	0.500	183	0.625	1.000	
479	31	-34	4	-2	-1	1	134	0.250	0.250	63	0.500	1.125	468	0.500	0.500	84	0.604	1.375	51	0.625	0.625	
480	20	-36	4	1	0	0	384	0.250	0.250	294	0.250	1.250	8	0.375	1.375	213	0.375	1.125	135	0.500	0.500	
481	15	-33	4	-1	1	0	291	0.125	0.125	67	0.500	1.000	10	0.604	1.405	344	0.625	1.125	220	0.625	0.625	
482	12	-27	4	0	-1	3	143	0.250	0.250	382	0.250	0.250	439	0.375	1.375	266	0.375	0.375	176	0.500	0.500	
483	13	-24	4	-2	1	0	296	0.500	0.500	460	0.625	0.875	6	0.625	1.125	171	0.625	0.625	310	0.750	0.750	
484	24	-35	4	0	1	0	261	0.250	0.250	434	0.500	0.500	343	0.500	1.250	198	0.604	1.250	253	0.625	0.780	
485	32	-31	4	2	1	0	347	0.479	1.155	325	0.500	0.500	205	0.500	0.500	442	0.625	0.625	77	0.750	1.280	
486	19	-14	4	-1	-1	0	470	0.250	0.250	90	0.500	1.000	55	0.530	0.530	107	0.625	1.125	414	0.625	0.625	
487	15	-30	4	1	1	1	116	0.500	0.500	355	0.500	1.375	259	0.625	0.625	280	0.875	1.030	405	0.875	0.875	
488	12	-20	4	2	1	0	377	0.250	0.250	87	0.479	1.155	88	0.500	1.125	313	0.750	0.750	278	0.854	1.464	
489	21	-15	4	-1	-1	0	55	0.500	0.875	464	0.625	0.625	250	0.655	0.655	272	0.750	0.750	82	0.750	0.750	
490	12	-30	4	-2	-1	1	142	0.250	0.250	245	0.750	0.750	70	0.780	0.750	158	0.875	1.125	333	0.875	1.125	
491	16	-16	4	1	0	0	53	0.250	0.250	428	0.375	1.000	315	0.375	0.375	138	0.500	0.500	154	0.500	0.500	
492	33	-35	4	1	1	0	364	0.500	0.875	396	0.530	0.530	477	0.625	0.750	407	0.625	0.625	279	0.625	0.625	
493	17	-34	4	-1	2	0	46	0.375	1.125	304	0.479	1.500	175	0.500	0.500	108	0.500	0.500	109	0.604	1.375	
494	11	-22	4	-1	-1	16	62	0.500	1.250	172	0.500	1.375	209	0.625	0.625	9	0.875	0.905	6	0.979	1.214	
495	13	-25	4	2	1	0	174	0.250	0.250	80	0.500	0.500	23	0.625	0.625	483	0.750	1.250	286	0.875	0.500	
496	32	-29	4	0	1	0	74	0.125	0.125	166	0.250	0.250	132	0.625	1.030	410	0.625	0.625	473	0.625	1.280	
497	22	-35	4	-2	-1	3	160	0.250	0.250	203	0.479	1.405	316	0.500	0.500	238	0.500	1.000	16	0.750	0.750	
498	30	-33	4	1	1	0	323	0.354	1.405	379	0.375	0.375	65	0.479	1.155	89	0.500	0.500	204	0.625	0.750	
499	14	-28	4	-1	1	0	336	0.250	0.250	332	0.375	0.375	36	0.500	1.375	247	0.604	1.714	286	0.729	1.875	
