# states in shortest path from s to t
12

# shortest path from s to t
-22	-1	4	-1	0
-23	-1	4	-1	0
-24	-1	4	-2	-1
-26	-2	4	-2	-1
-28	-3	4	-2	-1
-30	-4	4	-1	-1
-31	-5	4	-1	-1
-32	-6	4	-1	-2
-33	-8	4	0	-1
-33	-9	4	1	-2
-32	-11	4	0	-1
-32	-12	4	-1	-1

# cost of shortest path
4.502

# Line i represents a sample taken at time i. The sample corresponds to a discrete state.
# Line Format: [sample ID] [x] [y] [z] [x-component of yaw] [y-component of yaw] [U: marginal coverage]
#              [sample ID of nearest neighbor 1] [shortest path cost to nearest neighbor 1] [shortest path cost from nearest neighbor 1]
#              ...
#              [sample ID of nearest neighbor k] [shortest path cost to nearest neighbor k] [shortest path cost from nearest neighbor k]
0	-21	0	4	2	1	69	382	0.125	0.125	155	0.479	1.280	374	0.500	0.500	206	0.604	1.375	479	0.625	0.750	
1	-28	-3	4	1	1	38	73	0.354	1.405	45	0.479	1.530	104	0.500	0.500	312	0.604	1.155	458	0.729	1.589	
2	-16	1	4	-1	-2	24	401	0.500	1.125	72	0.604	1.280	239	0.625	1.375	465	0.625	0.625	109	0.729	1.589	
3	-23	3	4	2	1	0	10	0.500	0.500	280	0.750	0.905	283	0.750	1.125	243	0.750	0.875	275	0.875	0.875	
4	-36	-10	4	1	-2	3	156	0.375	0.375	494	0.479	1.280	417	0.604	1.500	224	0.625	0.625	226	0.625	0.625	
5	-33	3	4	-1	-1	29	493	0.625	0.625	267	0.750	1.250	320	0.854	1.714	74	0.875	0.875	319	0.964	0.964	
6	-38	-12	4	-1	2	71	34	0.684	1.464	483	0.729	1.714	435	0.750	1.000	488	0.809	1.339	217	0.854	1.339	
7	-15	0	4	-2	-1	20	401	0.500	0.875	234	0.500	1.375	291	0.559	1.589	89	0.625	0.625	464	0.729	1.714	
8	-35	-9	4	-1	1	3	322	0.125	0.125	107	0.479	1.155	453	0.500	0.875	422	0.625	0.625	187	0.729	1.714	
9	-34	0	4	-1	2	12	119	0.125	0.125	261	0.500	0.500	313	0.559	1.589	40	0.684	1.464	445	0.750	0.750	
10	-23	2	4	1	0	16	280	0.375	1.375	275	0.375	0.375	486	0.500	0.500	3	0.500	0.500	405	0.625	0.625	
11	-14	-4	4	-1	-2	1	266	0.250	0.250	338	0.500	0.500	443	0.625	0.625	220	0.979	1.354	286	1.125	1.229	
12	-20	-2	4	1	1	33	35	0.479	1.155	202	0.500	1.375	444	0.625	1.250	160	0.750	0.750	304	0.854	1.839	
13	-36	3	4	1	1	19	427	0.250	0.250	40	0.530	0.530	313	0.655	0.655	461	0.964	0.964	295	1.000	1.125	
14	-33	0	4	-1	-2	21	246	0.375	1.250	412	0.684	1.464	9	0.750	1.250	216	0.750	0.905	490	0.875	0.625	
15	-32	-1	4	1	0	0	380	0.375	1.375	361	0.375	1.125	216	0.500	0.500	474	0.780	0.780	445	0.780	0.780	
16	-35	-5	4	-1	0	0	173	0.375	0.375	52	0.375	0.375	174	0.375	1.375	440	0.500	0.500	477	0.729	1.714	
17	-28	3	4	-1	-2	21	106	0.604	1.280	367	0.625	0.625	298	1.104	1.936	368	1.125	0.964	426	1.125	0.875	
18	-14	-2	4	1	-1	31	307	0.500	0.500	365	0.625	1.250	303	0.625	1.000	415	0.750	0.750	449	0.750	0.750	
19	-33	-9	4	-2	-1	1	240	0.125	0.125	198	0.250	0.250	31	0.375	1.250	377	0.479	1.500	98	0.500	1.125	
20	-33	-5	4	-1	1	14	118	0.375	0.375	404	0.500	0.500	386	0.530	0.530	37	0.625	0.750	420	0.625	0.625	
21	-32	-12	4	1	-1	5	310	0.375	0.375	328	0.500	0.500	281	0.530	0.530	253	0.625	0.625	292	0.875	1.030	
22	-39	-10	4	1	-2	3	350	0.125	0.125	435	0.479	1.375	424	0.479	1.155	217	0.500	0.500	488	0.500	0.500	
23	-30	-4	4	0	1	35	184	0.625	0.625	53	0.625	0.625	299	0.729	1.280	378	0.750	0.625	361	0.979	1.875	
24	-22	-2	4	2	1	2	213	0.375	1.000	36	0.750	0.655	84	1.000	0.750	255	1.000	1.000	155	1.038	2.119	
25	-36	-12	4	1	-1	0	414	0.479	1.155	218	0.530	0.530	360	0.625	0.625	494	0.655	0.655	244	0.750	1.125	
26	-19	-3	4	-1	-1	0	416	0.750	1.125	136	0.750	0.750	210	0.750	0.625	160	0.780	0.625	260	1.000	0.780	
27	-12	-1	4	2	1	42	343	0.500	0.500	44	0.750	0.750	393	0.875	0.500	316	0.979	1.464	398	1.125	1.125	
28	-35	-12	4	-2	-1	0	32	0.125	0.125	100	0.500	0.500	127	0.500	0.500	241	0.750	0.750	244	0.750	1.155	
29	-24	2	4	1	-1	25	199	0.125	0.125	275	0.354	1.280	192	0.500	1.250	486	0.604	1.405	376	0.750	0.750	
30	-13	3	4	-1	2	7	175	0.625	0.625	42	0.750	0.750	148	0.875	0.875	470	1.000	0.375	308	1.125	0.905	
31	-34	-9	4	-1	1	0	98	0.375	0.375	8	0.500	0.875	63	0.530	0.530	107	0.604	1.714	78	0.625	0.625	
32	-35	-12	4	-1	-1	0	28	0.125	0.125	244	0.354	1.280	127	0.375	0.375	100	0.625	0.625	241	0.625	0.625	
33	-29	-2	4	2	-1	10	418	0.250	0.250	315	0.500	1.375	195	0.625	0.750	201	0.729	1.280	1	0.750	0.905	
34	-39	-10	4	1	1	38	488	0.125	0.125	483	0.500	0.500	188	0.625	0.625	22	0.625	0.625	161	0.729	1.714	
35	-19	-1	4	2	-1	10	497	0.250	0.250	149	0.625	0.875	200	0.750	0.875	284	0.875	1.250	160	1.000	0.905	
36	-21	-3	4	1	1	1	12	0.479	1.530	68	0.625	0.625	233	0.625	1.000	213	0.625	0.875	24	0.655	0.655	
37	-34	-5	4	-1	2	3	52	0.479	1.375	143	0.500	1.125	118	0.625	0.625	346	0.729	1.604	326	0.729	1.604	
38	-32	-10	4	-1	-2	1	327	0.375	0.375	446	0.479	1.500	163	0.500	0.875	482	0.500	1.375	140	0.625	0.875	
39	-33	-10	4	0	1	34	450	0.125	0.125	78	0.250	1.375	455	0.250	1.125	198	0.375	1.000	70	0.375	1.250	
40	-35	2	4	1	1	0	313	0.125	0.125	13	0.530	0.530	427	0.780	0.625	261	0.964	0.964	71	0.964	0.964	
41	-15	0	4	1	1	9	329	0.479	1.280	89	0.500	0.500	452	0.729	1.714	235	0.854	1.155	468	0.884	1.125	
42	-14	3	4	-1	1	2	148	0.125	0.125	308	0.625	0.625	383	1.030	0.854	358	1.125	1.125	465	1.229	1.229	
43	-39	-8	4	1	1	2	285	0.250	0.250	314	0.354	1.405	323	0.479	1.155	96	0.625	1.250	188	0.625	0.625	
44	-12	0	4	1	1	1	343	0.250	0.250	180	0.875	1.125	279	0.875	0.875	227	0.875	0.655	452	0.905	0.729	
45	-27	-2	4	1	1	4	73	0.125	0.125	312	0.375	0.375	99	0.625	0.625	433	0.729	1.714	400	0.750	0.625	
46	-16	-1	4	2	1	2	282	0.375	0.375	109	0.500	1.125	273	0.625	1.625	234	0.750	1.250	105	0.750	0.655	
47	-33	1	4	2	1	0	250	0.375	0.375	117	0.479	1.280	267	0.625	0.625	103	0.750	0.875	445	0.750	0.625	
48	-21	1	4	1	1	1	248	0.375	0.375	382	0.625	0.625	155	0.750	1.000	170	0.750	0.750	206	0.750	0.625	
49	-25	-1	4	-1	-1	4	238	0.250	0.250	411	0.354	1.280	366	0.375	0.375	108	0.479	1.405	115	0.625	0.625	
50	-16	3	4	1	-1	37	457	0.375	0.375	276	0.375	0.375	231	0.500	0.500	495	0.500	0.875	456	0.530	0.530	
51	-26	2	4	2	-1	9	132	0.250	0.250	407	0.604	1.280	368	0.625	0.625	236	0.655	0.655	355	0.729	1.714	
52	-35	-4	4	-1	0	0	193	0.250	0.250	403	0.375	0.375	16	0.375	0.375	359	0.500	0.500	262	0.500	0.500	
53	-29	-4	4	-1	1	3	294	0.479	1.155	104	0.530	0.530	23	0.750	0.625	299	0.854	1.589	362	0.854	1.839	
54	-20	0	4	-1	0	3	479	0.500	0.500	349	0.604	1.839	437	0.625	0.780	202	0.625	0.625	170	0.729	1.714	
55	-28	0	4	-1	-1	0	111	0.604	1.155	79	0.625	0.750	402	0.625	0.625	418	0.729	1.714	92	0.854	1.339	
56	-33	-4	4	1	-1	7	459	0.125	0.125	207	0.375	0.375	404	0.500	1.375	169	0.625	1.125	268	0.750	1.250	
57	-37	-10	4	0	1	2	453	0.625	0.780	67	0.750	0.625	156	0.750	0.875	187	0.809	2.082	271	0.875	0.875	
58	-15	-2	4	2	1	1	105	0.125	0.125	18	0.375	1.250	307	0.375	1.000	415	0.625	0.750	273	0.750	0.905	
59	-40	-8	4	-1	0	0	124	0.625	0.625	186	0.875	0.750	285	0.875	0.750	96	0.905	0.729	217	0.964	0.964	
60	-35	-1	4	0	1	7	179	0.125	0.125	356	0.375	0.375	337	0.375	1.125	277	0.500	0.500	119	0.625	1.030	
61	-25	-4	4	1	-1	0	287	0.125	0.125	397	0.750	1.125	472	0.750	0.750	242	0.854	1.589	264	0.854	1.339	
62	-33	-8	4	-2	-1	3	154	0.250	0.250	122	0.250	0.250	63	0.375	0.375	101	0.500	0.875	19	0.625	0.625	
63	-33	-8	4	-1	1	0	122	0.125	0.125	334	0.354	1.405	62	0.375	0.375	31	0.530	0.530	154	0.625	0.625	
64	-33	-2	4	-1	0	2	330	0.375	1.125	403	0.604	1.589	356	0.604	1.250	289	0.750	0.750	474	0.750	0.750	
65	-21	2	4	-1	0	3	83	0.500	0.500	351	0.500	1.250	166	0.604	1.839	237	0.625	0.780	437	0.750	0.625	
66	-33	-6	4	1	0	3	432	0.375	1.375	385	0.500	1.000	463	0.500	0.500	331	0.750	0.750	20	0.750	1.125	
67	-38	-10	4	-1	1	0	217	0.500	1.250	483	0.500	0.875	57	0.625	0.625	43	0.854	1.589	285	0.854	1.839	
68	-21	-3	4	-2	1	0	255	0.500	1.375	110	0.500	0.500	36	0.625	0.625	462	0.625	0.625	399	0.875	0.500	
69	-24	1	4	-1	0	7	192	0.375	0.375	407	0.375	1.000	147	0.375	0.375	197	0.625	0.625	406	0.625	0.625	
70	-33	-9	4	1	2	2	78	0.125	0.125	455	0.125	0.125	63	0.375	1.250	122	0.500	1.125	198	0.500	0.500	
71	-37	3	4	1	2	0	409	0.250	0.250	427	0.750	1.000	13	0.750	0.750	313	0.839	0.839	295	1.375	1.207	
72	-17	0	4	-2	1	3	141	0.375	1.250	284	0.500	0.875	342	0.559	1.589	291	0.625	0.625	370	0.750	1.155	
73	-27	-2	4	1	2	0	45	0.125	0.125	312	0.250	0.250	400	0.500	0.500	458	0.625	1.250	183	0.684	1.714	
74	-33	3	4	2	1	0	493	0.500	0.500	496	0.500	0.875	182	0.500	1.125	267	0.625	0.625	319	0.854	1.354	
75	-13	-2	4	2	1	1	365	0.250	0.250	27	0.479	1.280	393	0.500	0.875	421	0.625	0.625	398	0.750	1.250	
76	-12	2	4	1	-2	35	318	0.375	1.250	394	0.375	1.250	180	0.500	1.125	211	0.875	0.780	358	0.875	0.875	
77	-20	-4	4	2	1	0	410	0.500	0.875	233	0.625	0.625	416	0.625	1.000	36	0.655	0.655	196	0.875	1.155	
78	-33	-9	4	0	1	0	70	0.125	0.125	455	0.250	0.250	63	0.250	1.125	122	0.375	1.000	198	0.375	0.375	
79	-28	-1	4	-2	-1	1	290	0.500	0.500	146	0.559	1.589	55	0.750	0.625	111	0.750	0.875	195	0.750	1.000	
80	-26	3	4	1	2	0	133	0.250	0.250	339	0.375	0.375	228	0.750	0.875	51	0.875	0.875	29	0.979	1.464	
81	-31	-11	4	2	-1	29	292	0.375	0.375	21	0.655	0.655	482	0.875	0.625	310	1.030	0.604	163	1.125	1.125	
82	-26	0	4	1	0	0	371	0.250	1.125	489	0.250	0.250	183	0.500	0.500	466	0.604	1.589	406	0.729	1.714	
83	-21	1	4	-2	-1	3	437	0.125	0.125	237	0.375	1.250	248	0.500	0.500	170	0.500	1.125	65	0.500	0.500	
84	-23	-2	4	0	-1	0	325	0.250	0.250	447	0.250	1.125	176	0.500	0.500	255	0.750	0.905	460	0.875	0.875	
85	-19	3	4	0	1	0	344	0.125	0.125	442	0.250	0.250	113	0.375	0.375	293	0.500	0.500	324	0.750	0.875	
86	-33	-10	4	-1	-1	0	140	0.125	0.125	446	0.625	0.750	163	0.655	0.655	352	0.729	1.589	377	0.750	0.750	
87	-35	-10	4	1	-2	0	205	0.250	0.250	417	0.500	0.875	494	0.500	1.125	171	0.559	1.589	4	0.625	0.625	
88	-37	-6	4	-2	-1	0	477	0.250	0.250	297	0.500	0.500	269	0.625	1.125	96	0.729	1.589	476	0.750	1.280	
89	-15	0	4	1	-1	0	235	0.354	1.405	41	0.500	0.500	282	0.530	0.530	273	0.604	1.530	7	0.625	0.625	
90	-27	0	4	0	1	0	431	0.375	1.375	183	0.375	0.375	467	0.375	1.125	162	0.500	0.500	426	0.604	1.589	
91	-29	2	4	-1	1	3	106	0.125	0.125	436	0.354	1.280	120	0.500	1.375	426	0.625	0.625	144	0.625	0.625	
92	-30	1	4	-1	0	2	298	0.250	0.250	120	0.625	0.625	139	0.729	1.714	387	0.750	0.750	319	0.750	0.905	
93	-35	-1	4	-1	0	0	341	0.375	1.000	60	0.500	0.500	125	0.625	0.625	179	0.625	0.625	332	0.729	1.280	
94	-17	-1	4	1	0	0	413	0.125	0.125	46	0.250	1.250	282	0.250	1.125	464	0.750	0.750	18	0.854	1.957	
95	-18	3	4	-1	0	4	209	0.125	0.125	442	0.250	1.125	344	0.375	1.000	370	0.750	0.750	259	0.854	1.729	
96	-39	-7	4	-2	1	0	185	0.125	0.125	419	0.375	0.375	124	0.375	1.250	314	0.875	0.875	348	0.875	1.125	
97	-13	0	4	1	-1	0	27	0.479	1.155	44	0.500	1.375	273	0.530	0.530	468	0.625	0.625	343	0.750	1.125	
98	-34	-9	4	-2	-1	0	31	0.375	0.375	8	0.375	1.250	322	0.500	1.375	377	0.625	0.875	86	0.655	0.655	
99	-27	-2	4	1	-2	0	195	0.500	0.500	45	0.625	0.625	305	0.750	1.155	458	0.750	0.750	73	0.750	0.750	
100	-35	-12	4	-1	2	0	352	0.375	1.000	384	0.500	1.125	28	0.500	0.500	32	0.625	0.625	417	0.750	1.125	
101	-34	-8	4	-1	-2	1	98	0.500	0.875	322	0.604	1.280	154	0.625	0.625	471	0.655	0.655	87	0.729	1.589	
102	-17	3	4	-1	-1	12	272	0.125	0.125	456	0.625	1.375	209	0.625	1.250	487	0.655	0.655	276	0.750	0.625	
103	-32	1	4	-1	2	0	250	0.500	0.500	139	0.500	1.125	117	0.500	1.125	392	0.625	0.625	347	0.750	0.750	
104	-28	-3	4	-1	1	0	1	0.500	0.500	53	0.530	0.530	475	0.604	1.714	290	0.625	0.625	302	0.625	1.250	
105	-15	-2	4	1	1	0	58	0.125	0.125	307	0.500	0.875	46	0.655	0.655	415	0.750	0.625	303	0.854	1.155	
106	-29	2	4	-2	1	3	91	0.125	0.125	120	0.375	1.250	451	0.684	1.464	426	0.750	0.750	144	0.750	0.750	
107	-36	-8	4	-2	-1	0	354	0.500	1.125	257	0.625	0.625	297	0.750	0.905	453	0.750	0.750	88	0.839	0.839	
108	-26	-2	4	-2	-1	3	411	0.125	0.125	312	0.500	1.125	249	0.500	0.500	400	0.625	0.625	458	0.625	0.625	
109	-15	-1	4	1	-2	0	235	0.625	0.625	58	0.750	0.875	273	0.750	0.750	282	0.750	0.625	75	0.854	1.604	
110	-21	-2	4	-1	0	1	462	0.125	0.125	68	0.500	0.500	447	0.604	1.839	349	0.625	0.780	213	0.750	0.750	
111	-29	-1	4	1	-2	0	33	0.500	0.875	418	0.500	1.125	315	0.604	1.280	138	0.625	0.625	45	0.729	1.479	
112	-36	-6	4	1	1	1	375	0.125	0.125	353	0.375	0.375	174	0.750	1.125	193	0.854	1.589	369	0.875	0.875	
113	-20	3	4	0	1	0	85	0.375	0.375	158	0.500	0.500	344	0.500	0.500	442	0.625	0.625	293	0.750	0.875	
114	-25	-2	4	0	1	0	366	0.375	1.000	400	0.375	0.375	115	0.500	1.250	466	0.604	1.250	183	0.604	1.589	
115	-25	-1	4	-1	2	0	366	0.250	0.250	238	0.375	0.375	181	0.559	1.589	481	0.604	1.280	49	0.625	0.625	
116	-12	-4	4	1	-2	5	485	0.375	0.375	266	1.000	1.000	150	1.250	1.000	443	1.250	1.354	75	1.339	0.979	
117	-32	2	4	2	1	0	139	0.500	0.500	363	0.559	1.589	182	0.625	0.625	496	0.625	0.875	347	0.750	0.655	
118	-33	-5	4	1	2	0	463	0.250	0.250	20	0.375	0.375	169	0.479	1.375	268	0.604	1.500	37	0.625	0.625	
119	-34	0	4	0	1	0	9	0.125	0.125	261	0.375	0.375	445	0.625	0.625	337	0.625	0.625	250	0.625	1.030	
120	-30	2	4	-1	-1	0	451	0.530	0.530	436	0.625	0.625	92	0.625	0.625	319	0.625	0.750	103	0.854	1.464	
121	-34	-13	4	0	-1	0	379	0.125	0.125	306	0.750	1.125	32	0.780	0.780	281	0.875	0.625	190	1.000	1.000	
122	-33	-8	4	-2	1	0	63	0.125	0.125	62	0.250	0.250	334	0.479	1.500	154	0.500	0.500	101	0.500	1.125	
123	-32	0	4	0	1	0	103	0.500	1.250	445	0.625	0.625	347	0.625	1.280	47	0.750	0.905	119	0.750	0.750	
124	-40	-7	4	-1	-1	0	348	0.500	0.500	59	0.625	0.625	419	0.875	0.500	188	0.979	1.354	186	1.000	0.780	
125	-35	-2	4	-1	-1	8	296	0.479	1.280	93	0.625	0.625	332	0.625	0.875	262	0.625	0.750	341	0.655	0.655	
126	-16	-2	4	-1	1	2	291	0.479	1.405	492	0.500	1.250	46	0.625	1.250	413	0.854	1.155	105	0.875	0.875	
127	-35	-12	4	1	-2	0	32	0.375	0.375	379	0.479	1.280	28	0.500	0.500	241	0.500	0.500	171	0.625	0.625	
128	-32	-6	4	-2	1	0	420	0.375	1.250	385	0.500	0.500	478	0.500	1.125	118	0.604	1.280	498	0.625	1.625	
129	-16	-3	4	1	-2	0	311	0.375	1.375	177	0.375	0.375	338	0.479	1.155	222	0.500	1.250	223	0.625	0.625	
130	-29	3	4	2	1	0	144	0.625	0.625	17	0.750	1.125	426	1.000	0.750	367	1.000	1.354	132	1.104	1.707	
131	-18	-4	4	-1	-2	1	416	0.500	0.500	210	0.625	1.000	26	0.655	0.655	232	0.750	0.750	136	0.839	0.839	
132	-26	2	4	1	-2	3	51	0.250	0.250	368	0.375	0.375	355	0.684	1.714	371	0.729	1.714	376	0.729	1.589	
133	-26	3	4	-1	2	0	339	0.125	0.125	80	0.250	0.250	367	0.750	1.250	228	1.000	0.875	270	1.000	0.780	
134	-34	-7	4	-1	-1	0	153	0.500	1.375	101	0.500	1.000	471	0.500	0.875	498	0.625	0.625	256	0.625	0.625	
135	-36	1	4	-1	-2	2	491	0.250	0.250	214	0.500	1.125	245	0.750	0.625	277	0.854	1.479	337	0.875	1.125	
136	-20	-3	4	-1	-2	0	340	0.729	1.589	77	0.750	1.125	26	0.750	0.625	260	0.750	0.750	131	0.839	0.839	
137	-38	-9	4	0	-1	0	226	0.750	0.905	483	0.750	1.250	67	0.750	1.125	22	0.750	0.905	156	0.854	1.589	
138	-30	-1	4	1	-2	1	418	0.479	1.280	428	0.500	0.500	165	0.500	1.375	475	0.500	1.125	302	0.559	1.589	
139	-32	2	4	-1	2	0	182	0.500	1.125	496	0.500	1.375	117	0.500	0.500	493	0.750	1.280	74	0.875	1.030	
140	-33	-10	4	-2	-1	0	86	0.125	0.125	377	0.500	0.875	446	0.625	0.625	19	0.625	0.625	198	0.625	0.625	
141	-18	0	4	-1	0	0	370	0.375	0.375	284	0.375	0.375	168	0.625	0.625	208	0.729	1.714	448	0.750	0.625	
142	-36	-14	4	-1	-2	0	388	0.375	0.375	244	0.750	0.750	212	0.875	0.875	499	1.000	1.000	379	1.089	1.059	
143	-34	-4	4	2	1	0	56	0.375	1.250	346	0.479	1.280	459	0.500	1.375	207	0.500	1.125	463	0.875	0.780	
144	-29	2	4	2	1	0	91	0.625	0.625	130	0.625	0.625	426	0.625	0.750	106	0.750	0.750	164	0.875	0.500	
145	-26	2	4	-1	2	0	133	0.375	1.125	339	0.500	1.000	80	0.500	1.375	270	0.625	0.875	368	0.625	0.625	
146	-30	-2	4	-2	1	0	475	0.250	0.250	362	0.375	0.375	165	0.500	0.500	294	0.625	0.625	152	0.625	1.250	
147	-24	0	4	-1	0	0	69	0.375	0.375	473	0.500	0.500	249	0.604	1.589	238	0.625	1.030	49	0.729	1.280	
148	-14	3	4	-2	1	1	42	0.125	0.125	308	0.500	0.500	231	0.625	1.625	276	0.750	1.500	495	0.875	1.125	
149	-19	-2	4	1	-2	0	26	0.375	1.250	160	0.500	0.500	131	0.559	1.589	196	0.625	0.750	94	0.979	1.214	
150	-12	-3	4	-1	1	5	421	0.479	1.530	365	0.604	1.155	247	0.625	1.250	393	0.750	1.250	75	0.854	1.155	
151	-14	2	4	1	-1	0	358	0.250	0.250	211	0.354	1.405	383	0.500	1.375	452	0.604	1.405	308	0.750	0.750	
152	-30	-1	4	1	1	0	138	0.625	0.625	372	0.625	0.875	402	0.729	1.714	418	0.854	1.155	278	0.854	1.839	
153	-35	-7	4	-1	1	0	194	0.250	0.250	353	0.354	1.405	471	0.500	0.500	203	0.625	0.625	88	0.729	1.714	
154	-33	-8	4	-1	-2	1	62	0.250	0.250	240	0.375	1.000	204	0.375	1.250	98	0.479	1.500	122	0.500	0.500	
155	-20	1	4	2	1	0	206	0.375	0.375	301	0.479	1.280	208	0.500	0.500	259	0.750	0.750	344	0.854	1.604	
156	-36	-10	4	1	0	2	4	0.375	0.375	87	0.375	1.000	205	0.500	1.250	494	0.604	1.375	453	0.750	1.125	
157	-17	-4	4	1	-1	0	129	0.655	0.655	311	0.750	0.750	131	0.750	0.750	220	0.979	1.125	338	1.000	1.000	
158	-20	3	4	-1	0	2	113	0.500	0.500	283	0.625	1.375	351	0.729	1.714	85	0.875	0.750	65	0.875	1.030	
159	-37	-6	4	1	1	1	112	0.500	0.875	375	0.625	1.000	187	0.655	0.655	477	0.875	0.875	88	0.875	0.875	
160	-20	-2	4	0	-1	0	260	0.500	0.500	149	0.500	0.500	136	0.500	1.250	196	0.604	1.250	26	0.625	0.780	
161	-38	-8	4	1	2	0	314	0.375	1.125	285	0.500	0.500	185	0.729	1.375	43	0.750	0.625	159	0.934	1.714	
162	-28	0	4	1	2	0	278	0.375	0.375	402	0.500	0.500	90	0.500	0.500	106	0.729	1.604	431	0.750	1.155	
163	-32	-11	4	-2	-1	0	167	0.375	0.375	253	0.479	1.375	446	0.500	1.125	482	0.500	0.500	327	0.500	0.500	
164	-29	1	4	1	2	0	91	0.375	1.250	144	0.500	0.875	106	0.500	1.125	426	0.750	1.155	387	0.750	0.625	
165	-30	-2	4	-1	-2	4	475	0.250	0.250	294	0.500	0.875	146	0.500	0.500	418	0.625	0.625	408	0.729	1.604	
166	-23	1	4	-1	-1	0	147	0.354	1.280	486	0.625	0.625	69	0.750	1.125	192	0.750	0.750	406	0.875	1.125	
167	-32	-11	4	-1	1	0	163	0.375	0.375	140	0.479	1.155	39	0.479	1.280	450	0.604	1.155	327	0.625	0.625	
168	-18	1	4	-1	-1	0	448	0.125	0.125	370	0.250	0.250	342	0.500	1.000	497	0.729	1.714	141	0.750	0.625	
169	-32	-4	4	1	0	0	268	0.125	0.125	184	0.375	1.125	288	0.625	0.780	386	0.750	0.750	432	0.750	0.750	
170	-22	1	4	-1	2	0	237	0.125	0.125	300	0.604	1.280	248	0.625	0.625	166	0.625	1.250	48	0.750	0.750	
171	-34	-12	4	-1	-2	0	241	0.125	0.125	265	0.125	0.125	379	0.375	1.375	253	0.500	0.500	127	0.625	0.625	
172	-35	0	4	1	-1	0	337	0.500	0.500	277	0.625	0.625	261	0.625	1.250	214	0.750	0.750	461	0.750	0.750	
173	-35	-5	4	-1	-2	7	16	0.375	0.375	440	0.500	0.875	369	0.750	1.280	52	0.750	0.750	256	0.854	1.604	
174	-36	-5	4	-1	0	0	326	0.500	0.500	477	0.604	1.375	88	0.625	1.155	353	0.750	0.625	193	0.780	0.780	
175	-13	3	4	-1	-1	13	308	0.354	1.280	358	0.479	1.280	42	0.500	1.375	30	0.625	0.625	148	0.625	1.250	
176	-24	-2	4	1	-2	0	264	0.479	1.375	84	0.500	0.500	460	0.625	0.625	447	0.750	0.905	325	0.750	0.750	
177	-16	-3	4	1	0	0	129	0.375	0.375	220	0.625	0.625	105	0.625	1.280	11	0.729	1.464	266	0.729	1.714	
178	-21	-4	4	2	-1	0	77	0.500	1.375	196	0.729	1.464	36	0.750	0.750	410	0.750	1.500	233	0.875	1.030	
179	-35	-1	4	1	2	0	60	0.125	0.125	277	0.375	0.375	119	0.479	1.155	356	0.500	0.500	337	0.500	1.000	
180	-12	1	4	-2	-1	17	394	0.125	0.125	318	0.375	0.375	316	0.375	1.250	279	0.625	0.875	211	0.750	0.875	
181	-26	1	4	1	2	0	391	0.375	0.375	431	0.500	0.500	145	0.500	1.375	199	0.729	1.604	82	0.750	0.750	
182	-32	3	4	2	1	0	496	0.250	0.250	117	0.625	0.625	363	0.750	1.750	493	0.875	0.875	451	0.875	1.125	
183	-26	0	4	0	1	0	181	0.250	1.250	391	0.250	1.125	90	0.375	0.375	82	0.500	0.500	481	0.625	0.625	
184	-31	-4	4	1	1	0	299	0.500	1.375	378	0.500	0.500	23	0.625	0.625	362	0.854	1.839	439	0.854	1.464	
185	-39	-7	4	-1	0	0	96	0.125	0.125	419	0.250	0.250	124	0.250	1.125	59	0.625	1.030	285	0.875	0.500	
186	-39	-8	4	0	-1	0	137	0.625	1.030	43	0.750	0.750	124	0.780	0.780	364	0.854	1.589	269	0.964	0.964	
187	-36	-7	4	1	2	0	112	0.375	1.000	353	0.500	1.375	257	0.500	0.500	375	0.500	0.875	203	0.625	0.875	
188	-39	-9	4	1	0	2	488	0.500	0.500	161	0.604	1.375	43	0.625	0.625	34	0.625	0.625	224	0.729	1.714	
189	-36	-2	4	1	2	0	179	0.479	1.280	277	0.604	1.375	337	0.729	1.714	60	0.750	1.155	345	0.875	0.625	
190	-33	-13	4	0	1	7	306	0.250	0.250	252	0.375	1.000	373	0.604	1.589	328	0.729	1.280	281	0.750	0.750	
191	-34	-2	4	1	1	0	336	0.125	0.125	412	0.500	0.500	330	0.500	0.500	356	0.750	1.125	277	0.780	0.625	
192	-24	1	4	-1	-2	1	69	0.375	0.375	376	0.500	0.500	407	0.625	0.625	147	0.625	0.750	49	0.729	1.714	
193	-35	-4	4	-1	1	0	52	0.250	0.250	326	0.500	1.250	16	0.625	0.625	403	0.625	0.625	189	0.729	1.714	
194	-35	-7	4	-1	0	0	153	0.250	0.250	257	0.250	1.250	471	0.250	0.250	440	0.500	0.500	369	0.750	0.905	
195	-28	-2	4	0	-1	0	290	0.500	0.500	99	0.500	0.500	418	0.500	0.500	302	0.625	1.155	315	0.625	0.625	
196	-19	-3	4	1	0	0	157	0.604	1.839	149	0.750	0.625	410	0.750	0.625	12	0.780	0.780	35	0.875	0.875	
197	-24	2	4	-1	1	0	339	0.604	1.589	69	0.625	0.625	199	0.875	0.875	243	0.964	0.964	192	1.000	1.000	
198	-33	-9	4	-2	1	0	19	0.250	0.250	240	0.375	0.375	78	0.375	0.375	98	0.500	1.375	70	0.500	0.500	
199	-24	2	4	2	-1	12	29	0.125	0.125	275	0.479	1.155	376	0.625	0.625	192	0.625	1.125	10	0.625	1.250	
200	-18	-1	4	-1	-2	0	497	0.625	0.625	223	0.729	1.589	26	0.729	1.714	464	0.750	0.625	141	0.750	0.750	
201	-28	-1	4	1	2	0	162	0.500	1.125	278	0.625	0.750	45	0.655	0.655	431	0.684	1.714	467	0.729	1.714	
202	-20	-1	4	-1	1	0	444	0.125	0.125	260	0.625	0.625	54	0.625	0.625	479	0.625	1.125	48	0.854	1.589	
203	-35	-7	4	2	1	0	219	0.479	1.500	230	0.479	1.280	274	0.500	0.500	256	0.500	1.375	333	0.604	1.375	
204	-33	-9	4	1	-1	0	455	0.500	0.500	240	0.500	0.500	38	0.604	1.155	70	0.625	0.625	331	0.625	0.625	
205	-35	-10	4	2	-1	1	87	0.250	0.250	417	0.625	0.625	494	0.625	0.875	70	0.729	1.604	377	0.750	0.875	
206	-20	1	4	0	1	0	208	0.125	0.125	155	0.375	0.375	248	0.500	0.500	65	0.604	1.250	48	0.625	0.625	
207	-33	-4	4	2	1	0	459	0.250	0.250	56	0.375	0.375	169	0.375	1.250	268	0.500	1.125	463	0.625	0.625	
208	-20	1	4	-1	2	0	206	0.125	0.125	65	0.479	1.375	155	0.500	0.500	437	0.625	1.250	248	0.625	0.625	
209	-18	3	4	-2	1	3	95	0.125	0.125	442	0.375	1.000	344	0.500	0.875	85	0.625	0.750	324	0.875	0.875	
210	-19	-4	4	-1	0	3	26	0.625	0.625	410	0.625	0.625	68	0.729	1.714	255	0.809	2.000	136	0.875	0.905	
211	-13	1	4	1	-2	0	452	0.250	0.250	97	0.375	1.000	343	0.479	1.375	318	0.500	0.500	227	0.750	0.750	
212	-36	-14	4	1	1	33	499	0.125	0.125	388	0.500	0.500	258	0.500	0.875	414	0.604	1.405	434	0.655	0.655	
213	-21	-2	4	1	1	0	12	0.500	0.875	444	0.604	1.155	35	0.729	1.714	202	0.729	1.030	479	0.854	1.839	
214	-36	0	4	-1	-2	2	381	0.375	1.250	341	0.500	1.125	172	0.750	0.750	191	0.979	1.229	125	0.979	1.214	
215	-33	-3	4	2	-1	0	346	0.250	0.250	288	0.625	1.375	459	0.625	0.625	207	0.625	0.625	184	0.684	1.464	
216	-32	-1	4	0	-1	0	428	0.375	0.375	246	0.375	0.375	15	0.500	0.500	474	0.625	0.780	64	0.729	1.250	
217	-39	-10	4	-2	-1	0	483	0.375	0.375	350	0.375	0.375	22	0.500	0.500	34	0.875	0.875	488	1.000	1.000	
218	-37	-13	4	1	-1	0	388	0.479	1.530	25	0.530	0.530	142	0.604	1.155	258	0.625	1.375	434	0.625	0.625	
219	-34	-6	4	1	2	0	333	0.125	0.125	230	0.250	0.250	37	0.500	1.375	463	0.604	1.500	193	0.729	1.714	
220	-16	-3	4	-1	2	0	126	0.375	1.000	492	0.604	1.280	177	0.625	0.625	105	0.750	1.155	413	0.809	1.339	
221	-34	-4	4	-1	-1	0	16	0.354	1.280	173	0.354	1.405	193	0.500	1.375	404	0.530	0.530	359	0.625	0.625	
222	-16	-4	4	-1	-1	1	311	0.125	0.125	338	0.625	0.625	286	0.750	0.750	232	0.854	1.339	223	0.905	0.729	
223	-17	-3	4	1	-2	0	157	0.375	1.000	129	0.625	0.625	177	0.750	1.000	222	0.750	0.905	131	0.875	1.030	
224	-37	-10	4	1	-2	0	226	0.250	0.250	4	0.625	0.625	156	0.750	1.000	350	0.875	0.875	57	0.875	0.875	
225	-22	0	4	1	1	0	237	0.500	1.375	390	0.500	0.500	405	0.530	0.530	248	0.604	1.155	48	0.604	1.530	
226	-37	-10	4	-1	-2	0	224	0.250	0.250	4	0.625	0.625	424	0.750	1.155	67	0.750	1.250	57	0.875	0.875	
227	-13	1	4	1	2	0	316	0.375	0.375	383	0.375	1.000	329	0.500	0.500	452	0.500	0.500	44	0.655	0.655	
228	-25	3	4	2	1	0	251	0.500	1.125	10	0.729	1.464	199	0.875	1.030	133	0.875	0.875	29	1.000	1.155	
229	-15	1	4	-1	-1	0	401	0.354	1.405	465	0.375	0.375	234	0.479	1.155	89	0.500	1.375	72	0.604	1.714	
230	-34	-6	4	2	1	0	219	0.250	0.250	333	0.375	0.375	118	0.479	1.500	256	0.625	0.625	37	0.750	1.125	
231	-16	3	4	-1	-1	2	276	0.125	0.125	50	0.500	0.500	102	0.500	0.875	272	0.625	0.750	456	0.729	1.030	
232	-18	-3	4	-1	0	2	26	0.250	1.125	438	0.375	0.375	210	0.625	1.030	131	0.750	0.750	462	0.809	2.000	
233	-20	-3	4	2	1	0	77	0.625	0.625	196	0.625	1.250	213	0.655	0.655	12	0.750	0.750	131	0.854	1.354	
234	-16	0	4	-2	1	3	401	0.500	0.500	72	0.500	1.125	168	0.684	1.464	370	0.684	1.714	200	0.729	1.604	
235	-14	-1	4	1	-2	0	273	0.125	0.125	18	0.375	1.000	75	0.604	1.280	109	0.625	0.625	97	0.655	0.655	
236	-27	1	4	1	-1	2	82	0.354	1.280	467	0.500	0.500	489	0.604	1.530	181	0.625	1.250	335	0.625	0.625	
237	-22	1	4	-1	1	0	170	0.125	0.125	300	0.479	1.155	280	0.750	1.125	351	0.750	0.750	65	0.780	0.625	
238	-25	-1	4	-1	0	1	366	0.125	0.125	49	0.250	0.250	249	0.375	1.375	115	0.375	0.375	183	0.604	1.250	
239	-16	-1	4	-1	-1	0	492	0.479	1.405	282	0.500	0.500	291	0.625	1.250	464	0.625	0.875	223	0.729	1.714	
240	-33	-9	4	-1	-1	0	19	0.125	0.125	377	0.354	1.405	198	0.375	0.375	31	0.500	1.375	204	0.500	0.500	
241	-34	-12	4	0	-1	0	171	0.125	0.125	121	0.250	1.375	265	0.250	0.250	253	0.375	0.375	379	0.375	1.250	
242	-23	-3	4	1	1	2	264	0.250	0.250	430	0.500	0.500	24	0.604	1.405	441	0.655	0.655	0	0.913	2.229	
243	-22	3	4	-1	2	0	283	0.750	0.750	113	0.875	0.875	351	0.875	0.875	3	0.875	0.750	197	0.964	0.964	
244	-36	-13	4	-1	0	0	6	0.729	1.714	142	0.750	0.750	258	0.750	0.750	218	0.750	1.125	499	1.000	0.625	
245	-35	1	4	-1	-1	0	214	0.354	1.405	172	0.500	1.375	491	0.750	0.750	135	0.750	0.750	381	0.854	1.839	
246	-33	-1	4	0	-1	0	216	0.375	0.375	474	0.375	1.125	412	0.625	0.780	396	0.729	1.714	428	0.750	0.750	
247	-13	-3	4	-2	-1	7	11	0.604	1.500	266	0.604	1.280	421	0.750	0.750	443	0.750	0.905	303	0.750	0.875	
248	-21	1	4	-1	2	0	48	0.375	0.375	83	0.500	0.500	206	0.500	0.500	351	0.604	1.280	65	0.625	0.750	
249	-26	-1	4	-1	0	0	411	0.375	0.375	108	0.500	0.500	481	0.500	0.500	195	0.604	1.589	290	0.604	1.589	
250	-33	1	4	0	1	0	47	0.375	0.375	103	0.500	0.500	490	0.625	0.625	117	0.750	1.375	320	0.854	1.479	
251	-24	3	4	1	-2	0	10	0.479	1.375	29	0.500	1.000	199	0.625	0.875	3	0.625	1.125	132	0.839	0.839	
252	-33	-12	4	-2	1	0	265	0.375	1.250	171	0.500	1.125	373	0.604	1.375	241	0.625	1.000	32	0.625	1.625	
253	-33	-12	4	0	-1	0	281	0.250	1.125	241	0.375	0.375	171	0.500	0.500	252	0.625	0.625	21	0.625	0.625	
254	-26	-4	4	1	2	0	480	0.500	0.500	472	0.500	0.500	61	0.625	1.250	287	0.750	1.250	114	0.854	1.714	
255	-22	-3	4	-2	-1	3	447	0.375	1.000	430	0.375	1.250	340	0.625	0.625	242	0.875	1.125	429	0.934	1.375	
256	-34	-7	4	2	-1	0	331	0.479	1.155	154	0.604	1.280	230	0.625	0.625	101	0.625	1.125	134	0.625	0.625	
257	-36	-7	4	-2	1	0	297	0.375	1.250	187	0.500	0.500	112	0.625	1.250	353	0.625	0.875	107	0.625	0.625	
258	-36	-13	4	1	1	0	100	0.604	1.155	414	0.625	1.000	384	0.729	1.714	244	0.750	0.750	352	0.854	1.589	
259	-20	1	4	-1	-2	1	83	0.625	0.875	54	0.625	0.750	497	0.729	1.589	35	0.729	1.604	208	0.750	0.750	
260	-20	-2	4	-1	0	0	110	0.375	1.375	160	0.500	0.500	462	0.500	1.250	202	0.625	0.625	68	0.750	0.905	
261	-34	0	4	2	1	0	119	0.375	0.375	445	0.375	1.000	47	0.479	1.280	9	0.500	0.500	250	0.604	1.375	
262	-35	-3	4	-2	-1	0	403	0.125	0.125	52	0.500	0.500	263	0.604	1.280	221	0.655	0.655	332	0.750	0.655	
263	-36	-4	4	1	-2	2	326	0.500	0.500	359	0.500	0.500	88	0.729	1.604	173	0.750	1.030	440	0.809	1.339	
264	-23	-3	4	1	0	0	242	0.250	0.250	325	0.625	0.625	24	0.750	1.155	430	0.750	0.750	441	0.750	0.905	
265	-34	-12	4	-1	-1	0	171	0.125	0.125	241	0.250	0.250	379	0.500	1.250	28	0.500	1.000	253	0.625	0.625	
266	-14	-4	4	1	-2	0	11	0.250	0.250	338	0.500	0.500	443	0.875	0.875	116	1.134	1.000	247	1.280	0.604	
267	-33	2	4	2	-1	19	117	0.375	1.375	47	0.625	0.625	74	0.625	0.625	496	0.729	1.280	347	0.854	1.464	
268	-32	-4	4	2	1	0	169	0.125	0.125	184	0.500	1.000	386	0.625	0.625	288	0.750	0.905	408	0.750	1.250	
269	-37	-7	4	1	-2	0	354	0.500	1.125	297	0.625	0.625	137	0.729	1.464	187	0.750	1.250	476	0.875	0.875	
270	-27	2	4	-2	1	0	426	0.625	0.750	339	0.655	0.655	367	0.875	0.750	17	0.875	1.030	436	0.934	2.082	
271	-35	-10	4	-1	2	0	8	0.375	1.000	422	0.375	0.375	322	0.500	0.875	31	0.750	0.655	39	0.875	0.875	
272	-17	3	4	-1	-2	4	102	0.125	0.125	456	0.500	1.250	276	0.625	0.625	168	0.729	1.714	95	0.750	1.000	
273	-14	-1	4	1	-1	0	235	0.125	0.125	75	0.479	1.155	18	0.500	0.875	97	0.530	0.530	449	0.604	1.155	
274	-35	-8	4	1	0	0	203	0.500	0.500	204	0.604	1.839	334	0.729	1.375	377	0.854	1.479	153	0.875	1.125	
275	-23	1	4	1	0	0	486	0.125	0.125	405	0.250	0.250	10	0.375	0.375	382	0.604	1.589	280	0.625	1.030	
276	-16	3	4	-1	-2	4	231	0.125	0.125	50	0.375	0.375	487	0.500	0.875	272	0.625	0.625	102	0.750	0.750	
277	-35	-1	4	1	0	0	179	0.375	0.375	60	0.500	0.500	474	0.604	1.839	119	0.604	1.250	337	0.625	0.625	
278	-28	0	4	1	0	0	402	0.125	0.125	162	0.375	0.375	431	0.604	1.250	236	0.625	0.780	467	0.625	1.280	
279	-12	0	4	-1	-2	12	398	0.604	1.280	423	0.625	1.375	97	0.750	0.750	27	0.750	1.125	180	0.875	0.625	
280	-22	2	4	1	0	0	48	0.625	0.780	155	0.729	1.464	293	0.809	2.125	243	0.875	1.000	351	0.875	0.875	
281	-33	-13	4	1	-1	0	306	0.500	0.500	21	0.530	0.530	395	0.625	0.625	121	0.625	0.625	190	0.750	0.750	
282	-16	-1	4	1	-1	0	46	0.375	0.375	58	0.479	1.155	239	0.500	0.500	89	0.530	0.530	307	0.729	1.589	
283	-22	3	4	-1	-2	1	351	0.500	0.875	300	0.604	1.500	166	0.729	1.714	243	0.750	0.750	197	0.854	1.479	
284	-18	0	4	-1	2	0	141	0.375	0.375	304	0.500	0.500	357	0.500	1.375	342	0.604	1.280	370	0.625	0.750	
285	-39	-8	4	0	1	0	43	0.250	0.250	96	0.375	1.000	161	0.500	0.500	314	0.625	1.155	188	0.875	0.750	
286	-16	-4	4	0	1	0	220	0.500	1.250	58	0.729	1.714	222	0.750	0.750	311	0.875	0.875	177	0.979	0.875	
287	-25	-4	4	1	-2	0	61	0.125	0.125	397	0.625	1.000	429	0.875	1.125	264	0.979	1.214	242	0.979	1.464	
288	-31	-3	4	1	-1	0	169	0.780	0.625	268	0.905	0.729	165	0.905	0.729	418	0.964	0.964	33	0.979	1.214	
289	-33	-4	4	-1	0	0	221	0.250	1.125	16	0.604	1.589	20	0.625	0.625	173	0.729	1.714	37	0.750	0.905	
290	-28	-2	4	-1	0	0	79	0.500	0.500	195	0.500	0.500	302	0.604	1.375	104	0.625	0.625	201	0.750	1.000	
291	-17	-1	4	-2	1	2	464	0.375	0.375	284	0.479	1.500	200	0.500	1.125	492	0.625	0.625	72	0.625	0.625	
292	-31	-11	4	1	1	0	81	0.375	0.375	167	0.875	0.875	450	0.964	0.964	327	0.979	1.250	21	1.030	0.854	
293	-19	3	4	1	0	0	324	0.250	1.375	301	0.500	0.500	85	0.500	0.500	456	0.604	1.839	344	0.625	0.625	
294	-30	-3	4	-2	-1	1	299	0.500	1.250	146	0.625	0.625	475	0.625	0.625	378	0.750	0.905	386	0.854	1.464	
295	-35	3	4	-1	-2	2	320	0.500	0.875	491	0.729	1.589	214	1.104	2.207	5	1.125	0.875	461	1.229	1.354	
296	-36	-3	4	0	-1	0	263	0.250	1.250	326	0.375	1.000	345	0.625	0.625	359	0.625	1.030	262	0.750	0.625	
297	-37	-7	4	-1	0	0	476	0.375	1.250	88	0.500	0.500	354	0.500	0.500	186	0.604	1.589	314	0.625	1.000	
298	-30	1	4	-1	-1	0	92	0.250	0.250	319	0.655	0.655	428	0.854	1.839	111	0.979	1.464	123	0.979	1.354	
299	-31	-3	4	-1	1	0	439	0.354	1.405	386	0.530	0.530	408	0.625	1.000	146	0.655	0.655	64	0.854	1.839	
300	-23	2	4	-2	-1	13	69	0.479	1.155	197	0.500	1.250	192	0.604	1.500	166	0.750	0.750	486	0.750	1.250	
301	-19	2	4	2	1	0	293	0.500	0.500	442	0.625	1.250	344	0.750	1.125	168	0.875	1.125	357	0.875	0.780	
302	-29	-3	4	-1	-2	0	294	0.625	0.875	165	0.780	0.750	378	0.854	1.479	1	0.875	1.125	53	1.000	1.000	
303	-14	-3	4	1	-2	0	11	0.375	1.375	266	0.500	1.125	247	0.875	0.750	365	0.979	1.280	129	1.000	1.000	
304	-19	0	4	0	1	0	479	0.375	0.375	284	0.500	0.500	208	0.625	1.155	155	0.750	0.905	202	0.780	0.780	
305	-26	-3	4	0	-1	0	287	0.625	1.155	411	0.875	0.750	460	0.905	0.729	176	0.964	0.964	108	1.000	0.625	
306	-33	-13	4	1	1	14	190	0.250	0.250	310	0.479	1.405	281	0.500	0.500	328	0.604	1.530	252	0.750	1.250	
307	-14	-2	4	1	1	0	415	0.250	0.250	18	0.500	0.500	75	0.625	1.000	365	0.625	0.750	398	0.854	1.155	
308	-14	2	4	-1	0	4	358	0.500	0.500	148	0.500	0.500	42	0.625	0.625	2	0.729	1.714	229	0.750	1.280	
309	-33	-7	4	-1	-1	0	101	0.354	1.405	154	0.500	1.000	420	0.625	0.625	122	0.750	0.750	62	0.750	0.750	
310	-32	-12	4	2	1	1	328	0.125	0.125	21	0.375	0.375	167	0.625	1.250	292	0.729	1.405	482	0.875	0.750	
311	-16	-4	4	-1	-2	0	222	0.125	0.125	338	0.500	0.500	157	0.750	0.750	438	0.979	1.354	177	1.000	0.750	
312	-27	-2	4	-1	2	0	73	0.250	0.250	45	0.375	0.375	400	0.500	0.500	162	0.559	1.589	79	0.604	1.280	
313	-35	2	4	1	2	0	40	0.125	0.125	13	0.750	0.655	320	0.750	0.750	71	0.839	0.839	74	0.979	1.589	
314	-38	-7	4	1	2	0	159	0.479	1.405	323	0.500	0.500	375	0.729	1.589	269	0.750	1.250	476	0.750	0.750	
315	-28	-2	4	2	1	0	45	0.375	1.000	73	0.500	0.875	99	0.500	1.125	195	0.625	0.625	458	0.625	1.625	
316	-13	1	4	-1	1	0	308	0.354	1.280	227	0.375	0.375	383	0.500	1.375	329	0.750	0.625	454	0.875	0.780	
317	-34	-11	4	1	2	0	373	0.125	0.125	450	0.479	1.280	31	0.625	1.625	384	0.625	0.625	78	0.684	1.714	
318	-12	1	4	0	-1	0	394	0.250	0.250	180	0.375	0.375	211	0.500	0.500	279	0.500	1.250	97	0.625	0.780	
319	-31	2	4	-1	-2	1	490	0.729	1.589	120	0.750	0.625	139	0.750	1.250	298	0.750	0.655	216	0.934	2.082	
320	-35	2	4	-2	-1	0	135	0.479	1.500	245	0.750	0.750	71	0.854	1.354	295	0.875	0.500	13	1.000	1.125	
321	-17	2	4	0	1	0	209	0.604	1.375	457	0.729	1.375	95	0.729	1.250	456	0.750	0.750	495	0.979	1.354	
322	-35	-9	4	-2	1	0	8	0.125	0.125	453	0.375	1.000	422	0.500	0.500	354	0.559	1.589	226	0.729	1.604	
323	-38	-7	4	2	-1	0	314	0.500	0.500	269	0.500	0.875	375	0.729	1.589	476	0.750	0.750	161	0.875	0.750	
324	-18	3	4	1	0	0	50	0.500	1.500	272	0.625	1.000	102	0.750	1.125	2	0.854	1.479	276	0.875	1.375	
325	-23	-2	4	1	-1	0	84	0.250	0.250	447	0.500	1.375	264	0.625	0.625	36	0.729	1.589	24	0.750	1.250	
326	-36	-4	4	-2	-1	0	174	0.500	0.500	263	0.500	0.500	359	0.750	0.750	440	0.839	0.839	16	0.905	0.625	
327	-32	-10	4	-1	0	0	86	0.250	1.125	38	0.375	0.375	163	0.500	0.500	140	0.500	1.250	198	0.604	1.155	
328	-32	-12	4	1	1	0	310	0.125	0.125	81	0.479	1.155	292	0.479	1.530	21	0.500	0.500	167	0.500	1.375	
329	-14	1	4	0	1	0	227	0.500	0.500	316	0.625	0.625	383	0.625	1.280	229	0.750	1.125	487	0.854	1.479	
330	-34	-2	4	-1	1	0	93	0.354	1.280	60	0.479	1.280	191	0.500	0.500	179	0.604	1.155	336	0.625	0.625	
331	-33	-8	4	1	0	0	154	0.625	0.625	455	0.625	0.625	63	0.750	0.750	66	0.750	0.750	70	0.750	0.625	
332	-36	-2	4	-1	-1	0	296	0.625	1.125	262	0.655	0.655	403	0.780	0.625	189	0.875	0.875	125	0.875	0.500	
333	-34	-6	4	0	1	0	219	0.125	0.125	230	0.375	0.375	498	0.500	0.500	37	0.500	1.250	52	0.604	1.589	
334	-34	-7	4	-1	2	0	333	0.375	1.250	230	0.500	1.125	219	0.500	1.375	440	0.604	1.280	134	0.625	0.625	
335	-28	1	4	0	-1	0	55	0.250	1.125	402	0.500	1.000	236	0.625	0.625	111	0.729	1.464	99	0.809	2.082	
336	-34	-2	4	2	1	0	191	0.125	0.125	412	0.375	0.375	474	0.375	1.250	330	0.625	0.625	15	0.684	1.714	
337	-35	0	4	1	1	0	172	0.500	0.500	277	0.625	0.625	261	0.625	1.000	119	0.750	0.625	461	0.750	0.750	
338	-15	-4	4	0	-1	0	311	0.500	0.500	266	0.500	0.500	11	0.500	0.500	222	0.625	0.625	303	0.905	0.729	
339	-26	3	4	-1	1	0	133	0.125	0.125	80	0.375	0.375	367	0.750	1.250	270	0.875	0.655	368	1.000	0.875	
340	-22	-4	4	-2	-1	5	255	0.625	0.625	430	0.875	1.155	447	0.875	0.655	429	0.875	1.375	68	1.030	0.729	
341	-36	-1	4	-1	-2	1	381	0.125	0.125	332	0.375	1.000	125	0.750	0.655	296	0.875	1.625	172	0.905	0.854	
342	-19	1	4	-2	-1	14	208	0.500	1.125	259	0.500	0.875	206	0.625	1.000	437	0.625	1.375	54	0.750	1.155	
343	-12	0	4	1	0	0	44	0.250	0.250	27	0.500	0.500	279	0.625	0.625	318	0.875	0.500	468	1.000	0.625	
344	-19	3	4	-1	2	0	85	0.125	0.125	442	0.125	0.125	113	0.500	0.500	158	0.625	1.000	293	0.625	0.625	
345	-36	-3	4	2	1	0	189	0.625	0.875	412	0.729	1.464	179	0.729	1.589	191	0.854	1.714	263	0.875	0.875	
346	-33	-3	4	2	1	0	215	0.250	0.250	459	0.625	0.625	207	0.625	0.625	288	0.625	1.625	191	0.655	0.655	
347	-31	1	4	1	1	0	387	0.500	0.875	372	0.530	0.530	117	0.655	0.655	103	0.750	0.750	335	0.957	1.457	
348	-40	-7	4	1	-1	0	186	0.479	1.280	124	0.500	0.500	469	0.500	1.000	419	0.875	0.875	43	0.875	1.030	
349	-22	-1	4	-1	-1	0	84	0.479	1.280	462	0.655	0.655	110	0.780	0.625	147	0.854	1.339	325	0.875	1.030	
350	-39	-10	4	0	-1	0	22	0.125	0.125	217	0.375	0.375	488	0.625	0.625	424	0.625	1.030	435	0.729	1.250	
351	-22	2	4	-2	-1	0	166	0.479	1.405	300	0.500	1.125	437	0.655	0.655	237	0.750	0.750	83	0.780	0.750	
352	-35	-11	4	-1	1	0	384	0.125	0.125	271	0.500	1.000	422	0.625	0.625	373	0.625	0.625	28	0.750	0.750	
353	-36	-6	4	-1	2	0	112	0.375	0.375	375	0.500	0.500	159	0.750	0.750	477	0.750	1.250	369	0.750	0.750	
354	-37	-8	4	-2	-1	0	297	0.500	0.500	137	0.604	1.375	185	0.729	1.464	161	0.750	1.125	314	0.875	1.250	
355	-25	0	4	0	-1	0	371	0.250	0.250	49	0.250	1.125	433	0.500	1.000	411	0.604	1.589	466	0.604	1.250	
356	-34	-1	4	0	1	0	119	0.375	1.375	60	0.375	0.375	261	0.500	1.000	179	0.500	0.500	9	0.500	1.250	
357	-18	1	4	1	2	0	370	0.625	0.625	442	0.729	1.714	85	0.729	1.464	321	0.750	1.155	206	0.875	0.875	
358	-14	2	4	0	-1	0	151	0.250	0.250	308	0.500	0.500	7	0.729	1.714	383	0.875	1.125	465	0.875	0.905	
359	-35	-4	4	0	-1	0	263	0.500	0.500	52	0.500	0.500	173	0.500	1.250	221	0.625	0.625	193	0.750	0.750	
360	-37	-12	4	0	-1	0	218	0.375	1.125	25	0.625	0.625	142	0.684	1.464	414	0.854	1.479	244	0.875	0.875	
361	-31	-1	4	1	1	0	380	0.250	0.250	152	0.500	0.875	372	0.604	1.530	428	0.750	0.750	362	0.780	0.625	
362	-30	-2	4	0	1	0	146	0.375	0.375	152	0.375	1.125	475	0.625	0.625	361	0.625	0.780	299	0.780	0.780	
363	-30	3	4	2	-1	9	130	0.500	1.375	144	0.750	1.030	120	0.750	1.250	436	0.875	0.875	426	0.934	1.375	
364	-38	-10	4	1	0	0	224	0.375	1.000	435	0.375	0.375	67	0.750	0.750	417	0.854	2.082	25	0.854	1.811	
365	-13	-2	4	1	2	3	75	0.250	0.250	421	0.375	0.375	415	0.500	0.500	398	0.500	1.125	27	0.604	1.500	
366	-25	-1	4	-2	1	0	238	0.125	0.125	115	0.250	0.250	49	0.375	0.375	249	0.375	1.250	183	0.604	1.375	
367	-27	3	4	-1	-2	1	17	0.625	0.625	106	0.729	1.604	368	0.750	0.655	270	0.750	0.875	91	0.854	1.479	
368	-26	2	4	-1	-1	0	132	0.375	0.375	51	0.625	0.625	270	0.625	1.250	145	0.625	0.625	367	0.655	0.655	
369	-36	-6	4	-1	-2	0	297	0.479	1.375	477	0.625	0.625	88	0.625	0.875	257	0.750	0.875	174	0.750	0.750	
370	-18	1	4	-1	0	0	168	0.250	0.250	448	0.375	0.375	141	0.375	0.375	342	0.500	1.250	54	0.604	1.589	
371	-25	0	4	1	-1	0	355	0.250	0.250	466	0.354	1.280	425	0.479	1.405	49	0.500	1.375	238	0.750	1.125	
372	-30	0	4	1	1	0	164	0.354	1.405	347	0.530	0.530	387	0.625	0.875	92	0.750	1.125	91	0.854	1.589	
373	-34	-11	4	0	1	0	317	0.125	0.125	384	0.500	0.500	8	0.604	1.839	271	0.625	1.155	39	0.625	1.030	
374	-21	0	4	1	-2	0	382	0.375	0.375	0	0.500	0.500	160	0.684	1.714	35	0.729	1.589	390	0.875	1.125	
375	-36	-6	4	2	1	0	112	0.125	0.125	353	0.500	0.500	369	0.750	0.750	256	0.854	1.589	193	0.854	1.479	
376	-24	1	4	2	-1	12	275	0.375	1.250	405	0.375	1.250	486	0.500	1.125	406	0.500	0.500	192	0.500	0.500	
377	-34	-10	4	-1	-2	0	127	0.559	1.589	87	0.625	0.625	265	0.625	1.375	32	0.729	1.714	86	0.750	0.625	
378	-31	-4	4	-1	1	0	408	0.479	1.405	386	0.500	0.875	184	0.500	0.500	299	0.625	0.875	23	0.625	0.625	
379	-34	-13	4	1	-2	0	121	0.125	0.125	306	0.625	1.250	281	0.750	0.750	253	0.905	0.625	32	0.905	0.854	
380	-31	-1	4	1	0	0	361	0.250	0.250	138	0.375	1.000	152	0.375	1.125	428	0.500	0.500	372	0.625	1.280	
381	-36	-1	4	0	-1	0	341	0.125	0.125	332	0.250	1.125	125	0.625	0.780	172	0.780	0.780	93	0.875	0.500	
382	-21	0	4	1	0	0	0	0.125	0.125	374	0.375	0.375	206	0.604	1.250	48	0.625	0.625	497	0.729	1.714	
383	-13	2	4	1	1	3	76	0.625	1.250	30	0.625	1.250	454	0.625	0.625	452	0.750	0.750	175	1.000	1.000	
384	-35	-11	4	-1	2	0	352	0.125	0.125	271	0.500	1.125	373	0.500	0.500	422	0.625	0.750	8	0.625	1.375	
385	-32	-6	4	1	2	0	432	0.375	0.375	128	0.500	0.500	289	0.729	1.479	118	0.750	0.780	184	0.854	1.714	
386	-32	-4	4	-1	1	0	299	0.530	0.530	20	0.530	0.530	268	0.625	0.625	396	0.729	1.714	408	0.750	0.750	
387	-30	1	4	1	1	0	144	0.479	1.405	164	0.625	0.750	91	0.729	1.030	92	0.750	0.750	106	0.854	1.155	
388	-36	-14	4	1	-1	0	142	0.375	0.375	212	0.500	0.500	499	0.625	0.625	414	0.875	0.905	379	0.964	0.964	
389	-26	-4	4	-1	0	0	480	0.125	0.125	254	0.625	0.625	411	0.750	0.750	73	0.854	1.479	305	0.875	0.500	
390	-22	0	4	-1	1	0	170	0.500	1.000	225	0.500	0.500	237	0.625	0.875	405	0.729	1.030	69	0.854	1.839	
391	-26	1	4	-1	1	0	181	0.375	0.375	270	0.479	1.405	145	0.500	1.000	431	0.750	0.625	481	0.750	0.750	
392	-32	1	4	-1	-1	0	14	0.354	1.405	490	0.500	1.000	103	0.625	0.625	250	0.750	1.125	246	0.854	1.839	
393	-12	-2	4	1	2	2	27	0.500	0.875	365	0.625	0.625	398	0.854	1.280	415	0.875	0.875	75	0.875	0.500	
394	-12	1	4	-1	-1	0	180	0.125	0.125	318	0.250	0.250	316	0.500	1.375	279	0.625	1.000	343	0.750	1.125	
395	-33	-12	4	1	0	0	310	0.250	1.250	21	0.250	1.125	328	0.375	1.125	306	0.625	0.625	281	0.625	0.625	
396	-34	-3	4	-2	-1	0	403	0.375	1.250	262	0.500	1.125	359	0.604	1.375	52	0.750	1.155	125	0.750	0.655	
397	-24	-4	4	1	0	0	429	0.500	0.500	264	0.750	1.030	242	0.854	1.280	472	0.875	0.750	36	0.979	1.957	
398	-13	-1	4	-2	1	1	7	0.559	1.589	421	0.750	0.625	423	0.905	0.854	303	0.979	1.354	329	0.979	1.714	
399	-21	-4	4	-1	2	1	68	0.500	0.875	36	0.500	1.250	255	0.604	1.280	441	0.625	0.625	178	0.750	0.750	
400	-26	-2	4	0	1	0	114	0.375	0.375	312	0.500	0.500	73	0.500	0.500	411	0.500	0.500	90	0.604	1.589	
401	-16	0	4	-1	-2	0	239	0.375	1.000	282	0.375	1.250	234	0.500	0.500	291	0.604	1.280	46	0.750	1.125	
402	-28	0	4	2	-1	13	278	0.125	0.125	162	0.500	0.500	90	0.625	1.000	489	0.625	1.375	55	0.625	0.625	
403	-35	-3	4	-1	0	0	262	0.125	0.125	52	0.375	0.375	332	0.625	0.780	193	0.625	0.625	125	0.625	0.625	
404	-33	-5	4	-1	-1	0	498	0.354	1.280	20	0.500	0.500	221	0.530	0.530	440	0.604	1.714	37	0.625	1.250	
405	-23	1	4	1	1	0	275	0.250	0.250	280	0.354	1.280	486	0.375	0.375	225	0.530	0.530	10	0.625	0.625	
406	-24	1	4	1	2	0	197	0.375	1.250	10	0.479	1.375	376	0.500	0.500	69	0.625	0.625	486	0.750	1.125	
407	-25	1	4	-1	-2	1	355	0.375	1.250	371	0.375	1.250	481	0.604	1.500	49	0.625	1.375	192	0.625	0.625	
408	-32	-3	4	-2	1	0	439	0.625	0.875	330	0.729	1.714	289	0.750	0.905	64	0.750	1.155	386	0.750	0.625	
409	-37	3	4	2	1	1	71	0.250	0.250	427	0.375	1.250	13	0.375	1.000	295	1.125	1.457	172	1.229	1.994	
410	-19	-4	4	1	2	0	260	0.729	1.479	233	0.875	0.780	77	0.875	0.500	26	0.875	1.125	438	0.875	1.030	
411	-26	-2	4	-1	0	0	108	0.125	0.125	249	0.375	0.375	312	0.500	1.000	400	0.500	0.500	458	0.750	0.750	
412	-34	-2	4	1	-1	0	336	0.375	0.375	346	0.479	1.155	215	0.479	1.405	191	0.500	0.500	396	0.625	1.250	
413	-17	-1	4	2	1	0	94	0.125	0.125	282	0.375	1.250	46	0.500	1.125	89	0.684	1.464	41	0.729	1.714	
414	-35	-13	4	2	1	0	379	0.625	1.125	100	0.625	1.125	317	0.729	1.589	395	0.854	1.714	127	0.875	0.750	
415	-14	-2	4	0	1	0	307	0.250	0.250	365	0.500	0.500	105	0.625	0.625	421	0.625	0.625	18	0.750	0.750	
416	-19	-4	4	0	-1	0	210	0.500	0.500	131	0.500	0.500	196	0.875	0.750	410	0.875	0.875	136	0.905	0.729	
417	-35	-11	4	2	-1	11	494	0.250	0.250	317	0.500	1.125	241	0.604	1.375	205	0.625	0.625	127	0.625	0.875	
418	-29	-2	4	1	-2	0	33	0.250	0.250	302	0.500	1.375	195	0.500	0.500	165	0.625	0.625	294	0.875	1.280	
419	-39	-7	4	-1	-1	0	185	0.250	0.250	59	0.354	1.280	96	0.375	0.375	469	0.625	0.625	186	0.625	1.125	
420	-33	-6	4	-1	0	0	478	0.125	0.125	498	0.375	1.375	194	0.604	1.589	37	0.604	1.375	471	0.604	1.839	
421	-13	-2	4	-1	1	2	365	0.375	0.375	449	0.625	0.625	75	0.625	0.625	247	0.750	0.750	398	0.750	0.750	
422	-35	-10	4	-1	0	0	271	0.375	0.375	322	0.500	0.500	8	0.625	0.625	352	0.625	0.625	453	0.625	1.280	
423	-12	-2	4	-1	-1	0	247	0.479	1.405	421	0.500	1.375	449	0.750	0.750	393	0.875	0.875	398	1.104	0.905	
424	-38	-11	4	0	-1	0	435	0.500	0.500	360	0.625	1.030	364	0.875	0.750	224	0.905	0.729	4	0.964	0.964	
425	-24	-1	4	2	-1	10	466	0.125	0.125	24	0.559	1.589	84	0.604	1.375	176	0.625	0.875	486	0.839	0.839	
426	-28	2	4	0	1	0	91	0.625	0.625	144	0.750	0.625	270	0.750	0.625	130	0.750	0.905	106	0.750	0.750	
427	-36	3	4	1	0	0	13	0.250	0.250	40	0.625	0.780	313	0.750	0.905	74	0.750	2.000	71	1.000	0.625	
428	-31	-1	4	0	-1	0	216	0.375	0.375	380	0.500	0.500	138	0.500	0.500	361	0.750	0.750	246	0.750	0.750	
429	-24	-4	4	0	1	0	472	0.375	0.375	397	0.500	0.500	264	0.604	1.250	114	0.604	1.589	430	0.625	0.780	
430	-23	-3	4	-1	1	0	242	0.500	0.500	447	0.500	0.500	264	0.750	0.750	429	0.780	0.625	24	0.854	1.155	
431	-27	1	4	0	1	0	467	0.250	0.250	270	0.375	1.000	181	0.500	0.500	391	0.625	0.625	51	0.729	1.375	
432	-32	-6	4	1	0	0	385	0.375	0.375	169	0.750	0.750	128	0.875	0.875	463	0.905	0.729	207	0.964	0.964	
433	-25	-1	4	2	-1	10	466	0.375	1.250	176	0.479	1.500	425	0.500	1.125	460	0.625	0.875	49	0.625	0.625	
434	-37	-13	4	1	2	0	218	0.625	0.625	212	0.655	0.655	258	0.750	0.750	499	0.780	0.780	388	0.979	1.155	
435	-38	-11	4	1	0	0	364	0.375	0.375	424	0.500	0.500	25	0.604	1.839	360	0.729	1.250	67	0.750	1.125	
436	-30	3	4	-1	0	0	451	0.250	1.125	120	0.625	0.625	319	0.750	1.375	92	0.750	0.750	106	1.155	0.479	
437	-21	1	4	-1	-1	0	83	0.125	0.125	237	0.500	1.375	65	0.625	0.625	170	0.625	1.250	248	0.625	0.625	
438	-18	-3	4	-1	2	1	232	0.375	0.375	26	0.625	1.250	413	0.854	1.604	304	0.934	2.082	210	1.000	0.905	
439	-32	-2	4	-1	2	0	15	0.625	1.000	445	0.684	1.464	362	0.875	0.875	408	0.875	0.625	119	1.059	1.686	
440	-35	-6	4	-2	-1	0	194	0.500	0.500	353	0.500	1.125	369	0.500	0.875	16	0.500	0.500	134	0.655	0.655	
441	-22	-4	4	1	2	0	36	0.479	1.405	399	0.625	0.625	233	0.729	1.589	242	0.750	0.655	255	0.750	1.125	
442	-19	3	4	-1	1	0	344	0.125	0.125	85	0.250	0.250	293	0.750	0.750	158	0.750	1.125	113	0.750	0.625	
443	-14	-4	4	-1	1	1	11	0.625	0.625	338	0.750	1.125	247	0.905	0.729	220	0.979	1.464	105	0.979	1.589	
444	-20	-1	4	-1	2	0	202	0.125	0.125	479	0.375	1.250	54	0.625	0.750	48	0.684	1.464	304	0.750	0.905	
445	-33	0	4	1	1	0	103	0.604	1.155	119	0.625	0.625	139	0.729	1.714	47	0.750	0.750	250	0.750	1.125	
446	-33	-11	4	-2	-1	0	265	0.479	1.405	241	0.479	1.375	171	0.604	1.500	252	0.625	0.625	140	0.625	0.625	
447	-23	-3	4	-1	-1	0	430	0.500	0.500	340	0.655	0.655	176	0.905	0.729	242	1.000	1.000	49	1.061	1.061	
448	-18	1	4	-1	-2	1	168	0.125	0.125	370	0.375	0.375	497	0.559	1.589	342	0.625	0.875	141	0.625	0.750	
449	-13	-2	4	-1	-2	0	247	0.500	0.875	266	0.559	1.589	421	0.625	0.625	116	0.729	1.589	75	0.750	0.750	
450	-33	-10	4	1	2	0	39	0.125	0.125	455	0.375	1.000	70	0.500	1.125	78	0.625	1.250	198	0.625	1.125	
451	-31	3	4	-1	-1	0	319	0.500	1.000	120	0.530	0.530	496	0.875	1.125	14	0.913	2.229	363	1.000	1.000	
452	-13	1	4	2	-1	0	211	0.250	0.250	227	0.500	0.500	318	0.625	0.750	343	0.750	1.155	44	0.750	0.905	
453	-36	-9	4	-1	1	0	354	0.479	1.155	107	0.750	0.750	57	0.780	0.625	226	0.854	1.155	274	0.979	1.250	
454	-12	2	4	0	1	2	30	0.625	1.155	383	0.625	0.625	316	0.780	0.780	76	0.875	0.875	180	1.000	0.875	
455	-33	-9	4	1	1	0	70	0.125	0.125	78	0.250	0.250	204	0.500	0.500	198	0.625	0.625	63	0.625	1.375	
456	-17	2	4	1	-1	0	50	0.530	0.530	2	0.604	1.155	401	0.729	1.714	321	0.750	0.750	370	0.854	1.250	
457	-16	3	4	2	1	0	50	0.375	0.375	495	0.375	1.250	151	0.729	1.714	358	0.729	1.479	456	0.905	0.854	
458	-26	-2	4	1	-1	0	108	0.625	0.625	400	0.750	0.750	460	0.750	0.750	305	0.750	1.125	466	0.854	1.339	
459	-33	-4	4	2	-1	0	56	0.125	0.125	207	0.250	0.250	169	0.375	1.250	268	0.500	1.375	215	0.625	0.625	
460	-25	-2	4	1	-2	0	176	0.625	0.625	61	0.625	1.375	305	0.750	0.905	458	0.750	0.625	242	0.854	1.479	
461	-35	1	4	2	1	0	267	0.559	1.589	313	0.625	0.875	40	0.750	0.750	337	0.750	0.625	277	0.875	0.875	
462	-21	-2	4	-2	-1	4	110	0.125	0.125	255	0.479	1.280	68	0.625	0.625	430	0.684	1.464	447	0.729	1.714	
463	-33	-5	4	2	1	0	118	0.250	0.250	169	0.479	1.155	66	0.500	0.500	207	0.625	0.625	20	0.625	0.625	
464	-17	-1	4	-1	-1	0	291	0.375	0.375	492	0.625	0.750	72	0.750	0.750	200	0.750	0.750	304	0.854	1.354	
465	-15	1	4	1	-2	0	229	0.375	0.375	89	0.375	1.000	7	0.500	1.125	2	0.625	0.625	151	0.655	0.655	
466	-24	-1	4	1	0	0	425	0.125	0.125	325	0.729	1.280	84	0.729	1.250	213	0.854	1.875	24	0.875	1.464	
467	-27	1	4	1	1	0	431	0.250	0.250	51	0.479	1.155	236	0.500	0.500	145	0.604	1.155	181	0.625	0.750	
468	-13	0	4	1	2	0	316	0.375	1.250	227	0.500	1.125	97	0.625	0.625	454	0.684	1.714	452	0.750	0.875	
469	-39	-7	4	2	-1	0	323	0.375	1.125	314	0.625	1.125	419	0.625	0.625	43	0.750	0.750	186	0.750	1.000	
470	-12	3	4	-1	0	4	175	0.250	1.125	30	0.375	1.000	308	0.604	1.589	358	0.604	1.589	454	0.875	0.500	
471	-35	-7	4	-1	-1	0	194	0.250	0.250	107	0.479	1.405	153	0.500	0.500	354	0.604	1.714	257	0.625	1.250	
472	-25	-4	4	0	1	0	429	0.375	0.375	254	0.500	0.500	411	0.604	1.589	400	0.604	1.589	61	0.750	0.750	
473	-24	-1	4	-2	1	1	238	0.375	1.250	49	0.375	1.250	115	0.500	0.875	366	0.500	1.125	147	0.500	0.500	
474	-33	-2	4	1	-1	0	346	0.750	0.750	215	0.750	0.750	216	0.780	0.625	380	0.854	1.339	361	0.854	1.589	
475	-30	-2	4	-2	-1	1	165	0.250	0.250	146	0.250	0.250	408	0.559	1.589	294	0.625	0.625	299	0.750	0.905	
476	-38	-7	4	-2	-1	0	96	0.375	1.375	186	0.479	1.375	419	0.500	1.000	323	0.750	0.750	314	0.750	0.750	
477	-37	-6	4	-1	-2	0	88	0.250	0.250	269	0.375	1.375	476	0.604	1.500	369	0.625	0.625	297	0.625	0.750	
478	-33	-6	4	-2	1	0	420	0.125	0.125	498	0.375	1.250	37	0.479	1.500	118	0.625	1.125	333	0.625	0.750	
479	-20	0	4	0	1	0	206	0.375	1.375	304	0.375	0.375	155	0.500	1.000	54	0.500	0.500	208	0.500	1.250	
480	-26	-4	4	-2	1	0	389	0.125	0.125	254	0.500	0.500	104	0.729	1.714	472	0.750	0.750	73	0.854	1.604	
481	-26	0	4	-2	-1	2	249	0.500	0.500	90	0.625	1.000	55	0.625	1.375	489	0.625	0.625	49	0.655	0.655	
482	-32	-11	4	1	-2	0	21	0.375	1.000	163	0.500	0.500	81	0.625	0.875	292	0.750	1.250	310	0.750	0.875	
483	-39	-10	4	-1	1	0	217	0.375	0.375	34	0.500	0.500	488	0.625	0.625	350	0.750	0.750	161	0.854	1.464	
484	-35	-14	4	-1	1	1	244	0.354	1.280	142	0.625	1.250	258	0.729	1.030	414	0.750	1.250	499	0.875	0.750	
485	-12	-4	4	1	0	3	116	0.375	0.375	150	0.750	1.125	75	0.964	0.964	421	1.104	1.354	365	1.229	1.214	
486	-23	1	4	2	-1	3	275	0.125	0.125	405	0.375	0.375	10	0.500	0.500	0	0.559	1.589	166	0.625	0.625	
487	-16	2	4	-2	-1	4	2	0.625	0.875	229	0.655	0.655	168	0.729	1.714	102	0.750	0.655	231	0.750	0.625	
488	-39	-10	4	2	1	0	34	0.125	0.125	364	0.375	1.250	22	0.500	0.500	188	0.500	0.500	350	0.625	0.625	
489	-26	0	4	1	-1	0	82	0.250	0.250	433	0.479	1.405	425	0.604	1.714	481	0.625	0.625	371	0.625	0.875	
490	-33	1	4	-2	-1	0	245	0.625	1.375	14	0.625	0.875	9	0.875	1.030	216	0.979	1.214	392	1.000	0.500	
491	-36	1	4	1	-2	1	135	0.250	0.250	214	0.500	1.375	245	0.750	0.750	261	0.854	1.604	461	0.875	1.125	
492	-17	-2	4	-2	-1	5	291	0.625	0.625	26	0.729	1.714	232	0.750	1.155	464	0.750	0.625	438	0.875	1.030	
493	-33	3	4	-1	2	0	74	0.500	0.500	5	0.625	0.625	496	0.625	0.625	182	1.000	0.875	295	1.000	1.354	
494	-35	-11	4	1	-2	0	417	0.250	0.250	32	0.375	1.250	28	0.500	1.125	127	0.500	1.125	121	0.684	1.714	
495	-15	3	4	1	-1	0	151	0.479	1.530	358	0.479	1.280	383	0.729	1.589	276	0.750	0.750	50	0.875	0.500	
496	-32	3	4	1	2	0	182	0.250	0.250	493	0.625	0.625	5	0.875	1.125	117	0.875	0.625	74	0.875	0.500	
497	-19	-1	4	1	-2	0	35	0.250	0.250	149	0.500	1.125	26	0.625	1.625	200	0.625	0.625	136	0.729	1.589	
498	-34	-6	4	-1	0	0	333	0.500	0.500	440	0.500	1.250	194	0.625	1.030	16	0.625	1.030	219	0.625	0.625	
499	-36	-14	4	1	2	0	212	0.125	0.125	258	0.500	1.000	414	0.604	1.500	388	0.625	0.625	100	0.729	1.589	
