# states in shortest path from s to t
18

# shortest path from s to t
19	-35	4	-1	1
18	-34	4	-1	1
17	-33	4	-1	1
16	-32	4	-1	1
15	-31	4	-1	2
14	-29	4	-1	2
13	-27	4	0	1
13	-26	4	0	1
13	-25	4	0	1
13	-24	4	0	1
13	-23	4	0	1
13	-22	4	0	1
13	-21	4	-1	2
12	-19	4	-1	2
11	-17	4	1	2
11	-17	4	1	1
11	-17	4	2	1
11	-17	4	1	0

# cost of shortest path
5.525

# Line i represents a sample taken at time i. The sample corresponds to a discrete state.
# Line Format: [sample ID] [x] [y] [z] [x-component of yaw] [y-component of yaw] [U: marginal coverage]
#              [sample ID of nearest neighbor 1] [shortest path cost to nearest neighbor 1] [shortest path cost from nearest neighbor 1]
#              ...
#              [sample ID of nearest neighbor k] [shortest path cost to nearest neighbor k] [shortest path cost from nearest neighbor k]
0	18	-36	4	-2	-1	15	322	0.375	0.375	398	0.500	0.500	97	0.625	0.625	56	0.750	0.655	172	0.750	0.625	
1	13	-21	4	-2	-1	11	155	0.125	0.125	161	0.375	0.375	415	0.500	1.125	107	0.500	0.875	276	0.500	0.500	
2	19	-13	4	1	2	48	177	0.125	0.125	353	0.250	0.250	458	0.375	0.375	57	0.500	0.500	42	0.500	0.500	
3	15	-17	4	-1	-1	127	213	0.125	0.125	462	0.479	1.405	291	0.479	1.280	18	0.500	0.875	432	0.604	1.839	
4	12	-31	4	2	1	98	135	0.479	1.375	427	0.604	1.500	347	0.625	0.625	183	0.750	0.905	332	0.750	1.000	
5	12	-25	4	1	0	32	290	0.125	0.125	330	0.125	0.125	210	0.250	0.250	378	0.375	0.375	471	0.375	0.375	
6	21	-15	4	-1	1	108	288	0.354	1.405	283	0.375	0.375	126	0.500	0.500	351	0.625	0.625	102	0.625	0.625	
7	14	-29	4	1	-2	38	361	0.250	0.250	431	0.375	0.375	96	0.375	0.375	84	0.500	0.500	363	0.500	1.375	
8	12	-17	4	1	2	43	483	0.375	0.375	176	0.375	1.250	473	0.500	0.500	479	0.625	0.750	117	0.625	0.625	
9	13	-24	4	2	-1	13	315	0.500	0.500	445	0.500	0.500	250	0.625	0.625	210	0.655	0.655	59	0.750	1.000	
10	18	-13	4	1	0	17	151	0.250	0.250	2	0.375	1.000	295	0.375	0.375	353	0.375	1.250	57	0.500	0.500	
11	17	-33	4	-1	1	46	37	0.250	0.250	237	0.354	1.405	142	0.375	0.375	386	0.479	1.530	409	0.500	0.500	
12	12	-22	4	-1	0	0	433	0.375	0.375	174	0.625	0.625	441	0.625	0.625	201	0.625	0.625	159	0.750	0.750	
13	22	-13	4	0	-1	58	40	0.250	1.250	125	0.250	0.250	82	0.375	0.375	258	0.500	0.500	224	0.500	0.500	
14	22	-15	4	-1	-1	33	241	0.125	0.125	263	0.125	0.125	235	0.250	0.250	6	0.500	1.375	283	0.625	1.000	
15	25	-34	4	1	-1	52	459	0.625	0.625	400	0.625	1.375	385	0.625	0.625	278	0.625	1.125	145	0.729	1.839	
16	18	-15	4	2	-1	17	348	0.375	0.375	295	0.500	0.500	320	0.500	1.125	396	0.500	0.500	345	0.625	0.625	
17	13	-21	4	2	1	36	281	0.250	0.250	497	0.375	0.375	393	0.375	1.375	124	0.479	1.375	116	0.479	1.155	
18	15	-18	4	-1	-1	9	162	0.125	0.125	341	0.125	0.125	164	0.250	0.250	323	0.354	1.280	390	0.375	0.375	
19	16	-36	4	-2	1	15	370	0.250	0.250	359	0.375	0.375	181	0.375	0.375	100	0.625	0.625	211	0.625	0.750	
20	17	-34	4	-1	-1	9	196	0.125	0.125	252	0.250	0.250	494	0.250	0.250	67	0.354	1.405	470	0.500	1.000	
21	27	-36	4	1	-2	3	405	0.625	0.625	90	0.625	0.625	477	0.625	0.625	339	0.655	0.655	145	0.750	0.750	
22	16	-34	4	1	-1	20	67	0.500	1.250	41	0.500	1.000	407	0.500	1.375	470	0.604	1.155	252	0.625	0.625	
23	14	-33	4	1	-1	2	220	0.479	1.530	340	0.479	1.155	247	0.479	1.280	118	0.500	0.875	193	0.604	1.155	
24	22	-35	4	-1	-1	4	166	0.125	0.125	184	0.500	0.875	33	0.500	1.250	404	0.500	0.500	39	0.625	0.625	
25	22	-36	4	2	1	32	475	0.125	0.125	292	0.250	0.250	234	0.375	1.375	269	0.375	0.375	294	0.479	1.375	
26	20	-36	4	2	1	13	464	0.125	0.125	312	0.500	0.500	240	0.500	0.500	376	0.604	1.280	314	0.625	0.625	
27	13	-25	4	-1	1	74	138	0.250	0.250	131	0.250	0.250	233	0.354	1.405	329	0.500	0.875	143	0.625	0.625	
28	17	-16	4	-1	-1	27	132	0.125	0.125	147	0.250	0.250	248	0.375	0.375	435	0.479	1.530	436	0.604	1.405	
29	12	-28	4	-1	-1	5	466	0.500	1.250	406	0.625	0.625	79	0.625	1.125	133	0.625	0.625	472	0.750	0.750	
30	12	-19	4	1	1	2	99	0.125	0.125	259	0.354	1.405	336	0.375	0.375	439	0.500	0.500	78	0.500	1.000	
31	29	-36	4	-2	-1	17	442	0.125	0.125	344	0.250	0.250	424	0.250	0.250	186	0.375	0.375	405	0.500	0.875	
32	26	-36	4	0	1	14	103	0.125	0.125	489	0.250	0.250	384	0.375	0.375	216	0.375	1.000	389	0.375	0.375	
33	21	-35	4	-2	1	4	376	0.250	0.250	184	0.375	0.375	268	0.729	1.280	463	0.750	0.750	314	0.750	0.655	
34	18	-35	4	-1	2	1	97	0.250	0.250	54	0.250	0.250	494	0.479	1.375	243	0.500	0.500	43	0.500	1.000	
35	12	-27	4	1	0	1	262	0.250	0.250	242	0.375	1.000	374	0.375	0.375	434	0.500	0.500	204	0.625	1.000	
36	23	-34	4	-1	-1	1	209	0.125	0.125	349	0.250	0.250	296	0.250	0.250	166	0.354	1.405	214	0.375	0.375	
37	17	-33	4	0	1	5	11	0.250	0.250	142	0.625	0.625	237	0.625	1.155	386	0.750	1.280	409	0.750	0.750	
38	28	-35	4	-1	1	12	70	0.250	0.250	478	0.375	0.375	271	0.604	1.714	403	0.604	1.405	152	0.625	0.625	
39	23	-35	4	0	-1	0	185	0.375	1.125	234	0.500	1.000	166	0.500	0.500	238	0.500	0.500	71	0.500	0.500	
40	22	-14	4	1	-2	13	263	0.375	1.375	440	0.500	0.500	77	0.500	0.500	14	0.500	1.250	235	0.500	1.250	
41	16	-35	4	1	-2	0	67	0.250	0.250	359	0.375	1.250	379	0.479	1.375	228	0.479	1.405	328	0.500	0.500	
42	19	-13	4	-2	1	2	205	0.125	0.125	458	0.125	0.125	177	0.375	0.375	428	0.375	1.250	2	0.500	0.500	
43	18	-34	4	-1	1	0	142	0.479	1.155	11	0.479	1.530	37	0.479	1.280	20	0.500	1.375	236	0.530	0.530	
44	17	-14	4	0	-1	13	61	0.125	0.125	455	0.250	1.375	446	0.375	0.375	146	0.375	1.000	453	0.375	0.375	
45	22	-15	4	2	-1	11	136	0.375	0.375	235	0.375	0.375	263	0.500	0.500	351	0.625	0.625	77	0.625	0.625	
46	13	-20	4	-2	-1	5	276	0.125	0.125	394	0.250	0.250	416	0.375	1.250	107	0.479	1.500	270	0.500	0.500	
47	21	-14	4	-2	-1	20	102	0.125	0.125	440	0.375	0.375	288	0.500	1.125	355	0.500	0.500	199	0.604	1.375	
48	18	-35	4	2	-1	0	492	0.479	1.280	54	0.500	0.500	180	0.500	0.500	167	0.500	1.000	26	0.559	1.589	
49	14	-19	4	1	0	9	305	0.375	1.375	116	0.375	0.375	354	0.500	0.500	450	0.500	1.250	360	0.604	1.250	
50	13	-19	4	-1	2	18	225	0.250	0.250	259	0.500	1.375	8	0.559	1.589	272	0.604	1.500	432	0.625	0.750	
51	13	-23	4	1	1	2	372	0.500	0.500	159	0.530	0.530	449	0.625	0.750	9	0.750	0.750	140	0.750	0.625	
52	13	-27	4	-2	-1	2	204	0.250	0.250	410	0.375	0.375	163	0.375	1.250	29	0.479	1.405	387	0.500	1.125	
53	15	-19	4	-1	1	19	63	0.125	0.125	221	0.125	0.125	462	0.479	1.155	460	0.500	0.500	86	0.500	1.375	
54	18	-35	4	1	2	2	34	0.250	0.250	48	0.500	0.500	43	0.500	1.250	243	0.500	0.500	97	0.500	0.500	
55	28	-34	4	-1	-1	4	194	0.375	0.375	152	0.500	1.000	325	0.500	1.250	69	0.530	0.530	216	0.604	1.714	
56	17	-35	4	-1	-1	5	470	0.125	0.125	19	0.479	1.155	359	0.479	1.530	228	0.500	1.375	211	0.500	1.375	
57	18	-13	4	0	1	0	151	0.250	0.250	177	0.375	0.375	2	0.500	0.500	10	0.500	0.500	428	0.500	0.500	
58	13	-31	4	-1	-1	3	298	0.500	0.500	383	0.625	1.250	231	0.625	0.625	317	0.625	1.250	318	0.625	0.625	
59	13	-25	4	0	-1	8	143	0.125	0.125	381	0.250	1.125	250	0.375	0.375	156	0.375	1.250	445	0.500	0.500	
60	12	-18	4	0	1	1	78	0.125	0.125	8	0.250	1.250	483	0.250	1.125	272	0.375	0.375	259	0.500	0.500	
61	17	-14	4	1	-2	0	44	0.125	0.125	455	0.375	1.250	446	0.500	0.500	453	0.500	0.500	146	0.500	1.125	
62	16	-17	4	2	1	11	302	0.250	0.250	412	0.500	0.500	454	0.625	0.875	265	0.655	0.655	493	0.729	1.589	
63	15	-19	4	-2	1	1	53	0.125	0.125	221	0.250	0.250	460	0.375	0.375	323	0.375	1.250	86	0.375	1.250	
64	20	-13	4	2	-1	2	402	0.250	0.250	130	0.375	0.375	465	0.375	0.375	457	0.500	1.125	327	0.500	1.375	
65	29	-35	4	-1	-2	10	69	0.125	0.125	304	0.375	0.375	344	0.375	1.125	478	0.625	0.875	337	0.625	1.000	
66	19	-36	4	1	0	0	492	0.125	0.125	230	0.250	0.250	26	0.250	1.250	122	0.250	0.250	464	0.375	1.375	
67	16	-35	4	-1	-2	3	41	0.250	0.250	359	0.375	1.000	370	0.500	0.875	470	0.625	0.625	211	0.625	0.625	
68	29	-34	4	1	-2	8	380	0.125	0.125	69	0.375	1.250	304	0.375	1.000	65	0.500	1.375	194	0.625	0.625	
69	29	-35	4	-1	-1	1	65	0.125	0.125	405	0.354	1.405	38	0.500	1.375	478	0.500	1.000	304	0.500	0.500	
70	28	-35	4	0	1	1	38	0.250	0.250	482	0.375	1.375	413	0.500	1.000	319	0.500	0.500	352	0.500	0.500	
71	23	-35	4	1	0	0	392	0.375	1.125	238	0.375	1.000	234	0.500	0.500	294	0.500	0.500	286	0.604	1.250	
72	24	-36	4	-1	0	2	187	0.125	0.125	356	0.250	0.250	444	0.375	1.000	366	0.500	0.500	294	0.604	1.250	
73	15	-31	4	-1	0	1	467	0.375	0.375	127	0.375	0.375	318	0.500	0.875	246	0.500	1.250	231	0.604	1.589	
74	13	-29	4	1	-1	0	203	0.500	1.375	363	0.604	1.155	7	0.625	0.750	293	0.625	1.250	79	0.625	0.625	
75	12	-29	4	-2	-1	2	133	0.125	0.125	487	0.250	0.250	79	0.375	0.375	466	0.500	0.500	29	0.750	0.625	
76	12	-31	4	-1	0	0	347	0.500	0.500	133	0.750	0.750	332	0.750	0.875	4	0.875	0.875	75	0.875	0.875	
77	22	-14	4	2	1	1	232	0.250	0.250	40	0.500	0.500	45	0.625	0.625	89	0.625	0.625	136	0.750	0.625	
78	12	-18	4	1	2	0	60	0.125	0.125	483	0.375	1.250	272	0.500	0.500	8	0.500	1.125	259	0.625	0.625	
79	12	-29	4	0	-1	3	466	0.125	0.125	75	0.375	0.375	289	0.500	0.500	74	0.625	0.625	293	0.750	0.905	
80	24	-34	4	-1	1	10	256	0.125	0.125	286	0.250	0.250	264	0.625	0.625	36	0.625	1.375	209	0.750	1.250	
81	12	-26	4	0	1	8	342	0.125	0.125	134	0.125	0.125	378	0.250	1.250	321	0.375	0.375	429	0.375	0.375	
82	21	-13	4	0	-1	5	258	0.125	0.125	452	0.375	0.375	13	0.375	0.375	440	0.375	1.375	47	0.375	1.000	
83	19	-14	4	1	2	0	123	0.375	0.375	177	0.375	1.250	458	0.375	1.250	130	0.479	1.405	353	0.500	0.875	
84	14	-29	4	-2	-1	0	299	0.125	0.125	431	0.125	0.125	361	0.250	0.250	254	0.375	1.250	293	0.479	1.500	
85	23	-35	4	-1	0	5	24	0.250	1.125	166	0.375	1.000	296	0.375	0.375	294	0.500	0.500	36	0.625	0.625	
86	14	-19	4	-1	-1	8	316	0.125	0.125	323	0.250	0.250	276	0.354	1.280	394	0.354	1.405	217	0.375	0.375	
87	20	-15	4	2	-1	0	421	0.125	0.125	474	0.375	0.375	199	0.375	0.375	126	0.375	1.250	170	0.500	0.500	
88	14	-33	4	-1	0	0	488	0.125	0.125	333	0.500	0.500	218	0.625	0.905	231	0.750	1.030	23	0.750	0.750	
89	22	-13	4	2	1	1	77	0.625	0.625	311	0.750	0.750	232	0.875	0.500	224	0.875	0.875	13	1.000	0.625	
90	27	-36	4	1	1	2	384	0.250	0.250	352	0.354	1.280	101	0.375	0.375	70	0.479	1.280	154	0.530	0.530	
91	13	-23	4	-1	-2	10	277	0.250	0.250	372	0.375	0.375	315	0.375	1.125	9	0.500	1.125	149	0.500	0.500	
92	15	-34	4	-1	2	0	488	0.479	1.530	340	0.500	0.500	207	0.500	0.875	267	0.500	1.125	461	0.500	1.250	
93	13	-28	4	-1	2	0	377	0.125	0.125	229	0.250	0.250	387	0.479	1.280	257	0.500	0.500	95	0.500	0.500	
94	26	-34	4	0	1	2	251	0.375	0.375	385	0.500	0.500	271	0.625	0.625	286	0.750	0.750	448	0.750	0.750	
95	12	-28	4	0	1	1	406	0.125	0.125	163	0.250	1.125	377	0.375	0.375	93	0.500	0.500	229	0.500	0.500	
96	14	-29	4	1	0	0	203	0.250	0.250	7	0.375	0.375	417	0.500	1.000	157	0.500	0.500	373	0.500	1.250	
97	18	-35	4	-2	1	0	34	0.250	0.250	172	0.375	0.375	54	0.500	0.500	56	0.500	1.250	236	0.500	1.000	
98	23	-34	4	0	1	0	285	0.250	0.250	286	0.375	0.375	256	0.500	0.500	296	0.500	0.500	80	0.625	0.625	
99	12	-19	4	2	1	0	30	0.125	0.125	336	0.250	0.250	439	0.375	0.375	499	0.375	1.250	259	0.479	1.500	
100	16	-36	4	1	1	1	181	0.250	0.250	171	0.479	1.530	211	0.625	1.375	379	0.625	1.125	19	0.625	0.625	
101	27	-36	4	-1	2	0	384	0.125	0.125	350	0.250	0.250	90	0.375	0.375	477	0.375	0.375	476	0.500	0.500	
102	21	-14	4	-1	0	6	47	0.125	0.125	355	0.375	0.375	452	0.500	0.500	283	0.500	0.500	208	0.500	0.500	
103	26	-36	4	1	2	0	32	0.125	0.125	191	0.250	0.250	489	0.375	0.375	145	0.479	1.375	216	0.500	1.125	
104	13	-28	4	-1	-1	3	133	0.354	1.280	472	0.375	0.375	487	0.479	1.155	79	0.479	1.280	74	0.500	1.375	
105	14	-32	4	-1	-2	1	23	0.375	1.250	333	0.500	0.500	369	0.625	0.625	317	0.625	0.625	498	0.625	1.250	
106	14	-31	4	2	-1	2	368	0.250	0.250	318	0.375	0.375	273	0.500	0.500	422	0.500	0.500	369	0.604	1.280	
107	12	-21	4	-1	-2	12	215	0.250	0.250	201	0.375	1.375	161	0.500	0.500	401	0.625	0.625	12	0.625	0.750	
108	16	-16	4	0	1	0	454	0.125	0.125	362	0.250	1.125	120	0.500	0.875	255	0.500	1.375	493	0.625	1.155	
109	13	-29	4	-2	1	0	254	0.125	0.125	313	0.375	0.375	133	0.375	1.250	406	0.479	1.500	75	0.500	1.375	
110	24	-36	4	1	0	0	261	0.125	0.125	366	0.500	0.500	392	0.625	0.625	282	0.625	0.905	238	0.750	0.625	
111	28	-34	4	1	0	2	413	0.125	0.125	380	0.250	1.125	194	0.375	0.375	68	0.375	1.000	352	0.375	0.375	
112	18	-13	4	0	-1	4	226	0.375	0.375	453	0.375	1.375	428	0.500	0.500	326	0.500	0.500	10	0.500	0.500	
113	24	-35	4	-1	1	0	296	0.354	1.280	98	0.479	1.280	80	0.500	0.875	392	0.500	0.500	294	0.625	0.625	
114	26	-36	4	2	-1	0	191	0.250	0.250	90	0.375	1.250	21	0.500	0.875	103	0.500	0.500	384	0.625	1.000	
115	20	-13	4	-2	1	1	334	0.125	0.125	456	0.375	0.375	189	0.375	0.375	205	0.375	1.250	458	0.375	1.000	
116	14	-20	4	1	0	2	354	0.125	0.125	469	0.250	0.250	49	0.375	0.375	197	0.375	1.125	393	0.500	0.500	
117	11	-17	4	-1	2	1	309	0.125	0.125	178	0.250	0.250	8	0.625	0.625	279	0.625	0.625	479	0.729	1.375	
118	15	-33	4	1	-1	0	169	0.125	0.125	461	0.500	0.500	495	0.530	0.530	22	0.604	1.530	247	0.625	1.125	
119	15	-30	4	1	-2	0	331	0.250	0.250	481	0.250	0.250	363	0.625	0.625	73	0.625	1.000	484	0.729	1.780	
120	16	-15	4	-1	0	5	362	0.250	0.250	255	0.500	0.500	324	0.750	0.780	28	0.780	0.780	455	0.875	0.750	
121	27	-35	4	2	-1	0	145	0.125	0.125	158	0.479	1.500	352	0.500	1.250	339	0.500	1.000	325	0.625	0.875	
122	19	-36	4	1	-1	0	492	0.125	0.125	66	0.250	0.250	230	0.500	0.500	464	0.500	1.125	150	0.530	0.530	
123	19	-14	4	-1	1	0	428	0.354	1.280	83	0.375	0.375	226	0.479	1.155	57	0.479	1.280	458	0.500	0.875	
124	14	-20	4	0	1	0	310	0.375	0.375	217	0.375	1.000	496	0.375	0.375	270	0.500	0.500	438	0.500	0.500	
125	22	-13	4	-1	-1	0	13	0.250	0.250	224	0.250	0.250	102	0.354	1.280	440	0.479	1.280	40	0.500	1.250	
126	21	-15	4	1	1	0	301	0.125	0.125	232	0.354	1.405	136	0.500	0.875	6	0.500	0.500	45	0.500	1.250	
127	15	-32	4	-1	0	0	399	0.250	0.250	333	0.250	1.250	105	0.375	1.000	73	0.375	0.375	369	0.375	0.375	
128	13	-24	4	-1	0	0	329	0.250	0.250	315	0.375	0.375	131	0.375	0.375	233	0.500	1.000	277	0.500	0.500	
129	16	-32	4	2	-1	1	484	0.125	0.125	495	0.125	0.125	175	0.375	0.375	118	0.655	0.655	196	0.729	1.604	
130	20	-13	4	1	1	0	402	0.125	0.125	189	0.250	0.250	64	0.375	0.375	334	0.500	0.500	115	0.625	0.625	
131	13	-25	4	-1	0	0	27	0.250	0.250	128	0.375	0.375	143	0.375	0.375	59	0.500	0.500	138	0.500	0.500	
132	17	-16	4	-1	-2	4	147	0.125	0.125	28	0.125	0.125	248	0.250	0.250	435	0.479	1.405	436	0.604	1.500	
133	12	-29	4	-1	0	0	75	0.125	0.125	487	0.125	0.125	79	0.500	0.500	29	0.625	0.625	466	0.625	0.625	
134	12	-26	4	1	2	0	81	0.125	0.125	434	0.250	0.250	342	0.250	0.250	138	0.479	1.155	445	0.479	1.375	
135	13	-30	4	0	1	1	427	0.125	0.125	137	0.375	0.375	313	0.375	1.375	109	0.375	1.000	332	0.375	0.375	
136	22	-15	4	1	1	0	351	0.250	0.250	45	0.375	0.375	232	0.500	1.000	102	0.854	1.250	208	0.875	0.780	
137	13	-30	4	-2	1	0	135	0.375	0.375	487	0.479	1.280	427	0.500	0.500	254	0.500	0.500	293	0.500	0.500	
138	13	-25	4	0	1	0	329	0.250	1.125	27	0.250	0.250	128	0.500	0.875	445	0.500	0.500	378	0.500	0.500	
139	29	-36	4	1	2	2	186	0.375	0.375	337	0.375	0.375	424	0.500	0.500	319	0.500	1.375	346	0.500	1.000	
140	13	-22	4	1	0	1	338	0.125	0.125	449	0.125	0.125	281	0.500	0.500	17	0.500	0.500	51	0.625	0.625	
141	29	-34	4	1	2	0	179	0.250	0.250	382	0.500	0.500	482	0.500	0.500	380	0.625	0.625	68	0.750	0.750	
142	17	-33	4	-2	-1	1	409	0.125	0.125	11	0.375	0.375	494	0.500	0.500	196	0.625	0.875	37	0.625	0.625	
143	13	-25	4	-1	-2	9	59	0.125	0.125	131	0.375	0.375	156	0.500	1.375	250	0.500	0.500	381	0.500	1.000	
144	12	-21	4	2	1	0	17	0.375	1.125	281	0.375	1.375	496	0.479	1.375	215	0.500	0.500	415	0.500	0.500	
145	27	-35	4	1	0	0	121	0.125	0.125	339	0.250	1.125	352	0.375	1.375	325	0.375	1.000	297	0.500	0.500	
146	17	-15	4	-2	-1	37	455	0.375	0.375	358	0.500	0.500	120	0.500	1.250	362	0.500	1.250	480	0.625	0.625	
147	17	-16	4	0	-1	4	132	0.125	0.125	248	0.125	0.125	28	0.250	0.250	436	0.604	1.375	435	0.750	1.280	
148	13	-26	4	1	2	0	429	0.125	0.125	253	0.125	0.125	27	0.375	1.250	138	0.500	1.250	81	0.500	0.500	
149	12	-23	4	0	-1	5	198	0.250	0.250	227	0.250	1.250	441	0.250	0.250	419	0.375	0.375	306	0.375	1.125	
150	20	-35	4	1	-1	0	240	0.250	0.250	274	0.354	1.280	451	0.500	1.250	165	0.500	1.375	122	0.530	0.530	
151	18	-13	4	1	1	0	57	0.250	0.250	10	0.250	0.250	177	0.625	0.625	353	0.625	1.000	295	0.625	0.625	
152	28	-35	4	-1	-2	8	478	0.250	0.250	325	0.250	0.250	339	0.375	0.375	405	0.375	1.125	477	0.479	1.375	
153	18	-34	4	-1	-2	1	160	0.375	0.375	172	0.375	1.000	470	0.479	1.280	252	0.500	0.500	196	0.625	0.625	
154	26	-35	4	1	1	0	90	0.530	0.530	297	0.604	1.405	94	0.625	1.125	121	0.625	1.250	251	0.625	1.250	
155	13	-21	4	-1	-1	2	1	0.125	0.125	161	0.250	0.250	12	0.354	1.280	401	0.375	0.375	497	0.500	0.500	
156	13	-26	4	1	-2	0	381	0.375	0.375	242	0.375	1.125	52	0.500	1.125	204	0.625	1.375	253	0.625	0.625	
157	14	-28	4	2	-1	0	266	0.479	1.375	373	0.479	1.280	96	0.500	0.500	287	0.625	0.625	431	0.625	1.250	
158	28	-36	4	1	-2	0	405	0.250	0.250	414	0.500	0.500	344	0.625	0.625	337	0.625	1.000	21	0.625	0.625	
159	12	-22	4	1	1	1	423	0.250	0.250	433	0.375	0.375	281	0.479	1.155	449	0.500	1.000	51	0.530	0.530	
160	18	-34	4	1	-1	0	245	0.354	1.405	153	0.375	0.375	167	0.479	1.530	252	0.625	0.625	172	0.625	1.375	
161	13	-21	4	0	-1	4	401	0.125	0.125	497	0.250	0.250	155	0.250	0.250	1	0.375	0.375	338	0.375	1.000	
162	15	-18	4	-2	-1	3	18	0.125	0.125	341	0.250	0.250	390	0.250	0.250	462	0.375	1.125	164	0.375	0.375	
163	12	-27	4	-1	1	0	387	0.125	0.125	342	0.500	1.000	434	0.625	1.250	134	0.625	1.250	35	0.750	0.750	
164	15	-18	4	0	-1	5	341	0.125	0.125	460	0.250	1.125	18	0.250	0.250	450	0.375	1.000	335	0.375	1.250	
165	20	-36	4	-1	-1	3	268	0.125	0.125	408	0.250	0.250	314	0.500	0.500	212	0.625	1.250	312	0.625	0.625	
166	22	-35	4	-1	-2	1	24	0.125	0.125	404	0.375	0.375	292	0.500	1.125	39	0.500	0.500	475	0.625	1.000	
167	19	-35	4	1	-1	0	245	0.125	0.125	464	0.354	1.280	26	0.479	1.155	150	0.500	0.875	268	0.604	1.155	
168	16	-34	4	-1	1	0	219	0.125	0.125	267	0.354	1.405	365	0.375	0.375	11	0.530	0.530	88	0.604	1.839	
169	15	-33	4	1	-2	0	118	0.125	0.125	193	0.375	1.375	247	0.500	1.250	220	0.500	1.000	67	0.559	1.589	
170	20	-15	4	1	2	1	474	0.125	0.125	208	0.479	1.155	288	0.500	1.375	87	0.500	0.500	320	0.625	0.625	
171	17	-35	4	1	1	0	407	0.500	0.875	236	0.500	0.500	48	0.625	1.250	379	0.625	0.625	190	0.655	0.655	
172	18	-35	4	-1	-1	0	97	0.375	0.375	20	0.530	0.530	359	0.604	1.589	19	0.604	1.714	34	0.625	0.625	
173	15	-32	4	1	2	0	399	0.375	0.375	467	0.375	1.375	127	0.625	0.625	495	0.625	1.250	484	0.625	1.000	
174	12	-23	4	-1	1	0	202	0.500	0.500	433	0.500	1.000	159	0.500	1.375	441	0.500	0.500	12	0.625	0.625	
175	16	-32	4	0	-1	0	495	0.250	0.250	129	0.375	0.375	369	0.500	0.500	484	0.500	0.500	247	0.604	1.589	
176	12	-16	4	-1	1	3	490	0.500	0.500	309	0.530	0.530	117	0.655	0.655	249	0.750	0.750	479	0.750	0.750	
177	19	-13	4	0	1	0	2	0.125	0.125	458	0.250	0.250	42	0.375	0.375	57	0.375	0.375	189	0.375	0.375	
178	11	-17	4	-2	1	0	309	0.125	0.125	117	0.250	0.250	176	0.655	0.655	8	0.875	0.875	279	0.875	0.875	
179	29	-34	4	-1	2	0	382	0.250	0.250	141	0.250	0.250	482	0.500	0.500	38	0.655	0.655	55	0.750	1.250	
180	18	-36	4	1	0	0	122	0.250	1.125	66	0.375	1.375	190	0.375	0.375	230	0.375	1.125	48	0.500	0.500	
181	16	-36	4	0	1	0	100	0.250	0.250	211	0.250	1.125	19	0.375	0.375	328	0.500	1.000	236	0.625	0.780	
182	13	-20	4	1	-1	1	397	0.125	0.125	394	0.375	0.375	497	0.500	0.875	155	0.500	1.375	354	0.500	1.000	
183	13	-30	4	1	-1	0	368	0.354	1.405	195	0.375	0.375	293	0.375	0.375	318	0.479	1.280	58	0.500	1.375	
184	21	-35	4	-1	-1	3	268	0.354	1.405	408	0.354	1.280	463	0.375	0.375	33	0.375	0.375	165	0.479	1.530	
185	23	-36	4	1	-1	0	234	0.125	0.125	444	0.375	0.375	261	0.500	1.000	110	0.625	1.125	192	0.625	0.625	
186	29	-36	4	-1	1	0	424	0.125	0.125	442	0.250	0.250	31	0.375	0.375	139	0.375	0.375	478	0.479	1.155	
187	24	-36	4	-2	-1	4	72	0.125	0.125	356	0.125	0.125	192	0.375	0.375	444	0.500	0.875	425	0.729	1.479	
188	14	-30	4	-2	1	0	485	0.125	0.125	137	0.375	1.125	313	0.479	1.375	254	0.479	1.155	293	0.500	1.125	
189	20	-13	4	0	1	0	130	0.250	0.250	334	0.250	0.250	115	0.375	0.375	177	0.375	0.375	311	0.375	0.375	
190	18	-36	4	1	2	0	398	0.250	0.250	180	0.375	0.375	206	0.500	0.500	97	0.500	1.125	34	0.500	1.375	
191	26	-36	4	2	1	0	103	0.250	0.250	114	0.250	0.250	32	0.375	0.375	90	0.375	1.000	21	0.500	1.125	
192	24	-36	4	0	-1	0	356	0.250	0.250	187	0.375	0.375	261	0.375	0.375	110	0.500	0.500	72	0.500	0.500	
193	15	-34	4	-1	-2	2	247	0.125	0.125	220	0.375	0.375	92	0.750	0.750	340	0.750	0.750	470	0.839	0.839	
194	28	-34	4	1	-2	0	55	0.375	0.375	111	0.375	0.375	339	0.375	1.000	152	0.500	1.375	478	0.500	1.125	
195	13	-30	4	2	1	0	427	0.250	0.250	183	0.375	0.375	135	0.375	0.375	373	0.559	1.589	368	0.729	1.280	
196	17	-34	4	-1	-2	1	252	0.125	0.125	20	0.125	0.125	56	0.375	1.000	494	0.375	0.375	67	0.479	1.280	
197	15	-20	4	1	1	0	53	0.500	1.375	124	0.625	0.625	305	0.625	0.625	63	0.625	1.250	360	0.750	0.750	
198	12	-23	4	1	-1	0	419	0.125	0.125	149	0.250	0.250	227	0.500	1.000	202	0.500	0.500	441	0.500	0.500	
199	20	-15	4	0	-1	14	421	0.250	0.250	87	0.375	0.375	348	0.750	0.750	126	0.750	1.125	474	0.750	0.750	
200	18	-14	4	1	1	0	295	0.250	0.250	2	0.354	1.405	177	0.479	1.280	64	0.604	1.714	402	0.604	1.714	
201	12	-22	4	1	-2	2	423	0.375	0.375	441	0.375	1.250	149	0.500	1.250	198	0.500	1.000	315	0.559	1.589	
202	12	-23	4	1	1	0	140	0.354	1.280	419	0.375	0.375	338	0.479	1.155	198	0.500	0.500	174	0.500	0.500	
203	14	-29	4	1	1	0	96	0.250	0.250	373	0.500	1.250	7	0.625	0.625	313	0.625	0.625	257	0.655	0.655	
204	13	-27	4	-1	-2	6	52	0.250	0.250	242	0.250	0.250	29	0.479	1.405	364	0.500	0.500	104	0.500	1.000	
205	19	-13	4	-1	0	8	42	0.125	0.125	458	0.250	0.250	428	0.250	1.375	326	0.375	0.375	226	0.375	1.250	
206	19	-36	4	0	1	1	212	0.125	0.125	230	0.250	0.250	243	0.250	1.375	391	0.375	1.250	312	0.500	0.500	
207	15	-33	4	-2	1	0	267	0.250	0.250	488	0.375	1.125	333	0.479	1.280	88	0.500	1.250	127	0.500	0.500	
208	21	-14	4	0	1	2	457	0.250	1.250	311	0.375	1.375	102	0.500	0.500	327	0.500	1.000	232	0.500	0.500	
209	23	-34	4	-1	-2	0	349	0.125	0.125	36	0.125	0.125	214	0.250	0.250	39	0.375	1.250	296	0.375	0.375	
210	12	-25	4	1	-1	1	290	0.125	0.125	5	0.250	0.250	156	0.354	1.405	330	0.375	0.375	250	0.500	1.000	
211	16	-35	4	-1	1	0	92	0.354	1.405	219	0.500	1.000	328	0.625	0.625	67	0.625	0.625	168	0.625	0.875	
212	19	-36	4	-1	2	0	206	0.125	0.125	230	0.375	0.375	391	0.375	1.125	97	0.604	1.500	0	0.625	1.125	
213	15	-17	4	-1	-2	5	3	0.125	0.125	341	0.375	1.125	462	0.479	1.500	164	0.500	1.250	18	0.500	1.000	
214	23	-34	4	1	-2	0	349	0.125	0.125	209	0.250	0.250	36	0.375	0.375	39	0.375	1.250	238	0.479	1.280	
215	12	-21	4	1	-2	1	107	0.250	0.250	201	0.375	1.125	338	0.479	1.500	144	0.500	0.500	161	0.500	0.500	
216	26	-35	4	-2	1	1	448	0.479	1.280	400	0.500	1.250	154	0.625	0.625	271	0.625	0.625	80	0.729	1.714	
217	14	-19	4	-2	1	1	323	0.125	0.125	316	0.250	0.250	86	0.375	0.375	438	0.500	0.500	50	0.500	0.875	
218	13	-32	4	-2	-1	0	231	0.125	0.125	498	0.375	0.375	317	0.500	0.500	383	0.750	0.750	298	0.750	0.750	
219	16	-34	4	-1	2	0	168	0.125	0.125	365	0.250	0.250	267	0.479	1.280	207	0.479	1.500	173	0.559	1.589	
220	15	-34	4	1	-1	0	247	0.250	0.250	41	0.354	1.405	193	0.375	0.375	340	0.375	0.375	328	0.479	1.155	
221	15	-19	4	-1	2	0	53	0.125	0.125	63	0.250	0.250	390	0.500	0.875	316	0.625	1.125	217	0.625	0.875	
222	15	-29	4	-1	-1	2	266	0.250	0.250	363	0.354	1.405	485	0.354	1.280	188	0.479	1.155	84	0.500	1.000	
223	15	-16	4	1	0	0	265	0.250	0.250	454	0.500	1.000	418	0.625	0.625	371	0.750	0.625	62	0.750	0.905	
224	22	-13	4	-1	0	6	355	0.250	1.375	125	0.250	0.250	258	0.375	1.000	452	0.375	1.250	456	0.500	1.500	
225	13	-19	4	1	2	0	50	0.250	0.250	259	0.375	1.125	432	0.625	1.000	499	0.625	0.625	483	0.729	1.714	
226	18	-13	4	-2	-1	11	428	0.125	0.125	112	0.375	0.375	44	0.479	1.375	446	0.479	1.280	61	0.604	1.280	
227	12	-24	4	1	-2	2	306	0.125	0.125	471	0.375	0.375	210	0.375	1.000	59	0.479	1.155	445	0.479	1.375	
228	17	-36	4	1	-1	0	379	0.250	0.250	180	0.625	1.125	322	0.625	0.625	190	0.625	1.250	243	0.854	1.354	
229	13	-28	4	1	2	0	377	0.125	0.125	257	0.250	0.250	93	0.250	0.250	410	0.375	1.250	95	0.500	0.500	
230	19	-36	4	1	1	0	206	0.250	0.250	66	0.250	0.250	240	0.354	1.280	212	0.375	0.375	492	0.375	0.375	
231	13	-32	4	-1	0	0	218	0.125	0.125	498	0.250	0.250	58	0.625	0.625	317	0.625	0.625	76	0.750	1.030	
232	22	-14	4	1	2	0	77	0.250	0.250	89	0.500	0.875	208	0.500	0.500	355	0.729	1.375	40	0.750	0.750	
233	12	-24	4	-1	2	0	300	0.375	0.375	174	0.375	1.000	202	0.500	1.250	471	0.625	0.625	159	0.750	1.625	
234	23	-36	4	2	-1	0	185	0.125	0.125	110	0.375	1.250	444	0.500	0.500	71	0.500	0.500	261	0.500	1.125	
235	22	-15	4	0	-1	11	263	0.125	0.125	14	0.250	0.250	241	0.375	0.375	45	0.375	0.375	6	0.750	1.125	
236	17	-35	4	-1	1	0	219	0.354	1.405	168	0.479	1.530	171	0.500	0.500	56	0.500	0.500	407	0.500	1.375	
237	16	-32	4	-1	2	0	386	0.125	0.125	73	0.604	1.375	173	0.625	0.625	484	0.625	0.625	399	0.750	0.750	
238	24	-35	4	1	-2	0	261	0.500	0.875	39	0.500	0.500	356	0.500	1.250	278	0.500	0.500	282	0.625	0.875	
239	12	-26	4	1	-1	0	242	0.354	1.405	434	0.375	0.375	374	0.500	1.000	204	0.604	1.155	364	0.625	1.125	
240	20	-35	4	1	0	0	150	0.250	0.250	303	0.375	1.250	464	0.375	0.375	463	0.375	1.000	451	0.375	1.250	
241	22	-15	4	-2	-1	15	14	0.125	0.125	263	0.250	0.250	235	0.375	0.375	6	0.375	1.250	283	0.500	1.125	
242	13	-27	4	1	-2	0	204	0.250	0.250	472	0.500	1.125	104	0.500	1.250	364	0.500	0.500	52	0.500	0.500	
243	19	-35	4	0	1	0	391	0.125	0.125	34	0.500	0.500	54	0.500	0.500	43	0.750	1.280	167	0.750	0.750	
244	14	-28	4	-1	0	0	104	0.250	1.125	287	0.250	0.250	299	0.375	0.375	93	0.500	1.000	84	0.500	0.500	
245	19	-35	4	1	-2	0	167	0.125	0.125	122	0.375	1.000	464	0.479	1.375	492	0.500	0.875	26	0.604	1.280	
246	14	-31	4	-2	-1	0	298	0.375	1.250	318	0.375	0.375	231	0.479	1.155	368	0.500	0.500	485	0.500	0.500	
247	15	-34	4	0	-1	0	193	0.125	0.125	220	0.250	0.250	340	0.625	0.625	22	0.625	0.625	252	0.750	0.750	
248	17	-16	4	1	-2	0	147	0.125	0.125	132	0.250	0.250	28	0.375	0.375	436	0.729	1.280	435	0.875	1.155	
249	12	-17	4	-2	-1	3	483	0.375	0.375	309	0.375	1.250	117	0.500	1.125	178	0.500	1.375	272	0.625	0.625	
250	13	-25	4	2	-1	0	445	0.125	0.125	59	0.375	0.375	143	0.500	0.500	9	0.625	0.625	156	0.625	0.875	
251	26	-34	4	-2	1	1	271	0.250	0.250	94	0.375	0.375	448	0.500	1.125	216	0.625	0.625	385	0.750	0.875	
252	17	-34	4	0	-1	0	196	0.125	0.125	56	0.250	1.125	20	0.250	0.250	494	0.500	0.500	153	0.500	0.500	
253	13	-26	4	1	1	0	148	0.125	0.125	429	0.250	0.250	81	0.625	0.625	27	0.625	1.375	445	0.625	0.625	
254	13	-29	4	-1	0	0	109	0.125	0.125	487	0.250	1.250	133	0.375	1.375	313	0.500	0.500	137	0.500	0.500	
255	16	-15	4	0	1	0	362	0.250	0.250	493	0.500	0.500	120	0.500	0.500	443	0.625	0.625	324	0.780	0.780	
256	24	-34	4	-1	2	1	286	0.125	0.125	80	0.125	0.125	98	0.500	0.500	264	0.500	0.500	296	0.625	1.000	
257	13	-28	4	2	1	0	229	0.250	0.250	157	0.375	1.375	377	0.375	0.375	93	0.500	0.500	472	0.500	0.500	
258	21	-13	4	-1	-2	8	82	0.125	0.125	452	0.250	0.250	355	0.375	0.375	47	0.500	0.875	13	0.500	0.500	
259	13	-18	4	1	2	0	60	0.500	0.500	432	0.625	0.625	78	0.625	0.625	473	0.625	1.250	468	0.750	0.750	
260	13	-22	4	-1	-2	6	411	0.375	0.375	91	0.375	1.125	372	0.375	1.250	149	0.479	1.155	441	0.479	1.405	
261	24	-36	4	2	-1	0	110	0.125	0.125	192	0.375	0.375	389	0.625	1.000	356	0.625	0.625	154	0.729	1.714	
262	12	-27	4	1	-1	0	374	0.125	0.125	364	0.250	0.250	35	0.250	0.250	472	0.354	1.405	257	0.479	1.155	
263	22	-15	4	-1	-2	3	235	0.125	0.125	14	0.125	0.125	241	0.250	0.250	45	0.500	0.500	6	0.625	1.250	
264	24	-34	4	2	1	0	286	0.375	0.375	15	0.375	1.250	256	0.500	0.500	426	0.500	0.500	385	0.500	0.875	
265	15	-16	4	1	1	0	223	0.250	0.250	443	0.479	1.155	255	0.479	1.280	324	0.500	0.500	108	0.625	0.625	
266	15	-29	4	0	-1	0	222	0.250	0.250	331	0.375	1.000	481	0.375	1.250	373	0.375	0.375	119	0.375	1.250	
267	15	-33	4	-1	2	0	207	0.250	0.250	461	0.375	0.375	173	0.375	1.375	333	0.479	1.500	399	0.500	1.000	
268	20	-36	4	-1	-2	0	165	0.125	0.125	408	0.375	0.375	464	0.625	0.625	314	0.625	0.625	312	0.750	0.750	
269	22	-36	4	0	1	0	395	0.250	1.250	280	0.375	0.375	425	0.375	1.375	25	0.375	0.375	475	0.500	0.500	
270	13	-20	4	-1	2	0	496	0.125	0.125	276	0.375	0.375	367	0.479	1.375	46	0.500	0.500	50	0.500	1.125	
271	26	-34	4	-2	-1	7	251	0.250	0.250	459	0.375	0.375	448	0.500	1.375	278	0.604	1.375	216	0.625	0.625	
272	12	-18	4	-2	1	0	60	0.375	0.375	178	0.479	1.280	78	0.500	0.500	367	0.500	0.500	117	0.604	1.500	
273	14	-31	4	1	2	0	188	0.500	1.125	106	0.500	0.500	307	0.559	1.589	331	0.604	1.280	485	0.625	1.000	
274	21	-36	4	1	0	0	25	0.250	1.250	475	0.375	1.375	451	0.500	0.500	303	0.500	0.500	292	0.500	1.250	
275	19	-15	4	-1	0	0	345	0.250	1.125	396	0.375	1.000	348	0.500	0.875	28	0.604	2.155	147	0.604	1.905	
276	13	-20	4	-1	0	0	46	0.125	0.125	270	0.375	0.375	416	0.375	1.375	394	0.375	0.375	496	0.500	0.500	
277	13	-23	4	-2	-1	0	91	0.250	0.250	441	0.375	1.000	174	0.375	1.250	411	0.500	0.500	128	0.500	0.500	
278	25	-35	4	0	-1	0	400	0.250	0.250	388	0.250	1.125	282	0.375	0.375	486	0.375	1.000	238	0.500	0.500	
279	11	-17	4	1	0	2	8	0.375	1.000	308	0.604	1.589	479	0.729	1.030	483	0.750	1.125	473	0.750	1.250	
280	22	-36	4	-2	1	0	269	0.375	0.375	376	0.479	1.500	33	0.479	1.280	395	0.625	1.125	184	0.750	0.905	
281	13	-21	4	2	-1	0	497	0.125	0.125	401	0.250	0.250	17	0.250	0.250	393	0.375	1.125	161	0.375	0.375	
282	25	-35	4	2	-1	0	154	0.375	1.250	278	0.375	0.375	114	0.479	1.280	388	0.625	1.250	400	0.625	0.625	
283	21	-15	4	-2	-1	15	6	0.375	0.375	102	0.500	0.500	47	0.625	0.625	199	0.625	0.750	235	0.750	0.750	
284	15	-20	4	-1	-2	4	360	0.125	0.125	447	0.250	0.250	310	0.625	1.125	86	0.655	0.655	375	0.729	1.280	
285	23	-34	4	1	1	0	98	0.250	0.250	392	0.530	0.530	426	0.625	1.250	286	0.625	0.625	264	0.625	1.000	
286	24	-34	4	0	1	0	256	0.125	0.125	80	0.250	0.250	98	0.375	0.375	264	0.375	0.375	385	0.500	0.500	
287	14	-28	4	-1	-1	0	244	0.250	0.250	254	0.354	1.280	109	0.479	1.155	431	0.500	0.875	7	0.500	1.250	
288	20	-14	4	-1	2	0	130	0.375	1.250	205	0.479	1.375	458	0.479	1.405	177	0.479	1.155	402	0.500	1.125	
289	12	-29	4	1	0	0	74	0.250	1.125	466	0.375	0.375	377	0.604	1.250	93	0.729	1.375	363	0.729	1.464	
290	12	-25	4	2	-1	0	5	0.125	0.125	210	0.125	0.125	330	0.250	0.250	445	0.375	1.250	156	0.479	1.500	
291	14	-18	4	0	-1	0	420	0.250	0.250	86	0.250	1.125	462	0.375	0.375	164	0.375	0.375	316	0.375	1.000	
292	22	-36	4	2	-1	0	475	0.125	0.125	25	0.250	0.250	185	0.375	1.000	234	0.500	1.125	392	0.729	1.714	
293	13	-30	4	-1	-2	3	183	0.375	0.375	58	0.375	1.000	76	0.479	1.375	137	0.500	0.500	317	0.625	1.750	
294	23	-35	4	0	1	0	98	0.375	1.375	425	0.375	0.375	285	0.375	1.125	85	0.500	0.500	71	0.500	0.500	
295	18	-14	4	1	0	0	200	0.250	0.250	10	0.375	0.375	83	0.500	1.000	453	0.500	0.500	16	0.500	0.500	
296	23	-34	4	-1	0	0	36	0.250	0.250	209	0.375	0.375	85	0.375	0.375	349	0.500	0.500	98	0.500	0.500	
297	27	-34	4	2	1	0	413	0.375	1.125	194	0.500	1.125	111	0.500	1.250	145	0.500	0.500	121	0.625	0.625	
298	13	-31	4	-1	1	0	332	0.479	1.280	58	0.500	0.500	135	0.625	1.125	195	0.625	1.250	76	0.625	1.125	
299	14	-29	4	-1	0	0	84	0.125	0.125	109	0.250	1.250	431	0.250	0.250	361	0.375	0.375	244	0.375	0.375	
300	12	-24	4	1	1	0	471	0.250	0.250	233	0.375	0.375	51	0.479	1.530	306	0.500	0.500	9	0.500	1.250	
301	21	-15	4	2	1	0	126	0.125	0.125	232	0.479	1.500	77	0.479	1.280	136	0.500	1.000	6	0.625	0.625	
302	16	-17	4	1	2	0	62	0.250	0.250	412	0.250	0.250	454	0.500	1.125	108	0.625	1.250	371	0.625	0.625	
303	21	-35	4	2	-1	0	463	0.250	0.250	451	0.250	0.250	475	0.479	1.155	274	0.500	0.500	404	0.500	1.000	
304	29	-35	4	1	-1	3	65	0.375	0.375	346	0.500	0.500	69	0.500	0.500	344	0.625	1.250	31	0.625	1.250	
305	15	-19	4	1	0	0	450	0.125	0.125	335	0.625	0.625	221	0.625	0.625	197	0.625	0.625	53	0.750	0.750	
306	12	-24	4	1	-1	0	227	0.125	0.125	471	0.250	0.250	445	0.354	1.280	59	0.479	1.280	9	0.500	1.000	
307	15	-29	4	-1	2	0	417	0.250	0.250	244	0.604	1.375	222	0.625	0.625	84	0.625	1.125	431	0.750	1.250	
308	13	-18	4	0	-1	5	468	0.375	0.375	291	0.375	0.375	499	0.375	1.125	416	0.604	1.589	86	0.625	0.780	
309	11	-17	4	-1	1	0	178	0.125	0.125	117	0.125	0.125	176	0.530	0.530	8	0.750	0.750	279	0.750	0.750	
310	14	-20	4	-2	1	0	438	0.125	0.125	357	0.375	0.375	276	0.375	1.250	124	0.375	0.375	50	0.479	1.500	
311	21	-13	4	0	1	0	457	0.125	0.125	189	0.375	0.375	327	0.375	0.375	355	0.500	0.500	130	0.625	0.625	
312	20	-36	4	-1	2	0	314	0.125	0.125	408	0.375	0.375	206	0.500	0.500	26	0.500	0.500	165	0.625	0.625	
313	13	-29	4	0	1	0	377	0.250	1.375	109	0.375	0.375	257	0.375	1.000	229	0.375	1.250	93	0.375	1.250	
314	20	-36	4	-1	1	0	312	0.125	0.125	408	0.250	0.250	391	0.354	1.405	243	0.479	1.280	165	0.500	0.500	
315	13	-24	4	-1	-2	3	128	0.375	0.375	143	0.375	1.125	250	0.500	1.125	9	0.500	0.500	445	0.625	1.000	
316	14	-19	4	-2	-1	0	323	0.125	0.125	86	0.125	0.125	217	0.250	0.250	276	0.479	1.155	438	0.500	0.500	
317	13	-32	4	1	-2	0	383	0.250	0.250	218	0.500	0.500	105	0.625	0.625	231	0.625	0.625	368	0.780	0.750	
318	14	-31	4	0	-1	1	368	0.125	0.125	106	0.375	0.375	246	0.375	0.375	105	0.500	1.250	333	0.625	1.000	
319	29	-35	4	-1	2	0	346	0.375	0.375	179	0.375	1.125	482	0.479	1.155	70	0.500	0.500	141	0.500	1.375	
320	19	-15	4	1	2	0	123	0.375	1.250	83	0.375	1.125	170	0.625	0.625	87	0.625	1.125	428	0.729	1.479	
321	12	-26	4	-2	1	0	342	0.250	0.250	81	0.375	0.375	134	0.500	0.500	378	0.625	1.125	27	0.655	0.655	
322	18	-36	4	0	-1	0	0	0.375	0.375	180	0.500	0.500	228	0.625	0.625	122	0.625	0.625	492	0.750	0.750	
323	14	-19	4	-1	0	0	316	0.125	0.125	217	0.125	0.125	86	0.250	0.250	438	0.375	0.375	50	0.500	1.000	
324	15	-16	4	-1	1	3	265	0.500	0.500	362	0.530	0.530	108	0.625	0.625	454	0.750	0.750	223	0.750	0.750	
325	28	-35	4	1	-2	0	339	0.125	0.125	152	0.250	0.250	405	0.375	1.375	352	0.375	0.375	337	0.479	1.375	
326	19	-13	4	-1	-2	4	430	0.375	1.000	205	0.375	0.375	453	0.479	1.155	42	0.500	0.500	465	0.500	0.500	
327	21	-13	4	2	1	0	457	0.250	0.250	311	0.375	0.375	89	0.500	1.125	13	0.625	1.000	189	0.750	0.750	
328	16	-35	4	2	1	0	407	0.479	1.405	41	0.500	0.500	171	0.500	1.000	168	0.625	1.250	365	0.625	0.875	
329	13	-24	4	-1	1	0	128	0.250	0.250	174	0.479	1.530	315	0.625	0.625	131	0.625	0.625	51	0.625	1.375	
330	12	-25	4	2	1	0	5	0.125	0.125	378	0.250	0.250	290	0.250	0.250	210	0.375	0.375	445	0.375	1.250	
331	15	-30	4	2	-1	2	119	0.250	0.250	481	0.500	0.500	373	0.625	0.625	106	0.780	0.750	363	0.875	0.875	
332	12	-30	4	0	1	0	487	0.375	1.000	135	0.375	0.375	133	0.500	0.875	427	0.500	0.500	313	0.625	1.030	
333	14	-32	4	-2	1	0	218	0.375	1.375	298	0.479	1.405	498	0.500	1.000	105	0.500	0.500	88	0.500	0.500	
334	20	-13	4	-1	1	0	115	0.125	0.125	189	0.250	0.250	130	0.500	0.500	456	0.500	0.500	458	0.500	0.875	
335	15	-19	4	-1	-2	3	460	0.125	0.125	360	0.375	1.250	63	0.500	0.500	284	0.500	1.125	450	0.500	0.500	
336	12	-19	4	2	-1	0	439	0.125	0.125	99	0.250	0.250	30	0.375	0.375	499	0.375	1.000	182	0.479	1.405	
337	29	-36	4	1	0	1	139	0.375	0.375	346	0.625	0.625	304	0.625	0.625	186	0.750	0.750	476	0.875	0.750	
338	13	-22	4	2	-1	1	140	0.125	0.125	449	0.250	0.250	260	0.500	0.500	91	0.625	1.125	17	0.625	0.625	
339	28	-35	4	1	-1	0	325	0.125	0.125	352	0.250	0.250	337	0.354	1.280	152	0.375	0.375	380	0.530	0.530	
340	15	-34	4	2	1	1	220	0.375	0.375	22	0.375	1.250	365	0.500	0.875	92	0.500	0.500	247	0.625	0.625	
341	15	-18	4	-1	-2	5	164	0.125	0.125	18	0.125	0.125	162	0.250	0.250	460	0.375	1.000	316	0.479	1.500	
342	12	-26	4	-1	2	0	81	0.125	0.125	321	0.250	0.250	134	0.250	0.250	378	0.375	1.375	434	0.500	0.500	
343	14	-17	4	-1	-2	3	308	0.479	1.155	432	0.479	1.375	462	0.500	0.875	420	0.500	1.250	468	0.604	1.500	
344	29	-36	4	-1	-2	1	31	0.250	0.250	442	0.375	0.375	424	0.500	0.500	405	0.625	0.625	158	0.625	0.625	
345	18	-15	4	-1	-1	1	396	0.125	0.125	348	0.250	0.250	132	0.354	1.405	28	0.479	1.530	147	0.479	1.280	
346	29	-35	4	1	1	0	319	0.375	0.375	304	0.500	0.500	141	0.500	1.000	337	0.625	0.625	382	0.625	1.250	
347	12	-31	4	0	-1	1	76	0.500	0.500	4	0.625	0.625	58	0.625	0.625	317	0.625	1.155	383	0.729	1.375	
348	18	-15	4	0	-1	0	396	0.125	0.125	345	0.250	0.250	455	0.375	0.375	16	0.375	0.375	358	0.500	0.500	
349	23	-34	4	0	-1	0	209	0.125	0.125	214	0.125	0.125	36	0.250	0.250	39	0.375	1.375	296	0.500	0.500	
350	27	-36	4	-2	1	0	477	0.125	0.125	101	0.250	0.250	384	0.375	0.375	489	0.375	1.000	216	0.479	1.280	
351	22	-15	4	0	1	4	136	0.250	0.250	232	0.250	1.250	77	0.500	1.000	6	0.625	0.625	45	0.625	0.625	
352	28	-35	4	1	0	0	304	0.250	1.125	339	0.250	0.250	325	0.375	0.375	111	0.375	0.375	346	0.375	1.125	
353	19	-13	4	2	1	0	2	0.250	0.250	177	0.375	0.375	130	0.375	1.000	402	0.500	1.125	64	0.500	1.375	
354	14	-20	4	2	-1	0	116	0.125	0.125	469	0.125	0.125	197	0.375	1.250	49	0.500	0.500	357	0.625	0.625	
355	21	-13	4	-1	0	0	452	0.125	0.125	456	0.250	1.125	334	0.250	1.125	102	0.375	0.375	258	0.375	0.375	
356	24	-36	4	-1	-1	0	187	0.125	0.125	192	0.250	0.250	72	0.250	0.250	261	0.625	0.625	110	0.750	0.750	
357	14	-20	4	-1	-1	3	438	0.250	0.250	310	0.375	0.375	155	0.479	1.530	161	0.479	1.280	469	0.500	0.500	
358	17	-15	4	1	-2	0	455	0.125	0.125	132	0.375	1.375	28	0.500	1.250	348	0.500	0.500	146	0.500	0.500	
359	16	-36	4	-1	-1	4	370	0.125	0.125	19	0.375	0.375	181	0.750	0.750	228	0.875	0.875	67	1.000	0.375	
360	15	-20	4	0	-1	3	284	0.125	0.125	447	0.375	0.375	469	0.625	0.625	197	0.750	0.750	354	0.750	0.625	
361	14	-29	4	-1	-2	2	431	0.125	0.125	84	0.250	0.250	7	0.250	0.250	299	0.375	0.375	363	0.500	1.125	
362	16	-15	4	-1	1	0	255	0.250	0.250	120	0.250	0.250	324	0.530	0.530	480	0.655	0.655	493	0.750	0.750	
363	14	-30	4	-1	-2	0	368	0.375	1.375	485	0.375	0.375	58	0.479	1.405	246	0.500	0.875	188	0.500	0.500	
364	12	-27	4	0	-1	0	374	0.125	0.125	262	0.250	0.250	29	0.250	1.125	204	0.500	0.500	242	0.500	0.500	
365	16	-34	4	1	2	0	219	0.250	0.250	168	0.375	0.375	37	0.479	1.155	407	0.625	0.750	92	0.625	0.625	
366	24	-36	4	0	1	0	113	0.250	1.125	389	0.375	0.375	392	0.375	1.125	72	0.500	0.500	110	0.500	0.500	
367	12	-19	4	-1	0	0	437	0.125	0.125	416	0.375	0.375	272	0.500	0.500	30	0.750	0.750	439	0.750	0.750	
368	14	-31	4	1	-2	0	318	0.125	0.125	106	0.250	0.250	105	0.375	1.375	246	0.500	0.500	231	0.729	1.375	
369	15	-32	4	-1	-2	0	118	0.375	1.250	127	0.375	0.375	88	0.479	1.375	175	0.500	0.500	169	0.500	1.375	
370	16	-36	4	-2	-1	1	359	0.125	0.125	19	0.250	0.250	181	0.625	0.625	211	0.750	0.750	100	0.875	0.875	
371	15	-17	4	1	2	0	418	0.125	0.125	454	0.479	1.280	324	0.500	1.250	265	0.500	1.000	412	0.625	0.625	
372	13	-23	4	1	-1	0	91	0.375	0.375	51	0.500	0.500	306	0.530	0.530	149	0.625	0.625	140	0.625	0.625	
373	15	-29	4	2	-1	0	266	0.375	0.375	417	0.500	0.500	331	0.625	0.625	481	0.625	1.125	222	0.625	0.625	
374	12	-27	4	1	-2	0	364	0.125	0.125	262	0.125	0.125	35	0.375	0.375	29	0.500	1.250	257	0.604	1.280	
375	14	-21	4	-2	1	0	155	0.375	1.250	496	0.479	1.375	1	0.500	1.375	438	0.500	0.500	270	0.604	1.500	
376	21	-35	4	-1	2	0	33	0.250	0.250	425	0.500	0.500	451	0.500	0.500	395	0.625	0.625	184	0.625	0.625	
377	13	-28	4	0	1	0	93	0.125	0.125	229	0.125	0.125	410	0.250	1.125	95	0.375	0.375	257	0.375	0.375	
378	12	-25	4	1	2	0	330	0.250	0.250	5	0.375	0.375	233	0.375	1.375	300	0.375	1.000	290	0.500	0.500	
379	17	-36	4	1	0	0	228	0.250	0.250	180	0.375	1.375	190	0.500	1.000	322	0.500	0.875	230	0.625	1.500	
380	29	-34	4	1	-1	0	68	0.125	0.125	69	0.500	1.375	304	0.500	0.875	339	0.530	0.530	141	0.625	0.625	
381	13	-26	4	-1	-1	1	156	0.375	0.375	364	0.479	1.280	242	0.500	1.250	321	0.500	1.250	374	0.604	1.155	
382	29	-34	4	-2	1	0	179	0.250	0.250	141	0.500	0.500	55	0.500	1.250	482	0.625	0.750	68	0.750	0.750	
383	13	-32	4	2	-1	1	317	0.250	0.250	23	0.604	1.405	169	0.729	1.589	105	0.750	0.875	218	0.750	0.750	
384	27	-36	4	0	1	0	101	0.125	0.125	90	0.250	0.250	350	0.375	0.375	476	0.375	0.375	32	0.375	0.375	
385	25	-34	4	1	2	0	286	0.500	0.500	448	0.500	0.500	94	0.500	0.500	256	0.625	0.625	15	0.625	0.625	
386	16	-32	4	-1	1	0	237	0.125	0.125	467	0.354	1.405	73	0.354	1.280	246	0.604	1.714	369	0.625	1.250	
387	12	-27	4	-1	2	0	163	0.125	0.125	134	0.375	1.375	81	0.500	1.250	321	0.500	0.875	434	0.625	1.125	
388	25	-36	4	-1	-1	0	486	0.125	0.125	187	0.500	1.000	356	0.625	0.875	192	0.625	0.625	389	0.750	0.750	
389	25	-36	4	0	1	0	32	0.375	0.375	366	0.375	0.375	103	0.500	0.500	286	0.604	1.589	80	0.604	1.839	
390	15	-18	4	-2	1	13	162	0.250	0.250	18	0.375	0.375	341	0.500	0.500	462	0.500	1.375	291	0.625	1.000	
391	19	-35	4	-1	2	0	243	0.125	0.125	172	0.625	1.250	97	0.625	0.875	34	0.625	0.625	54	0.625	0.625	
392	24	-35	4	1	1	0	385	0.354	1.405	256	0.500	1.250	282	0.500	1.250	113	0.500	0.500	285	0.530	0.530	
393	14	-21	4	2	-1	0	116	0.500	0.500	354	0.625	0.625	469	0.750	0.625	161	0.750	0.750	197	0.750	1.155	
394	13	-20	4	-1	-2	4	46	0.250	0.250	182	0.375	0.375	276	0.375	0.375	401	0.375	1.375	107	0.479	1.280	
395	22	-35	4	1	2	0	425	0.125	0.125	294	0.500	0.500	404	0.625	0.625	376	0.625	0.625	264	0.729	1.589	
396	18	-15	4	-1	-2	4	348	0.125	0.125	345	0.125	0.125	147	0.479	1.155	16	0.500	0.500	455	0.500	0.500	
397	13	-20	4	2	-1	0	182	0.125	0.125	354	0.375	1.125	394	0.500	0.500	469	0.500	1.000	496	0.625	0.625	
398	18	-36	4	-1	2	0	190	0.250	0.250	54	0.375	1.375	34	0.375	1.125	236	0.479	1.405	0	0.500	0.500	
399	15	-32	4	-1	1	0	127	0.250	0.250	173	0.375	0.375	246	0.479	1.155	333	0.500	1.000	58	0.604	1.589	
400	25	-35	4	-1	-1	0	278	0.250	0.250	72	0.354	1.280	356	0.479	1.530	192	0.479	1.280	388	0.500	0.875	
401	13	-21	4	1	-2	0	161	0.125	0.125	497	0.125	0.125	281	0.250	0.250	155	0.375	0.375	338	0.500	0.875	
402	20	-13	4	2	1	0	130	0.125	0.125	64	0.250	0.250	189	0.375	0.375	457	0.500	0.875	327	0.500	1.125	
403	27	-34	4	-2	1	0	271	0.500	1.375	251	0.500	1.125	491	0.625	0.625	94	0.625	0.750	482	0.750	0.750	
404	22	-35	4	1	-1	0	166	0.375	0.375	185	0.479	1.530	24	0.500	0.500	444	0.604	1.155	234	0.604	1.405	
405	28	-36	4	-1	-2	1	158	0.250	0.250	344	0.625	0.625	477	0.625	1.000	21	0.625	0.625	101	0.750	1.250	
406	12	-28	4	-1	2	0	95	0.125	0.125	163	0.375	1.000	377	0.500	0.500	93	0.625	0.625	229	0.625	0.625	
407	17	-34	4	1	1	0	11	0.500	1.375	160	0.625	1.375	54	0.655	0.655	219	0.750	0.750	37	0.750	1.125	
408	20	-36	4	-1	0	1	314	0.250	0.250	165	0.250	0.250	268	0.375	0.375	312	0.375	0.375	212	0.500	1.000	
409	17	-33	4	-1	-1	2	142	0.125	0.125	20	0.500	0.875	11	0.500	0.500	494	0.625	0.625	196	0.625	1.000	
410	13	-27	4	-1	1	0	342	0.354	1.405	52	0.375	0.375	81	0.479	1.280	148	0.500	1.250	134	0.604	1.155	
411	13	-22	4	-1	0	0	12	0.375	1.375	260	0.375	0.375	433	0.500	1.000	277	0.500	0.500	1	0.500	0.500	
412	16	-17	4	-1	2	0	302	0.250	0.250	108	0.375	1.250	324	0.479	1.405	436	0.500	0.500	62	0.500	0.500	
413	28	-34	4	2	1	0	111	0.125	0.125	380	0.375	1.250	482	0.375	0.375	194	0.500	0.500	68	0.500	1.125	
414	28	-36	4	2	1	0	337	0.375	1.250	476	0.375	0.375	139	0.500	0.875	158	0.500	0.500	352	0.500	0.500	
415	12	-21	4	-1	2	0	144	0.500	0.500	416	0.625	0.750	30	0.625	1.625	12	0.750	0.750	107	0.750	0.750	
416	12	-20	4	-1	0	0	367	0.375	0.375	437	0.500	0.500	415	0.750	0.625	12	0.750	0.750	30	0.750	1.125	
417	15	-29	4	1	2	0	307	0.250	0.250	373	0.500	0.500	203	0.750	0.625	229	0.839	0.839	244	0.854	1.375	
418	15	-17	4	1	1	0	371	0.125	0.125	454	0.354	1.405	108	0.479	1.280	324	0.500	1.375	265	0.500	0.875	
419	12	-23	4	2	-1	0	198	0.125	0.125	202	0.375	0.375	149	0.375	0.375	372	0.375	1.000	51	0.375	1.250	
420	14	-18	4	1	-1	0	291	0.250	0.250	305	0.354	1.280	450	0.479	1.405	499	0.530	0.530	335	0.604	1.155	
421	20	-15	4	1	-1	0	87	0.125	0.125	199	0.250	0.250	474	0.500	0.500	126	0.500	1.375	301	0.625	1.250	
422	14	-32	4	1	0	0	173	0.375	1.000	106	0.500	0.500	169	0.604	1.375	461	0.625	0.780	105	0.625	0.625	
423	12	-22	4	1	0	0	159	0.250	0.250	449	0.250	1.250	201	0.375	0.375	140	0.375	1.375	419	0.500	0.500	
424	29	-36	4	-2	1	2	442	0.125	0.125	186	0.125	0.125	31	0.250	0.250	139	0.500	0.500	344	0.500	0.500	
425	22	-35	4	0	1	0	395	0.125	0.125	294	0.375	0.375	376	0.500	0.500	184	0.750	1.125	285	0.750	1.280	
426	24	-34	4	1	-2	0	238	0.375	1.125	278	0.479	1.155	264	0.500	0.500	349	0.500	0.500	282	0.604	1.500	
427	13	-30	4	1	2	0	135	0.125	0.125	195	0.250	0.250	203	0.479	1.405	96	0.479	1.375	109	0.500	1.125	
428	18	-13	4	-1	0	5	226	0.125	0.125	112	0.500	0.500	57	0.500	0.500	480	0.625	0.905	446	0.625	1.155	
429	13	-26	4	0	1	0	148	0.125	0.125	253	0.250	0.250	27	0.250	1.125	138	0.250	1.375	81	0.375	0.375	
430	19	-14	4	-1	-1	0	396	0.354	1.405	345	0.479	1.530	348	0.479	1.280	123	0.500	0.500	146	0.604	1.714	
431	14	-29	4	-1	-1	0	84	0.125	0.125	361	0.125	0.125	299	0.250	0.250	293	0.354	1.405	7	0.375	0.375	
432	13	-18	4	-1	0	0	468	0.125	0.125	272	0.250	1.250	308	0.500	0.500	60	0.625	0.875	367	0.625	1.030	
433	12	-22	4	-1	2	0	159	0.375	0.375	12	0.375	0.375	144	0.500	1.125	415	0.500	1.125	496	0.729	1.464	
434	12	-26	4	2	1	0	134	0.250	0.250	239	0.375	0.375	81	0.375	0.375	253	0.375	1.000	148	0.500	0.875	
435	16	-17	4	-1	-1	0	436	0.125	0.125	341	0.354	1.405	18	0.479	1.530	390	0.479	1.155	164	0.479	1.280	
436	16	-17	4	-2	-1	1	435	0.125	0.125	164	0.479	1.405	18	0.479	1.405	3	0.500	1.000	412	0.500	0.500	
437	12	-19	4	-2	-1	1	367	0.125	0.125	416	0.500	0.500	272	0.625	0.625	439	0.625	0.625	336	0.750	0.750	
438	14	-20	4	-1	0	0	310	0.125	0.125	357	0.250	0.250	323	0.375	0.375	276	0.375	1.375	394	0.375	1.000	
439	12	-19	4	1	-1	0	336	0.125	0.125	99	0.375	0.375	182	0.479	1.530	30	0.500	0.500	116	0.604	1.839	
440	21	-14	4	0	-1	1	283	0.375	1.000	47	0.375	0.375	102	0.500	0.500	40	0.500	0.500	421	0.625	0.780	
441	12	-23	4	-1	-1	0	149	0.250	0.250	198	0.500	0.500	306	0.500	1.375	174	0.500	0.500	419	0.625	0.625	
442	29	-36	4	-1	0	4	31	0.125	0.125	424	0.125	0.125	186	0.250	0.250	344	0.375	0.375	405	0.375	1.000	
443	16	-15	4	2	-1	0	248	0.479	1.500	358	0.500	0.875	493	0.500	1.125	147	0.604	1.375	16	0.625	1.500	
444	23	-36	4	-1	-2	1	185	0.375	0.375	234	0.500	0.500	192	0.500	0.500	280	0.625	1.125	24	0.655	0.655	
445	13	-25	4	1	0	0	250	0.125	0.125	138	0.500	0.500	59	0.500	0.500	9	0.500	0.500	253	0.625	0.625	
446	17	-14	4	-2	-1	18	480	0.250	0.250	44	0.375	0.375	120	0.479	1.155	61	0.500	0.500	146	0.625	0.625	
447	15	-20	4	-2	-1	0	284	0.250	0.250	357	0.375	1.000	310	0.375	1.375	360	0.375	0.375	63	0.625	0.625	
448	25	-34	4	-2	1	0	80	0.375	1.000	385	0.500	0.500	256	0.500	0.875	36	0.625	1.625	286	0.625	0.750	
449	13	-22	4	2	1	0	140	0.125	0.125	338	0.250	0.250	281	0.625	0.625	17	0.625	0.625	497	0.750	0.750	
450	15	-19	4	2	-1	0	305	0.125	0.125	335	0.500	0.500	460	0.625	0.625	469	0.655	0.655	221	0.750	0.750	
451	21	-35	4	2	1	0	303	0.250	0.250	376	0.500	0.500	395	0.500	0.875	274	0.500	0.500	463	0.500	0.500	
452	21	-13	4	-2	-1	12	355	0.125	0.125	258	0.250	0.250	456	0.375	1.000	82	0.375	0.375	334	0.375	1.250	
453	18	-14	4	0	-1	1	345	0.250	1.125	348	0.250	1.375	16	0.375	1.000	44	0.375	0.375	396	0.375	1.250	
454	16	-16	4	1	2	0	108	0.125	0.125	493	0.479	1.280	255	0.500	1.250	362	0.500	1.250	248	0.750	1.250	
455	17	-15	4	0	-1	0	358	0.125	0.125	28	0.250	1.125	147	0.250	1.375	146	0.375	0.375	348	0.375	0.375	
456	20	-13	4	-1	-1	0	465	0.250	0.250	115	0.375	0.375	430	0.479	1.530	334	0.500	0.500	458	0.500	1.375	
457	21	-13	4	1	2	2	311	0.125	0.125	327	0.250	0.250	189	0.500	0.500	355	0.625	0.625	452	0.750	0.750	
458	19	-13	4	-1	1	0	42	0.125	0.125	177	0.250	0.250	205	0.250	0.250	2	0.375	0.375	226	0.500	1.250	
459	26	-34	4	0	-1	0	271	0.375	0.375	145	0.604	1.250	388	0.604	1.839	15	0.625	0.625	251	0.625	0.625	
460	15	-19	4	-1	-1	1	335	0.125	0.125	438	0.354	1.280	63	0.375	0.375	310	0.479	1.155	357	0.479	1.530	
461	15	-33	4	1	1	0	484	0.354	1.280	267	0.375	0.375	129	0.479	1.155	118	0.500	0.500	173	0.500	1.000	
462	14	-18	4	-2	-1	0	291	0.375	0.375	468	0.500	1.125	323	0.500	0.500	316	0.625	0.625	420	0.625	0.625	
463	21	-35	4	1	-2	0	303	0.250	0.250	184	0.375	0.375	475	0.479	1.375	451	0.500	0.500	25	0.604	1.280	
464	20	-36	4	1	0	0	26	0.125	0.125	240	0.375	0.375	274	0.375	1.375	451	0.625	1.155	150	0.625	0.625	
465	20	-13	4	0	-1	1	456	0.250	0.250	82	0.375	0.375	64	0.375	0.375	258	0.500	0.500	326	0.500	0.500	
466	12	-29	4	1	-2	0	79	0.125	0.125	289	0.375	0.375	75	0.500	0.500	58	0.684	1.464	74	0.750	0.750	
467	15	-31	4	-1	2	0	73	0.375	0.375	188	0.479	1.500	485	0.604	1.375	273	0.625	0.625	203	0.684	1.464	
468	13	-18	4	-2	-1	2	432	0.125	0.125	308	0.375	0.375	367	0.479	1.155	272	0.500	1.375	60	0.625	1.000	
469	14	-20	4	1	-1	0	354	0.125	0.125	116	0.250	0.250	357	0.500	0.500	497	0.530	0.530	393	0.625	0.750	
470	17	-35	4	-1	-2	0	56	0.125	0.125	228	0.375	1.250	359	0.479	1.405	19	0.604	1.280	370	0.604	1.500	
471	12	-24	4	1	0	0	300	0.250	0.250	306	0.250	0.250	227	0.375	0.375	5	0.375	0.375	290	0.500	0.500	
472	13	-28	4	1	-2	0	104	0.375	0.375	7	0.479	1.280	257	0.500	0.500	74	0.500	1.000	363	0.559	1.589	
473	13	-17	4	0	1	0	8	0.500	0.500	249	0.750	1.000	432	0.875	0.750	483	0.875	0.625	468	1.000	0.875	
474	20	-15	4	1	1	0	170	0.125	0.125	87	0.375	0.375	208	0.479	1.280	421	0.500	0.500	288	0.500	1.250	
475	22	-36	4	1	0	0	292	0.125	0.125	25	0.125	0.125	185	0.250	1.125	269	0.500	0.500	234	0.500	1.250	
476	28	-36	4	0	1	1	38	0.250	1.125	70	0.375	1.375	414	0.375	0.375	384	0.375	0.375	101	0.500	0.500	
477	27	-36	4	-1	0	1	350	0.125	0.125	101	0.375	0.375	489	0.375	1.125	491	0.500	0.500	384	0.500	0.500	
478	28	-35	4	-2	-1	5	152	0.250	0.250	38	0.375	0.375	491	0.375	1.125	325	0.500	0.500	405	0.625	0.875	
479	12	-16	4	1	0	0	8	0.750	0.625	490	0.750	0.750	176	0.750	0.750	249	0.875	1.125	343	0.934	1.464	
480	17	-14	4	-2	1	0	446	0.250	0.250	44	0.625	0.625	146	0.625	0.625	362	0.750	0.655	61	0.750	0.750	
481	15	-30	4	-1	-2	0	119	0.250	0.250	246	0.479	1.500	331	0.500	0.500	363	0.625	0.625	73	0.625	0.750	
482	28	-34	4	0	1	1	413	0.375	0.375	179	0.500	0.500	141	0.500	0.500	111	0.500	0.500	297	0.750	0.625	
483	12	-17	4	-1	1	0	249	0.375	0.375	8	0.375	0.375	176	0.500	0.875	178	0.625	1.000	473	0.625	0.625	
484	16	-32	4	1	0	0	129	0.125	0.125	495	0.250	0.250	175	0.500	0.500	237	0.625	0.625	386	0.750	0.750	
485	14	-30	4	-1	0	0	188	0.125	0.125	137	0.250	1.250	363	0.375	0.375	299	0.375	0.375	293	0.375	1.000	
486	25	-36	4	-2	-1	4	388	0.125	0.125	72	0.375	1.250	356	0.375	1.000	187	0.500	1.125	366	0.625	1.000	
487	12	-29	4	-2	1	0	133	0.125	0.125	75	0.250	0.250	95	0.625	1.000	79	0.625	0.625	313	0.750	0.750	
488	14	-33	4	-2	1	0	88	0.125	0.125	399	0.655	0.655	498	0.729	1.405	231	0.750	1.155	333	0.750	0.625	
489	26	-36	4	-1	1	0	32	0.250	0.250	103	0.375	0.375	388	0.500	1.375	384	0.625	0.625	154	0.625	1.375	
490	12	-16	4	-1	-1	3	178	0.479	1.155	176	0.500	0.500	249	0.750	0.750	479	0.750	0.750	309	0.875	1.030	
491	27	-35	4	-2	-1	5	477	0.500	0.500	350	0.625	0.625	216	0.625	1.375	403	0.625	0.625	489	0.750	0.905	
492	19	-36	4	2	-1	0	66	0.125	0.125	122	0.125	0.125	230	0.375	0.375	26	0.375	1.375	464	0.500	1.250	
493	17	-15	4	1	2	0	255	0.500	0.500	295	0.604	1.375	480	0.625	1.125	57	0.684	1.714	200	0.750	1.405	
494	17	-34	4	-1	0	1	20	0.250	0.250	196	0.375	0.375	168	0.375	1.125	219	0.500	1.000	142	0.500	0.500	
495	16	-32	4	1	-1	0	129	0.125	0.125	175	0.250	0.250	484	0.250	0.250	118	0.530	0.530	196	0.729	1.714	
496	13	-20	4	0	1	0	270	0.125	0.125	225	0.250	1.250	124	0.375	0.375	276	0.500	0.500	50	0.500	1.250	
497	13	-21	4	1	-1	0	281	0.125	0.125	401	0.125	0.125	161	0.250	0.250	17	0.375	0.375	155	0.500	0.500	
498	13	-32	4	-1	1	0	231	0.250	0.250	76	0.354	1.280	218	0.375	0.375	298	0.625	0.875	4	0.854	1.155	
499	13	-19	4	1	-1	0	116	0.354	1.280	469	0.479	1.530	394	0.500	1.250	182	0.500	0.875	420	0.530	0.530	
