# states in shortest path from s to t
12

# shortest path from s to t
31	-13	4	0	-1
31	-14	4	0	-1
31	-15	4	0	-1
31	-16	4	0	-1
31	-17	4	1	-2
32	-19	4	1	-2
33	-21	4	1	-2
34	-23	4	0	-1
34	-24	4	0	-1
34	-25	4	0	-1
34	-26	4	0	-1
34	-27	4	-1	-2

# cost of shortest path
3.677

# Line i represents a sample taken at time i. The sample corresponds to a discrete state.
# Line Format: [sample ID] [x] [y] [z] [x-component of yaw] [y-component of yaw] [U: marginal coverage]
#              [sample ID of nearest neighbor 1] [shortest path cost to nearest neighbor 1] [shortest path cost from nearest neighbor 1]
#              ...
#              [sample ID of nearest neighbor k] [shortest path cost to nearest neighbor k] [shortest path cost from nearest neighbor k]
0	26	-14	4	-1	-1	103	426	0.125	0.125	456	0.354	1.405	192	0.500	1.250	250	0.604	1.405	461	0.625	1.125	
1	34	-21	4	0	-1	74	357	0.250	0.250	356	0.375	0.375	289	0.500	0.500	269	0.500	0.500	286	0.500	0.875	
2	35	-16	4	-2	-1	64	418	0.375	0.375	468	0.479	1.375	46	0.500	0.875	157	0.500	0.500	444	0.604	1.500	
3	26	-13	4	-1	1	77	488	0.125	0.125	186	0.500	1.250	118	0.500	1.250	255	0.625	0.625	391	0.750	0.750	
4	32	-6	4	1	0	13	476	0.250	0.250	20	0.375	0.375	103	0.375	1.000	440	0.375	0.375	54	0.500	0.500	
5	30	-13	4	0	1	9	189	0.250	1.125	10	0.375	1.375	107	0.375	0.375	262	0.500	0.500	64	0.500	0.500	
6	33	-18	4	1	2	2	95	0.125	0.125	416	0.375	1.250	482	0.479	1.280	271	0.500	0.500	166	0.500	1.125	
7	33	-8	4	0	1	15	498	0.125	0.125	168	0.375	1.000	408	0.375	1.375	38	0.375	0.375	370	0.500	1.000	
8	35	-6	4	-2	1	17	240	0.479	1.375	108	0.625	0.625	346	0.625	1.000	242	0.729	1.589	53	0.750	1.250	
9	32	-16	4	-1	2	20	200	0.375	1.000	423	0.375	1.375	259	0.500	1.125	133	0.500	0.500	354	0.500	0.500	
10	30	-12	4	0	1	3	189	0.250	0.250	377	0.500	1.000	310	0.500	0.500	371	0.604	1.250	16	0.625	0.780	
11	34	-23	4	-2	1	75	317	0.125	0.125	215	0.375	0.375	322	0.500	0.500	286	0.500	0.500	454	0.750	1.000	
12	33	-14	4	1	-2	12	263	0.500	0.875	231	0.500	0.500	474	0.500	1.125	267	0.500	0.500	46	0.559	1.589	
13	24	-13	4	0	-1	67	39	0.250	1.250	182	0.250	1.125	431	0.500	0.500	360	0.625	0.780	254	0.625	1.030	
14	35	-15	4	-1	-2	20	418	0.375	1.250	46	0.479	1.280	2	0.500	0.875	218	0.604	1.375	82	0.625	0.625	
15	21	-14	4	-1	2	51	480	0.250	0.250	61	0.375	0.375	151	0.375	1.125	278	0.750	0.655	70	0.750	1.030	
16	29	-11	4	1	1	8	478	0.250	0.250	121	0.250	0.250	387	0.500	0.500	212	0.625	1.250	91	0.625	0.625	
17	28	-15	4	0	1	0	112	0.375	1.000	273	0.500	1.000	72	0.500	0.500	432	0.500	0.500	64	0.684	1.464	
18	31	-9	4	0	1	3	169	0.250	1.125	44	0.375	0.375	237	0.500	1.000	140	0.500	0.500	442	0.500	0.500	
19	35	-14	4	1	-1	1	267	0.625	0.625	339	0.625	0.625	137	0.625	0.625	258	0.750	0.750	14	0.750	1.250	
20	32	-6	4	1	-2	3	102	0.125	0.125	476	0.125	0.125	462	0.375	0.375	4	0.375	0.375	68	0.500	0.500	
21	30	-10	4	1	-1	0	270	0.125	0.125	388	0.250	0.250	371	0.354	1.280	387	0.530	0.530	235	0.625	1.250	
22	35	-4	4	2	-1	0	495	0.125	0.125	179	0.500	0.500	203	0.500	0.500	167	0.500	0.500	53	0.750	0.750	
23	33	-14	4	-1	0	8	438	0.375	0.375	474	0.500	0.500	150	0.625	0.625	12	0.625	0.625	200	0.625	0.780	
24	33	-12	4	1	-2	9	180	0.375	1.250	452	0.375	0.375	194	0.500	0.500	321	0.500	0.500	329	0.500	1.125	
25	27	-7	4	-1	2	0	195	0.604	1.405	78	0.750	1.155	260	0.854	1.464	144	0.875	0.875	219	0.875	1.030	
26	31	-5	4	1	-1	4	410	0.125	0.125	4	0.354	1.280	20	0.354	1.405	102	0.479	1.280	404	0.500	0.500	
27	29	-15	4	-1	-2	8	123	0.125	0.125	142	0.500	0.500	415	0.625	0.625	432	0.625	1.000	378	0.655	0.655	
28	30	-9	4	-2	1	1	119	0.500	0.500	191	0.500	0.500	146	0.500	1.125	33	0.559	1.589	447	0.625	0.625	
29	34	-9	4	2	-1	1	220	0.125	0.125	183	0.250	0.250	376	0.479	1.155	209	0.500	0.500	248	0.604	1.280	
30	34	-3	4	2	-1	0	495	0.479	1.155	179	0.604	1.280	36	0.625	0.625	167	0.625	1.250	229	0.729	1.464	
31	30	-9	4	0	-1	18	191	0.125	0.125	270	0.250	1.250	363	0.375	1.000	388	0.375	1.375	21	0.375	1.125	
32	34	-15	4	1	2	0	487	0.250	0.250	441	0.375	1.250	499	0.500	1.125	422	0.625	0.625	227	0.625	0.625	
33	28	-8	4	-2	-1	17	172	0.625	1.000	25	0.729	1.280	162	0.875	0.875	144	1.000	0.750	349	1.009	1.000	
34	27	-14	4	1	-1	32	72	0.354	1.280	273	0.500	1.250	415	0.604	1.155	489	0.750	0.750	497	0.750	1.125	
35	32	-5	4	-1	-2	14	276	0.125	0.125	102	0.375	1.250	462	0.375	1.000	476	0.375	1.250	246	0.479	1.375	
36	34	-4	4	2	-1	0	22	0.375	1.125	229	0.479	1.405	203	0.500	1.125	59	0.500	0.500	463	0.604	1.500	
37	33	-18	4	1	-1	14	352	0.125	0.125	164	0.354	1.280	95	0.500	0.500	6	0.625	0.625	472	0.625	1.125	
38	34	-8	4	0	1	1	98	0.250	1.250	198	0.375	0.375	347	0.375	0.375	7	0.375	0.375	498	0.500	0.500	
39	24	-14	4	1	-2	3	182	0.375	0.375	81	0.375	1.375	368	0.479	1.405	254	0.500	0.500	86	0.625	0.625	
40	35	-20	4	0	-1	15	409	0.375	0.375	269	0.375	1.250	286	0.604	1.589	199	0.625	0.625	1	0.750	1.030	
41	23	-13	4	1	0	24	281	0.250	0.250	431	0.250	1.375	217	0.250	0.250	127	0.375	0.375	13	0.500	0.875	
42	32	-3	4	0	-1	3	320	0.250	0.250	83	0.500	0.500	404	0.604	1.839	221	0.625	0.780	439	0.729	1.714	
43	31	-10	4	1	-1	0	235	0.375	0.375	122	0.500	1.375	213	0.625	1.250	371	0.625	0.625	388	0.625	0.625	
44	31	-9	4	2	1	8	233	0.375	1.250	18	0.375	0.375	140	0.500	0.875	256	0.559	1.589	235	0.625	0.625	
45	34	-27	4	1	-1	5	174	0.625	0.625	288	0.655	0.655	400	0.750	0.625	156	0.875	0.500	181	1.000	1.000	
46	34	-16	4	-1	-2	17	218	0.375	0.375	365	0.479	1.155	294	0.500	0.500	444	0.500	1.125	418	0.500	0.500	
47	30	-8	4	-1	-2	6	132	0.375	0.375	31	0.375	1.250	191	0.500	1.125	146	0.604	1.280	162	0.625	0.625	
48	23	-13	4	-2	1	4	287	0.125	0.125	338	0.250	0.250	278	0.375	1.000	105	0.375	1.250	127	0.500	0.500	
49	27	-13	4	-1	2	0	302	0.375	1.125	488	0.625	0.625	398	0.625	0.625	117	0.750	0.750	255	0.750	1.250	
50	34	-12	4	-1	-1	1	390	0.250	0.250	438	0.354	1.280	180	0.479	1.280	314	0.500	1.375	329	0.604	1.155	
51	35	-9	4	-1	0	2	190	0.250	0.250	435	0.375	0.375	299	0.500	1.000	417	0.604	1.589	38	0.604	1.250	
52	28	-7	4	2	-1	0	162	0.604	1.500	132	0.729	1.714	445	0.750	0.655	78	0.750	0.750	144	0.750	0.750	
53	35	-5	4	1	1	21	203	0.500	1.000	229	0.500	0.500	240	0.625	0.625	495	0.625	0.625	463	0.625	0.625	
54	32	-7	4	2	-1	0	440	0.125	0.125	341	0.375	0.375	256	0.479	1.280	370	0.500	1.375	4	0.500	0.500	
55	35	-11	4	-1	-2	16	390	0.604	1.375	307	0.625	0.625	314	0.684	1.464	267	0.934	2.229	366	0.979	1.229	
56	35	-3	4	-1	-2	6	179	0.500	1.125	392	0.500	0.500	22	0.500	1.125	90	0.500	0.875	249	0.559	1.589	
57	32	-8	4	-1	1	0	109	0.125	0.125	169	0.500	0.875	341	0.500	1.375	130	0.500	1.000	304	0.500	0.500	
58	34	-17	4	-2	1	1	416	0.375	1.000	280	0.479	1.280	236	0.500	0.500	444	0.500	0.500	482	0.500	0.500	
59	34	-5	4	1	0	0	229	0.250	1.125	463	0.375	1.000	53	0.375	1.125	249	0.375	0.375	240	0.500	0.500	
60	22	-14	4	1	0	0	464	0.125	0.125	163	0.500	0.500	323	0.604	1.589	127	0.604	1.375	217	0.625	0.780	
61	21	-14	4	1	1	2	480	0.125	0.125	70	0.354	1.405	15	0.375	0.375	163	0.479	1.155	464	0.625	1.250	
62	32	-12	4	-2	1	0	129	0.125	0.125	279	0.125	0.125	310	0.500	0.875	223	0.500	1.125	350	0.625	0.625	
63	33	-16	4	1	1	0	133	0.250	0.250	313	0.250	0.250	32	0.354	1.405	487	0.479	1.405	227	0.500	1.000	
64	29	-13	4	-1	2	0	177	0.500	0.500	5	0.500	0.500	477	0.625	1.250	398	0.625	0.625	377	0.729	1.604	
65	28	-3	4	-1	-1	9	126	0.250	0.250	351	0.354	1.280	436	0.479	1.155	128	0.625	1.250	216	0.655	0.655	
66	30	-16	4	1	1	0	382	0.354	1.280	211	0.354	1.405	340	0.500	1.250	261	0.604	1.589	318	0.625	1.000	
67	22	-15	4	-1	2	16	312	0.250	0.250	405	0.500	0.875	241	0.500	0.500	207	0.625	0.750	61	0.750	0.905	
68	32	-6	4	-2	-1	10	462	0.125	0.125	116	0.375	0.375	246	0.375	1.250	102	0.375	0.375	20	0.500	0.500	
69	33	-9	4	-1	-1	1	380	0.500	0.500	325	0.604	1.530	205	0.625	0.625	417	0.750	0.625	183	0.750	0.750	
70	22	-13	4	1	2	0	278	0.375	0.375	163	0.500	0.500	151	0.625	0.625	217	0.625	1.250	41	0.625	1.000	
71	30	-7	4	-1	-2	6	353	0.250	0.250	132	0.375	1.250	196	0.479	1.375	47	0.500	1.125	171	0.500	0.500	
72	28	-15	4	1	0	0	17	0.500	0.500	273	0.500	0.500	415	0.625	0.625	433	0.729	1.714	489	0.750	0.625	
73	31	-6	4	0	1	2	344	0.250	1.250	246	0.500	0.500	116	0.625	0.625	152	0.729	1.464	455	0.729	1.714	
74	35	-24	4	-1	-2	30	384	0.375	0.375	214	0.375	1.250	413	0.500	1.000	111	0.625	0.875	215	0.655	0.655	
75	35	-21	4	0	1	0	145	0.125	0.125	290	0.500	0.500	230	0.750	1.250	465	0.750	0.905	357	0.750	1.125	
76	33	-18	4	-1	0	1	271	0.125	0.125	473	0.250	1.125	206	0.375	1.000	407	0.375	0.375	166	0.500	0.500	
77	33	-12	4	1	2	0	321	0.250	0.250	452	0.375	0.375	165	0.500	1.125	298	0.604	1.500	243	0.625	1.625	
78	28	-6	4	1	1	3	219	0.125	0.125	257	0.625	1.000	300	0.625	0.625	52	0.750	0.750	351	0.854	1.354	
79	34	-16	4	1	0	0	294	0.125	0.125	99	0.375	0.375	247	0.375	1.125	94	0.500	0.500	487	0.500	0.500	
80	29	-9	4	2	1	0	265	0.625	1.250	43	0.729	1.714	270	0.729	1.280	146	0.750	0.750	132	0.750	0.905	
81	24	-15	4	-1	-2	14	323	0.125	0.125	124	0.375	1.250	446	0.500	0.875	456	0.625	0.625	178	0.750	1.280	
82	34	-15	4	-1	-2	15	46	0.500	1.125	280	0.604	1.280	294	0.625	1.125	14	0.625	0.625	474	0.625	0.875	
83	31	-3	4	1	-2	4	277	0.250	0.250	221	0.375	1.000	42	0.500	0.500	35	0.559	1.589	455	0.604	1.280	
84	33	-6	4	-1	2	2	379	0.375	1.250	395	0.500	1.125	275	0.604	1.500	462	0.625	1.250	439	0.729	1.604	
85	28	-10	4	0	-1	10	493	0.250	0.250	349	0.375	0.375	121	0.604	1.250	485	0.750	1.625	388	0.750	0.750	
86	24	-14	4	-1	0	9	297	0.250	1.250	182	0.250	0.250	335	0.375	1.125	293	0.500	1.000	39	0.625	0.625	
87	31	-4	4	1	2	0	226	0.125	0.125	331	0.375	0.375	152	0.625	0.625	221	0.625	0.625	455	0.625	0.875	
88	24	-14	4	1	2	0	245	0.375	1.375	113	0.500	1.250	86	0.625	0.625	431	0.625	0.750	293	0.625	0.625	
89	33	-4	4	-1	0	4	35	0.604	1.375	404	0.604	1.839	276	0.729	1.280	275	0.750	0.905	327	0.750	1.000	
90	35	-4	4	-2	-1	8	179	0.250	0.250	326	0.375	1.000	414	0.375	1.375	406	0.500	1.250	249	0.604	1.280	
91	29	-12	4	1	0	0	121	0.375	0.375	177	0.500	0.500	296	0.604	1.839	262	0.625	1.030	16	0.625	0.625	
92	33	-11	4	1	0	0	298	0.250	1.250	452	0.375	0.375	165	0.375	0.375	321	0.500	0.500	366	0.604	1.250	
93	27	-6	4	1	-2	4	389	0.125	0.125	315	0.375	1.125	52	0.604	1.500	300	0.625	0.625	78	0.750	1.250	
94	34	-16	4	0	1	0	99	0.125	0.125	32	0.250	1.250	133	0.375	0.375	487	0.500	1.000	218	0.500	0.500	
95	33	-18	4	1	1	0	6	0.125	0.125	482	0.354	1.405	352	0.375	0.375	416	0.500	1.375	37	0.500	0.500	
96	29	-5	4	1	-1	0	305	0.250	0.250	445	0.500	0.875	268	0.604	1.155	437	0.625	1.250	328	0.625	0.625	
97	26	-15	4	0	1	0	17	0.750	0.750	497	0.875	0.500	192	0.875	0.875	456	0.875	1.125	343	0.875	0.875	
98	34	-7	4	1	2	0	467	0.375	0.375	383	0.479	1.375	155	0.500	0.875	367	0.500	0.500	408	0.500	0.500	
99	34	-16	4	1	2	0	94	0.125	0.125	79	0.375	0.375	137	0.479	1.375	487	0.500	0.875	294	0.500	0.500	
100	31	-8	4	-1	0	0	169	0.250	0.250	136	0.250	0.250	47	0.375	1.000	442	0.375	0.375	191	0.604	1.375	
101	23	-15	4	2	1	0	429	0.375	0.375	88	0.604	1.500	335	0.625	1.250	245	0.729	1.604	251	0.750	0.655	
102	32	-6	4	0	-1	4	20	0.125	0.125	476	0.250	0.250	462	0.250	0.250	68	0.375	0.375	54	0.500	1.000	
103	33	-6	4	1	-2	1	467	0.479	1.375	102	0.500	0.500	346	0.500	0.500	367	0.604	1.500	20	0.625	0.625	
104	29	-3	4	2	1	3	131	0.375	1.250	443	0.729	1.375	334	0.750	0.905	457	0.875	0.780	152	0.875	0.780	
105	22	-13	4	-1	-1	3	184	0.250	0.250	278	0.500	0.500	228	0.604	1.155	151	0.625	1.250	207	0.625	0.625	
106	33	-21	4	1	-1	0	289	0.125	0.125	176	0.354	1.280	448	0.500	0.500	199	0.530	0.530	1	0.625	0.625	
107	30	-13	4	2	1	0	262	0.125	0.125	296	0.375	1.250	5	0.375	0.375	239	0.500	0.500	449	0.500	0.875	
108	35	-7	4	-2	-1	2	337	0.625	0.750	8	0.625	0.625	369	0.625	0.625	183	0.729	1.604	421	0.750	0.750	
109	32	-8	4	-1	2	0	57	0.125	0.125	304	0.375	0.375	341	0.375	1.250	130	0.500	1.125	492	0.500	0.875	
110	27	-12	4	1	0	0	170	0.250	0.250	485	0.375	1.000	117	0.500	0.500	302	0.625	0.625	355	0.625	0.625	
111	35	-25	4	-2	-1	11	413	0.125	0.125	384	0.500	0.500	214	0.625	0.625	288	0.625	1.125	181	0.750	0.905	
112	28	-14	4	-2	1	7	285	0.125	0.125	378	0.375	0.375	466	0.500	0.500	432	0.500	0.500	49	0.604	1.500	
113	24	-13	4	-1	1	5	245	0.125	0.125	48	0.500	1.000	335	0.530	0.530	287	0.625	0.875	86	0.625	0.625	
114	35	-18	4	1	1	0	292	0.125	0.125	157	0.750	1.125	147	0.750	0.750	482	0.875	0.655	99	0.934	1.214	
115	27	-3	4	1	0	0	403	0.375	0.375	372	0.604	1.589	128	0.604	1.375	358	0.729	1.250	411	0.750	0.905	
116	32	-6	4	-1	1	0	68	0.375	0.375	439	0.479	1.155	462	0.500	0.500	344	0.604	1.155	264	0.604	1.589	
117	27	-13	4	2	-1	0	489	0.479	1.500	398	0.500	1.125	110	0.500	0.500	481	0.750	0.875	34	0.750	0.750	
118	25	-13	4	-2	-1	18	113	0.375	1.250	245	0.500	1.125	297	0.559	1.589	13	0.625	0.750	0	0.655	0.655	
119	30	-10	4	-1	0	0	363	0.125	0.125	447	0.125	0.125	381	0.250	1.250	359	0.375	0.375	388	0.500	0.500	
120	34	-23	4	1	-1	4	330	0.250	0.250	215	0.500	0.500	74	0.604	1.155	322	0.625	0.625	176	0.625	0.625	
121	29	-11	4	1	0	0	16	0.250	0.250	377	0.250	1.250	387	0.250	0.250	450	0.375	1.000	91	0.375	0.375	
122	31	-11	4	-1	-1	1	342	0.604	1.530	399	0.625	0.625	359	0.750	1.125	450	0.750	0.750	388	0.780	0.625	
123	29	-15	4	-1	-1	2	27	0.125	0.125	142	0.375	0.375	432	0.500	1.125	378	0.530	0.530	466	0.655	0.655	
124	24	-16	4	1	-1	6	251	0.500	0.500	368	0.530	0.530	446	0.625	0.625	178	0.750	0.750	456	0.905	0.729	
125	24	-4	4	1	0	2	138	0.625	0.625	362	0.625	1.030	459	0.750	0.750	202	0.750	0.905	238	0.854	2.229	
126	28	-3	4	-1	0	12	65	0.250	0.250	193	0.500	0.500	161	0.604	1.589	351	0.625	1.030	436	0.750	0.905	
127	23	-13	4	1	2	0	281	0.125	0.125	287	0.375	0.375	41	0.375	0.375	48	0.500	0.500	245	0.625	0.625	
128	28	-4	4	1	-2	3	358	0.125	0.125	411	0.500	0.500	372	0.500	0.500	445	0.729	1.714	494	0.750	0.625	
129	32	-12	4	-1	0	2	62	0.125	0.125	279	0.250	0.250	223	0.250	1.250	310	0.500	1.000	350	0.500	0.500	
130	32	-7	4	-1	2	0	492	0.250	0.250	341	0.375	0.375	116	0.375	1.000	246	0.479	1.375	408	0.500	0.500	
131	30	-3	4	1	0	0	83	0.375	1.000	334	0.375	0.375	457	0.500	0.500	277	0.500	1.250	331	0.625	1.030	
132	30	-8	4	1	-1	0	47	0.375	0.375	44	0.479	1.155	308	0.530	0.530	237	0.625	1.250	191	0.625	1.250	
133	33	-16	4	0	1	0	63	0.250	0.250	227	0.250	1.250	280	0.375	0.375	94	0.375	0.375	313	0.500	0.500	
134	35	-8	4	2	-1	0	402	0.250	0.250	234	0.375	0.375	421	0.625	0.625	190	0.625	1.250	369	0.750	0.625	
135	32	-12	4	1	-2	0	434	0.375	0.375	329	0.479	1.280	420	0.500	0.875	350	0.500	1.125	291	0.604	1.280	
136	31	-8	4	-1	-1	0	100	0.250	0.250	191	0.354	1.405	28	0.479	1.155	31	0.479	1.280	169	0.500	0.500	
137	35	-15	4	1	0	0	19	0.625	0.625	247	0.625	0.625	14	0.625	0.625	412	0.750	1.125	339	0.875	0.750	
138	24	-4	4	-1	-2	12	459	0.125	0.125	125	0.625	0.625	471	0.750	0.750	283	1.000	0.780	197	1.000	0.500	
139	33	-19	4	-2	-1	6	407	0.125	0.125	472	0.375	0.375	76	0.500	0.500	159	0.604	1.500	271	0.625	0.625	
140	32	-9	4	1	2	0	57	0.375	1.250	233	0.375	0.375	304	0.375	1.000	18	0.500	0.500	109	0.500	1.375	
141	31	-14	4	1	1	0	420	0.479	1.155	311	0.479	1.405	449	0.500	1.000	252	0.500	1.250	208	0.604	1.530	
142	29	-15	4	-2	1	2	123	0.375	0.375	432	0.375	1.250	112	0.479	1.280	27	0.500	0.500	415	0.500	1.125	
143	32	-15	4	1	-2	0	261	0.125	0.125	313	0.479	1.375	263	0.625	0.875	365	0.684	1.714	294	0.729	1.589	
144	27	-7	4	0	-1	13	315	0.125	0.125	33	0.750	0.905	52	0.750	0.750	25	0.875	0.875	300	0.905	0.729	
145	35	-21	4	-1	2	20	75	0.125	0.125	282	0.479	1.375	290	0.625	0.625	357	0.750	1.250	453	0.750	0.750	
146	29	-9	4	-2	1	0	196	0.500	0.500	381	0.625	0.625	265	0.750	0.750	172	0.750	1.000	80	0.750	0.750	
147	35	-19	4	2	-1	0	40	0.625	1.000	348	0.625	0.625	292	0.625	0.625	199	0.655	0.655	409	0.750	1.250	
148	28	-11	4	-2	1	1	364	0.250	0.250	303	0.375	1.000	349	0.625	0.625	355	0.729	1.280	478	0.750	0.750	
149	31	-13	4	-2	1	0	424	0.500	0.500	449	0.500	0.500	10	0.604	1.375	427	0.625	0.625	253	0.625	0.625	
150	33	-13	4	-1	1	0	438	0.250	0.250	129	0.354	1.280	62	0.479	1.405	153	0.500	0.500	350	0.500	1.250	
151	21	-13	4	-1	2	0	70	0.625	0.625	278	0.750	0.625	163	1.000	1.125	217	1.125	1.354	287	1.125	0.875	
152	30	-4	4	1	2	0	457	0.250	0.250	334	0.375	0.375	277	0.604	1.280	87	0.625	0.625	221	0.625	1.250	
153	33	-13	4	1	1	0	291	0.125	0.125	154	0.354	1.405	150	0.500	0.500	77	0.500	1.000	452	0.625	0.625	
154	34	-12	4	1	2	0	307	0.479	1.375	298	0.500	0.875	77	0.625	0.625	361	0.655	0.655	401	0.729	1.714	
155	34	-6	4	2	1	0	53	0.479	1.405	467	0.500	0.500	59	0.500	0.500	483	0.500	1.250	367	0.625	0.625	
156	34	-26	4	1	-1	1	400	0.125	0.125	45	0.500	0.875	214	0.530	0.530	288	0.750	0.750	174	1.000	0.875	
157	35	-17	4	-1	0	2	58	0.250	1.250	444	0.375	1.000	2	0.500	0.500	76	0.604	1.589	94	0.604	1.250	
158	26	-3	4	2	-1	0	469	0.125	0.125	115	0.375	1.250	403	0.500	0.875	479	0.500	0.500	411	0.559	1.589	
159	32	-20	4	-1	-2	2	419	0.500	0.500	425	0.625	0.625	289	0.750	1.030	448	0.750	0.655	106	0.875	1.155	
160	31	-17	4	0	-1	17	473	0.625	0.780	365	0.750	0.750	206	0.750	0.905	318	1.000	0.875	340	1.000	0.625	
161	26	-4	4	-1	0	10	333	0.250	0.250	260	0.375	0.375	175	0.500	0.500	316	0.729	1.714	394	0.750	0.625	
162	29	-8	4	1	-2	0	31	0.479	1.155	47	0.625	0.625	196	0.625	0.625	493	0.729	1.714	85	0.729	1.464	
163	22	-13	4	2	-1	5	217	0.375	1.000	41	0.375	1.250	184	0.375	0.375	281	0.375	1.250	127	0.500	1.125	
164	34	-19	4	1	0	0	465	0.500	0.500	147	0.500	1.250	199	0.625	0.625	292	0.625	1.155	40	0.729	1.250	
165	33	-11	4	1	2	0	243	0.375	1.250	92	0.375	0.375	397	0.500	1.375	188	0.500	1.125	299	0.559	1.589	
166	33	-17	4	-2	1	1	416	0.125	0.125	9	0.479	1.500	76	0.500	0.500	280	0.625	0.625	365	0.625	0.625	
167	35	-3	4	1	0	0	495	0.375	0.375	22	0.500	0.500	56	0.625	0.625	203	0.750	0.625	179	0.875	1.000	
168	33	-7	4	-2	1	1	408	0.375	0.375	130	0.500	0.875	492	0.500	1.125	84	0.625	0.875	246	0.684	1.714	
169	31	-8	4	-1	1	0	100	0.250	0.250	171	0.479	1.405	136	0.500	0.500	442	0.625	0.625	237	0.625	0.625	
170	27	-12	4	1	-1	0	110	0.250	0.250	355	0.375	0.375	481	0.604	1.155	177	0.604	1.714	466	0.729	1.714	
171	30	-7	4	-2	1	2	301	0.375	1.250	71	0.500	0.500	306	0.625	0.625	33	0.729	1.589	196	0.750	0.905	
172	28	-9	4	0	-1	1	493	0.250	1.125	85	0.375	1.375	349	0.375	1.000	121	0.729	1.589	31	0.750	0.750	
173	25	-5	4	1	2	1	430	0.250	0.250	394	0.625	0.625	333	0.750	0.905	274	0.780	0.780	125	0.905	0.905	
174	34	-27	4	1	2	3	181	0.500	1.250	45	0.625	0.625	375	0.625	0.625	400	0.750	0.875	396	0.875	1.500	
175	26	-3	4	-2	-1	11	479	0.250	0.250	161	0.500	0.500	197	0.625	1.375	459	0.729	1.714	333	0.750	0.750	
176	34	-22	4	1	0	0	225	0.375	1.000	330	0.375	0.375	356	0.500	0.500	454	0.500	0.500	75	0.604	1.250	
177	29	-13	4	2	1	0	262	0.375	1.250	64	0.500	0.500	107	0.500	1.125	91	0.500	0.500	10	0.604	1.375	
178	23	-16	4	-1	-2	12	124	0.750	0.750	324	0.750	0.750	446	0.875	0.500	251	0.875	1.125	101	1.125	0.875	
179	35	-4	4	-1	-2	6	90	0.250	0.250	229	0.375	1.250	22	0.500	0.500	463	0.500	1.375	414	0.625	1.125	
180	33	-13	4	0	-1	0	329	0.125	0.125	12	0.250	1.250	438	0.500	0.500	314	0.625	0.625	291	0.625	0.625	
181	34	-26	4	-1	1	5	396	0.625	1.250	400	0.875	0.875	111	0.905	0.729	232	0.979	1.214	45	1.000	1.000	
182	24	-14	4	-1	-1	1	86	0.250	0.250	39	0.375	0.375	335	0.500	1.375	312	0.604	1.714	241	0.604	1.714	
183	34	-9	4	1	-2	1	29	0.250	0.250	220	0.375	0.375	244	0.375	1.000	376	0.479	1.375	55	0.559	1.589	
184	22	-13	4	0	-1	1	105	0.250	0.250	163	0.375	0.375	464	0.500	1.000	217	0.625	0.625	254	0.625	1.030	
185	32	-18	4	1	2	0	6	0.625	0.625	37	0.625	1.250	133	0.684	1.714	266	0.729	1.280	354	0.729	1.464	
186	26	-12	4	1	2	0	302	0.625	0.625	303	0.750	0.905	170	0.750	1.250	110	0.750	1.000	391	0.750	0.750	
187	29	-12	4	-1	-2	4	481	0.479	1.280	489	0.559	1.589	485	0.625	0.625	378	0.729	1.714	342	0.750	0.625	
188	33	-10	4	-2	1	0	417	0.125	0.125	243	0.125	0.125	397	0.250	0.250	325	0.375	1.250	201	0.625	0.625	
189	30	-12	4	-1	1	0	10	0.250	0.250	478	0.479	1.280	342	0.500	0.500	377	0.625	1.250	359	0.625	0.625	
190	35	-9	4	-1	-1	0	51	0.250	0.250	248	0.500	1.000	243	0.604	1.589	417	0.604	1.839	435	0.625	0.625	
191	30	-9	4	-1	-2	5	31	0.125	0.125	388	0.375	1.250	21	0.375	1.250	363	0.500	0.875	28	0.500	0.500	
192	26	-15	4	1	-2	0	461	0.125	0.125	456	0.625	0.625	34	0.655	0.655	368	0.750	0.625	489	0.839	0.839	
193	28	-4	4	-2	1	6	351	0.375	1.250	491	0.375	0.375	436	0.500	1.125	126	0.500	0.500	175	0.559	1.589	
194	33	-12	4	-2	-1	4	129	0.375	1.250	279	0.375	1.250	350	0.479	1.280	438	0.500	0.500	24	0.500	0.500	
195	26	-6	4	-1	0	4	260	0.375	0.375	161	0.750	0.750	394	0.750	0.750	173	0.854	1.375	274	0.875	0.875	
196	29	-8	4	-1	0	0	265	0.250	0.250	301	0.375	0.375	33	0.500	1.250	146	0.500	0.500	381	0.875	0.875	
197	24	-3	4	-1	-1	6	138	0.500	1.000	283	0.500	1.000	471	0.604	1.530	316	0.625	0.625	470	0.625	1.250	
198	34	-8	4	-2	1	0	38	0.375	0.375	168	0.479	1.280	498	0.500	0.875	408	0.604	1.375	7	0.625	0.750	
199	34	-20	4	1	-1	0	269	0.354	1.405	465	0.375	0.375	106	0.530	0.530	356	0.625	0.750	1	0.625	1.125	
200	32	-15	4	-1	1	0	259	0.125	0.125	424	0.354	1.280	423	0.375	0.375	427	0.479	1.155	253	0.479	1.405	
201	33	-11	4	-2	-1	1	417	0.500	0.500	223	0.559	1.589	194	0.625	0.625	122	0.625	1.375	188	0.625	0.625	
202	25	-3	4	1	-2	0	362	0.375	0.375	374	0.479	1.280	479	0.625	0.625	158	0.625	0.875	197	0.750	0.750	
203	35	-4	4	1	2	4	495	0.375	0.375	392	0.500	1.125	22	0.500	0.500	167	0.625	0.750	242	0.625	0.625	
204	32	-20	4	0	1	0	451	0.125	0.125	425	0.500	0.500	295	0.625	1.155	336	0.625	0.625	419	0.625	0.625	
205	32	-9	4	0	-1	0	325	0.250	1.125	233	0.500	0.500	122	0.604	1.839	380	0.625	0.625	69	0.625	0.625	
206	32	-18	4	-1	-2	2	473	0.125	0.125	460	0.625	1.000	419	0.750	1.500	37	0.750	0.750	425	0.875	1.375	
207	22	-14	4	-1	0	4	405	0.125	0.125	15	0.500	1.000	312	0.500	0.500	241	0.500	0.500	151	0.604	1.375	
208	32	-13	4	1	1	0	311	0.125	0.125	452	0.354	1.280	77	0.354	1.405	420	0.375	0.375	321	0.479	1.405	
209	34	-8	4	1	0	0	347	0.125	0.125	402	0.250	1.250	467	0.375	0.375	220	0.375	0.375	234	0.375	1.125	
210	23	-3	4	1	-1	0	319	0.250	0.250	125	0.354	1.280	471	0.500	1.375	138	0.604	1.155	283	0.625	0.625	
211	31	-15	4	1	2	0	382	0.375	0.375	141	0.375	1.000	253	0.500	1.125	252	0.604	1.280	259	0.625	0.625	
212	30	-11	4	2	-1	0	450	0.250	0.250	377	0.250	0.250	371	0.375	1.250	399	0.375	0.375	342	0.625	1.250	
213	32	-10	4	1	2	0	140	0.500	1.125	498	0.559	1.589	57	0.625	1.625	397	0.625	0.625	233	0.625	0.750	
214	35	-25	4	1	-1	0	413	0.500	0.500	156	0.530	0.530	111	0.625	0.625	288	0.625	1.000	400	0.655	0.655	
215	34	-23	4	-1	-1	0	11	0.375	0.375	120	0.500	0.500	317	0.500	0.500	286	0.625	0.625	330	0.750	0.750	
216	29	-4	4	-2	-1	6	372	0.375	0.375	193	0.500	1.375	491	0.625	1.000	96	0.625	1.250	358	0.625	0.750	
217	23	-13	4	1	-1	0	41	0.250	0.250	39	0.354	1.405	281	0.500	0.500	13	0.625	0.625	127	0.625	0.625	
218	34	-16	4	-1	0	3	280	0.250	1.250	46	0.375	0.375	94	0.500	0.500	58	0.500	0.500	99	0.625	0.625	
219	28	-6	4	1	2	0	78	0.125	0.125	257	0.625	0.875	300	0.750	0.750	436	0.854	1.604	52	0.875	0.875	
220	34	-9	4	1	0	0	29	0.125	0.125	209	0.375	0.375	183	0.375	0.375	347	0.500	0.500	244	0.625	0.625	
221	31	-4	4	1	-1	0	331	0.250	0.250	404	0.500	1.375	226	0.500	0.500	26	0.500	0.875	320	0.530	0.530	
222	33	-5	4	1	-2	1	395	0.500	0.500	103	0.500	1.125	155	0.604	1.280	35	0.625	0.625	249	0.625	0.625	
223	31	-12	4	-2	1	0	310	0.250	0.250	342	0.375	1.250	189	0.375	1.000	149	0.625	0.625	10	0.625	0.750	
224	31	-14	4	-1	-2	4	427	0.250	0.250	424	0.375	0.375	386	0.500	0.500	253	0.500	0.500	496	0.625	1.625	
225	35	-22	4	1	-2	0	428	0.375	1.250	453	0.625	0.625	120	0.750	0.655	286	0.875	1.000	486	0.875	0.875	
226	31	-4	4	1	1	0	87	0.125	0.125	331	0.250	0.250	221	0.500	0.500	455	0.625	1.000	410	0.750	0.750	
227	33	-15	4	1	2	0	422	0.250	0.250	231	0.500	0.875	263	0.500	0.500	259	0.625	0.625	423	0.625	0.625	
228	21	-14	4	1	-2	3	464	0.625	0.875	61	0.625	0.625	101	0.729	1.604	429	0.729	1.464	60	0.750	1.000	
229	35	-5	4	1	-1	0	463	0.125	0.125	53	0.500	0.500	495	0.625	0.625	483	0.625	0.875	383	0.625	0.625	
230	35	-19	4	-1	0	0	348	0.250	0.250	409	0.500	0.500	282	0.625	1.030	236	0.625	1.030	157	0.750	0.750	
231	33	-14	4	2	1	0	12	0.500	0.500	263	0.625	0.625	291	0.625	0.625	19	0.625	1.625	150	0.625	1.250	
232	35	-24	4	-1	2	4	384	0.375	0.375	317	0.479	1.405	11	0.604	1.500	475	0.625	1.250	322	0.750	1.030	
233	32	-9	4	1	0	0	380	0.250	1.125	140	0.375	0.375	205	0.500	0.500	244	0.604	1.839	7	0.604	1.250	
234	35	-8	4	1	1	0	402	0.125	0.125	134	0.375	0.375	38	0.625	0.625	272	0.625	0.875	421	0.750	0.750	
235	31	-10	4	2	1	0	43	0.375	0.375	140	0.479	1.500	371	0.500	0.500	213	0.500	0.875	44	0.625	0.625	
236	34	-18	4	-1	0	0	271	0.250	1.250	76	0.375	1.375	58	0.500	0.500	407	0.625	1.030	416	0.625	1.280	
237	31	-8	4	2	1	0	304	0.375	1.000	44	0.625	0.625	169	0.625	0.625	306	0.655	0.655	205	0.729	1.375	
238	27	-5	4	2	-1	0	300	0.604	1.500	257	0.729	1.589	445	0.729	1.714	78	0.750	0.905	494	0.750	0.625	
239	30	-14	4	1	0	0	433	0.125	0.125	262	0.375	0.375	141	0.375	1.125	107	0.500	0.500	386	0.500	0.500	
240	34	-5	4	0	1	0	406	0.250	1.125	414	0.375	1.000	379	0.375	0.375	242	0.500	1.250	59	0.500	0.500	
241	22	-15	4	-2	-1	20	312	0.250	0.250	207	0.500	0.500	67	0.500	0.500	405	0.625	0.625	61	0.875	1.125	
242	34	-4	4	-1	2	1	406	0.125	0.125	414	0.250	0.250	484	0.375	1.000	332	0.500	1.125	326	0.625	0.625	
243	33	-10	4	-1	1	0	188	0.125	0.125	397	0.125	0.125	417	0.250	0.250	140	0.604	1.155	366	0.625	0.625	
244	34	-10	4	1	-1	0	307	0.354	1.280	55	0.604	1.155	220	0.625	0.625	401	0.625	1.375	376	0.625	1.125	
245	24	-13	4	-1	2	0	113	0.125	0.125	127	0.625	0.625	431	0.625	0.625	335	0.655	0.655	86	0.750	0.750	
246	31	-6	4	-1	0	6	268	0.375	1.000	73	0.500	0.500	439	0.500	0.500	71	0.604	1.375	301	0.604	1.589	
247	35	-16	4	1	1	0	94	0.625	0.625	137	0.625	0.625	487	0.655	0.655	418	0.750	0.750	99	0.750	0.625	
248	35	-10	4	-1	-2	14	55	0.500	1.125	376	0.625	0.625	50	0.729	1.714	51	0.750	0.750	244	0.750	0.750	
249	34	-5	4	1	-2	0	346	0.375	1.250	59	0.375	0.375	483	0.479	1.405	383	0.479	1.375	222	0.625	0.625	
250	25	-15	4	-2	-1	17	456	0.250	0.250	446	0.479	1.280	81	0.500	0.875	323	0.625	0.750	343	0.625	1.125	
251	24	-16	4	1	1	0	343	0.500	1.250	124	0.500	0.500	101	0.655	0.655	192	0.729	1.625	324	0.750	0.750	
252	32	-14	4	2	-1	0	263	0.479	1.280	12	0.500	0.875	231	0.500	1.375	487	0.559	1.589	420	0.625	0.625	
253	31	-14	4	-2	1	0	424	0.125	0.125	427	0.250	0.250	224	0.500	0.500	5	0.604	1.375	149	0.625	0.625	
254	23	-14	4	0	-1	0	429	0.375	1.125	39	0.500	0.500	182	0.625	0.625	81	0.750	0.905	464	0.750	0.625	
255	26	-13	4	-1	-2	1	0	0.375	1.000	360	0.479	1.405	426	0.500	0.875	391	0.625	0.625	3	0.625	0.625	
256	33	-8	4	2	-1	0	209	0.375	1.250	183	0.479	1.500	29	0.479	1.280	347	0.500	1.375	7	0.625	0.625	
257	29	-6	4	2	1	0	445	0.375	0.375	437	0.479	1.500	410	0.559	1.589	26	0.684	1.464	96	0.750	0.750	
258	35	-13	4	2	1	0	361	0.125	0.125	298	0.839	0.839	137	0.875	0.875	19	0.875	0.750	339	0.875	0.500	
259	32	-15	4	-1	2	0	200	0.125	0.125	423	0.250	0.250	424	0.479	1.375	449	0.559	1.589	427	0.604	1.280	
260	26	-5	4	-1	0	0	161	0.375	0.375	394	0.375	0.375	195	0.375	0.375	333	0.750	0.625	459	0.809	1.339	
261	32	-15	4	1	-1	0	143	0.125	0.125	313	0.354	1.280	263	0.500	1.000	496	0.530	0.530	294	0.604	1.714	
262	30	-13	4	1	0	0	107	0.125	0.125	296	0.250	1.125	239	0.375	0.375	449	0.500	1.000	5	0.500	0.500	
263	33	-15	4	2	-1	0	294	0.479	1.280	313	0.500	0.500	227	0.500	0.500	32	0.500	1.125	487	0.500	1.375	
264	30	-5	4	-1	-1	0	328	0.250	0.250	458	0.500	0.500	268	0.625	1.000	305	0.625	0.625	372	0.780	0.625	
265	29	-8	4	-1	1	0	196	0.250	0.250	301	0.625	0.625	33	0.625	1.250	171	0.655	0.655	219	0.729	1.714	
266	33	-17	4	2	-1	0	365	0.375	0.375	482	0.500	1.125	313	0.500	0.500	292	0.559	1.589	352	0.625	0.625	
267	34	-14	4	0	-1	0	12	0.500	0.500	82	0.500	1.250	474	0.604	1.375	137	0.604	1.250	19	0.625	0.625	
268	30	-6	4	-1	-2	6	301	0.479	1.375	71	0.500	1.125	353	0.500	1.375	162	0.559	1.589	171	0.750	0.875	
269	35	-21	4	1	-2	0	225	0.375	1.125	1	0.500	0.500	215	0.729	1.714	428	0.750	1.625	356	0.875	0.500	
270	30	-10	4	1	-2	0	388	0.125	0.125	21	0.125	0.125	399	0.375	1.250	371	0.479	1.375	363	0.500	0.500	
271	33	-18	4	-2	1	1	76	0.125	0.125	407	0.500	0.500	6	0.500	0.500	473	0.500	1.250	166	0.625	0.625	
272	35	-7	4	1	1	0	421	0.375	0.375	369	0.500	0.500	383	0.625	0.625	8	0.625	1.250	155	0.655	0.655	
273	28	-14	4	2	1	0	489	0.500	0.500	72	0.500	0.500	64	0.604	1.280	398	0.625	0.875	177	0.750	1.280	
274	26	-6	4	2	1	1	93	0.500	1.125	389	0.625	1.000	238	0.750	1.030	173	0.780	0.780	430	0.780	0.780	
275	32	-5	4	-2	1	1	276	0.375	0.375	404	0.375	1.250	439	0.500	1.375	35	0.500	0.500	68	0.625	0.625	
276	32	-5	4	-1	-1	1	35	0.125	0.125	246	0.354	1.280	275	0.375	0.375	462	0.500	0.875	476	0.500	1.375	
277	31	-3	4	2	-1	0	83	0.250	0.250	320	0.375	1.000	331	0.500	0.500	42	0.625	0.750	221	0.750	0.750	
278	22	-13	4	-1	1	0	70	0.375	0.375	105	0.500	0.500	151	0.625	0.750	207	0.625	0.625	15	0.655	0.655	
279	32	-12	4	-1	1	0	62	0.125	0.125	129	0.250	0.250	223	0.625	1.000	310	0.625	0.750	350	0.750	0.750	
280	33	-16	4	-2	1	0	133	0.375	0.375	259	0.479	1.500	9	0.500	0.875	166	0.625	0.625	63	0.625	0.625	
281	23	-13	4	1	1	0	127	0.125	0.125	41	0.250	0.250	287	0.500	0.500	217	0.500	0.500	48	0.625	0.625	
282	34	-20	4	-1	0	0	357	0.625	0.625	448	0.729	1.280	139	0.750	0.905	236	0.750	0.750	199	0.750	0.750	
283	23	-3	4	-2	-1	9	470	0.500	0.500	210	0.625	0.625	459	0.655	0.655	471	0.750	0.750	319	0.875	0.875	
284	35	-14	4	-1	2	3	412	0.125	0.125	339	0.250	0.250	361	0.375	1.250	258	0.500	1.125	441	0.500	0.500	
285	28	-14	4	-1	0	3	112	0.125	0.125	378	0.250	0.250	466	0.375	0.375	432	0.375	0.375	461	0.604	1.589	
286	34	-22	4	-1	0	14	454	0.500	0.500	11	0.500	0.500	317	0.625	0.625	357	0.625	0.625	448	0.625	0.780	
287	23	-13	4	-1	1	0	48	0.125	0.125	338	0.375	0.375	127	0.375	0.375	281	0.500	0.500	278	0.500	0.875	
288	35	-26	4	1	-2	2	156	0.750	0.625	45	0.875	0.655	400	0.875	0.500	375	1.000	1.000	214	1.000	0.500	
289	33	-21	4	1	-2	0	106	0.125	0.125	448	0.375	0.375	176	0.479	1.375	1	0.500	0.500	356	0.625	0.875	
290	34	-21	4	1	2	0	356	0.500	0.500	465	0.500	0.875	75	0.500	0.500	385	0.625	0.625	145	0.625	0.625	
291	33	-13	4	2	1	0	153	0.125	0.125	314	0.375	1.250	154	0.479	1.500	329	0.500	0.500	452	0.500	0.500	
292	35	-18	4	2	1	0	114	0.125	0.125	147	0.625	0.625	157	0.875	1.125	348	0.875	1.125	94	0.979	1.214	
293	23	-14	4	-1	2	0	335	0.125	0.125	297	0.250	0.250	281	0.375	1.250	278	0.479	1.405	127	0.500	1.375	
294	34	-16	4	2	-1	0	79	0.125	0.125	247	0.375	1.250	46	0.500	0.500	99	0.500	0.500	444	0.625	1.125	
295	33	-19	4	1	2	0	6	0.375	1.125	271	0.500	1.125	95	0.500	1.000	407	0.625	0.625	292	0.729	1.589	
296	31	-13	4	1	-1	0	252	0.479	1.405	208	0.500	1.375	420	0.500	1.000	231	0.604	1.714	311	0.625	1.250	
297	23	-14	4	-2	1	2	335	0.125	0.125	293	0.250	0.250	207	0.500	1.250	287	0.625	0.750	281	0.625	1.250	
298	34	-11	4	2	1	0	376	0.479	1.155	401	0.479	1.405	307	0.625	1.250	435	0.729	1.604	244	0.750	0.750	
299	34	-9	4	-1	2	1	7	0.479	1.155	198	0.500	0.875	220	0.625	0.625	347	0.625	1.125	435	0.625	0.625	
300	28	-6	4	1	-2	1	389	0.500	0.500	78	0.625	0.625	93	0.625	0.625	52	0.625	0.875	96	0.655	0.655	
301	29	-7	4	-1	0	2	196	0.375	0.375	265	0.625	0.625	33	0.625	1.155	52	0.875	1.125	146	0.875	0.875	
302	27	-12	4	-1	2	0	303	0.500	1.000	110	0.625	0.625	186	0.625	0.625	3	0.655	0.655	355	0.750	0.750	
303	27	-11	4	-1	1	0	349	0.905	0.729	186	0.905	0.729	170	1.000	1.000	478	1.000	1.000	493	1.030	0.604	
304	32	-8	4	1	1	0	109	0.375	0.375	408	0.479	1.280	370	0.479	1.405	57	0.500	0.500	256	0.500	1.250	
305	29	-5	4	0	-1	3	96	0.250	0.250	328	0.375	0.375	445	0.375	1.125	264	0.625	0.625	300	0.750	0.905	
306	30	-7	4	1	1	0	73	0.479	1.280	476	0.604	1.589	171	0.625	0.625	353	0.625	0.625	257	0.655	0.655	
307	35	-11	4	1	0	0	376	0.375	0.375	401	0.625	0.625	55	0.625	0.625	258	0.875	0.875	248	1.000	0.625	
308	31	-7	4	1	-1	0	341	0.500	1.375	136	0.500	1.375	54	0.500	1.000	132	0.530	0.530	476	0.530	0.530	
309	33	-21	4	1	2	1	385	0.250	0.250	465	0.479	1.500	336	0.500	1.000	106	0.625	0.625	290	0.625	0.625	
310	31	-12	4	-1	2	0	223	0.250	0.250	359	0.479	1.375	10	0.500	0.500	371	0.625	1.000	342	0.625	1.250	
311	32	-13	4	2	1	0	208	0.125	0.125	420	0.250	0.250	153	0.375	1.000	77	0.479	1.500	321	0.479	1.280	
312	22	-15	4	-2	1	1	67	0.250	0.250	241	0.250	0.250	15	0.479	1.500	207	0.500	0.500	405	0.625	0.625	
313	33	-16	4	1	0	0	63	0.250	0.250	79	0.375	1.375	99	0.500	1.000	133	0.500	0.500	266	0.500	0.500	
314	34	-13	4	1	-1	0	19	0.479	1.530	258	0.500	1.250	180	0.625	0.625	361	0.625	1.375	14	0.729	1.714	
315	27	-7	4	1	-2	0	144	0.125	0.125	52	0.625	0.875	300	0.780	0.750	80	0.934	1.604	172	0.934	1.714	
316	24	-3	4	-1	2	6	470	0.625	0.625	197	0.625	0.625	283	0.750	1.125	362	1.000	1.000	459	1.000	1.000	
317	34	-23	4	-1	1	0	11	0.125	0.125	322	0.375	0.375	454	0.500	1.125	215	0.500	0.500	475	0.625	0.625	
318	31	-16	4	2	1	0	340	0.250	0.250	496	0.375	0.375	354	0.375	0.375	423	0.479	1.500	490	0.500	0.500	
319	23	-3	4	1	0	2	210	0.250	0.250	470	0.625	0.625	125	0.875	1.030	283	0.875	0.875	471	0.875	1.125	
320	32	-3	4	1	-1	0	42	0.250	0.250	345	0.479	1.405	221	0.530	0.530	36	0.604	1.714	327	0.625	1.250	
321	33	-12	4	2	1	0	452	0.125	0.125	77	0.250	0.250	298	0.479	1.280	24	0.500	0.500	154	0.500	0.875	
322	34	-23	4	1	2	1	317	0.375	0.375	330	0.375	0.375	486	0.479	1.155	475	0.500	0.500	11	0.500	0.500	
323	24	-15	4	0	-1	0	81	0.125	0.125	446	0.375	1.000	124	0.375	1.125	456	0.500	0.500	429	0.625	0.625	
324	23	-16	4	-1	2	10	67	0.479	1.280	312	0.479	1.530	101	0.500	1.125	405	0.729	1.589	251	0.750	0.750	
325	32	-10	4	-1	-1	0	122	0.604	1.530	201	0.655	0.655	452	0.854	1.354	194	0.964	0.964	191	0.964	0.964	
326	34	-4	4	-1	-1	1	414	0.375	0.375	406	0.500	0.500	222	0.604	1.155	275	0.604	1.714	36	0.625	0.625	
327	33	-3	4	1	2	2	332	0.625	0.625	484	0.750	0.750	203	0.839	0.839	345	0.875	0.875	495	0.979	1.214	
328	30	-5	4	0	-1	2	264	0.250	0.250	305	0.375	0.375	268	0.500	1.250	301	0.604	1.589	26	0.625	0.625	
329	33	-13	4	1	-2	2	180	0.125	0.125	291	0.500	0.500	12	0.500	1.125	82	0.559	1.589	438	0.625	0.625	
330	34	-23	4	1	0	0	120	0.250	0.250	322	0.375	0.375	176	0.375	0.375	486	0.604	1.250	428	0.750	1.125	
331	31	-4	4	1	0	0	226	0.250	0.250	455	0.250	1.250	221	0.250	0.250	87	0.375	0.375	410	0.500	0.500	
332	34	-3	4	-1	2	1	484	0.125	0.125	327	0.625	0.625	30	0.750	0.750	414	0.875	0.625	392	0.875	0.500	
333	26	-4	4	-1	1	0	161	0.250	0.250	197	0.604	1.589	260	0.625	0.625	175	0.750	0.750	374	0.875	0.875	
334	30	-4	4	1	0	0	457	0.125	0.125	221	0.250	1.125	331	0.375	1.375	131	0.375	0.375	152	0.375	0.375	
335	23	-14	4	-1	1	0	297	0.125	0.125	293	0.125	0.125	278	0.479	1.530	287	0.500	0.875	127	0.500	1.250	
336	33	-20	4	1	1	0	373	0.125	0.125	164	0.354	1.280	295	0.500	1.000	199	0.500	1.375	147	0.604	1.714	
337	34	-7	4	0	-1	0	367	0.375	0.375	467	0.500	0.500	69	0.604	1.839	369	0.625	0.625	402	0.729	1.375	
338	23	-13	4	-2	-1	16	48	0.250	0.250	287	0.375	0.375	105	0.375	1.000	278	0.375	1.250	297	0.625	0.625	
339	35	-14	4	1	2	0	284	0.250	0.250	412	0.375	0.375	361	0.375	1.000	441	0.500	0.500	258	0.500	0.875	
340	31	-16	4	2	-1	0	496	0.125	0.125	490	0.250	0.250	318	0.250	0.250	382	0.500	0.500	354	0.625	0.625	
341	32	-7	4	1	1	0	440	0.250	0.250	54	0.375	0.375	130	0.375	0.375	116	0.500	1.375	84	0.604	1.155	
342	30	-12	4	-1	-1	0	189	0.500	0.500	359	0.625	0.625	262	0.750	1.125	187	0.750	0.750	107	0.875	1.125	
343	24	-15	4	-1	2	0	88	0.375	1.375	335	0.479	1.405	297	0.604	1.500	86	0.625	0.750	127	0.729	1.589	
344	31	-5	4	1	2	0	226	0.375	1.000	410	0.500	0.500	87	0.500	1.125	455	0.604	1.500	437	0.625	0.625	
345	33	-4	4	2	-1	0	249	0.479	1.500	36	0.500	1.125	395	0.625	0.625	222	0.625	0.875	53	0.684	1.464	
346	34	-6	4	0	-1	0	337	0.375	1.375	367	0.500	1.000	103	0.500	0.500	483	0.625	0.625	155	0.625	0.625	
347	34	-8	4	2	1	0	209	0.125	0.125	134	0.375	1.375	234	0.375	1.000	38	0.375	0.375	272	0.479	1.405	
348	35	-19	4	-1	-1	0	230	0.250	0.250	282	0.354	1.280	40	0.625	1.125	147	0.625	0.625	409	0.750	0.750	
349	28	-10	4	-2	-1	6	493	0.125	0.125	85	0.375	0.375	148	0.625	0.625	303	0.875	0.905	364	0.875	0.750	
350	32	-13	4	-2	-1	11	224	0.479	1.500	427	0.479	1.280	149	0.500	1.375	129	0.500	0.500	62	0.625	0.625	
351	27	-4	4	-1	0	7	436	0.125	0.125	161	0.375	1.375	333	0.375	1.125	260	0.625	1.030	479	0.750	0.905	
352	33	-18	4	2	-1	0	37	0.125	0.125	95	0.375	0.375	6	0.500	0.500	266	0.625	0.625	482	0.729	1.280	
353	30	-7	4	1	-2	0	71	0.250	0.250	132	0.375	1.000	47	0.500	1.375	237	0.604	1.280	306	0.625	0.625	
354	31	-16	4	0	1	0	211	0.250	1.250	318	0.375	0.375	9	0.500	0.500	200	0.625	0.780	66	0.625	0.625	
355	27	-12	4	-1	-2	5	170	0.375	0.375	110	0.625	0.625	485	0.625	0.625	117	0.625	1.125	0	0.729	1.714	
356	34	-21	4	2	-1	0	1	0.375	0.375	225	0.479	1.500	269	0.500	0.875	176	0.500	0.500	290	0.500	0.500	
357	34	-21	4	-1	-1	0	1	0.250	0.250	448	0.500	0.875	356	0.625	0.625	385	0.625	1.250	282	0.625	0.625	
358	28	-4	4	0	-1	0	128	0.125	0.125	372	0.375	0.375	389	0.604	1.589	411	0.625	0.625	494	0.625	0.625	
359	30	-11	4	-1	0	0	119	0.375	0.375	399	0.500	0.500	447	0.500	0.500	363	0.500	0.500	342	0.625	0.625	
360	25	-14	4	-1	-1	0	81	0.354	1.405	323	0.479	1.280	250	0.625	0.750	456	0.625	1.000	368	0.625	1.375	
361	35	-13	4	1	1	0	258	0.125	0.125	154	0.875	0.655	19	0.875	0.875	77	0.964	0.964	298	0.964	0.964	
362	25	-3	4	1	0	0	202	0.375	0.375	469	0.375	1.375	158	0.500	1.250	374	0.604	1.375	494	0.604	1.839	
363	30	-10	4	-2	-1	1	119	0.125	0.125	447	0.250	0.250	388	0.375	0.375	359	0.500	0.500	270	0.500	0.500	
364	28	-11	4	-1	2	0	148	0.250	0.250	478	0.500	0.500	80	0.729	1.604	16	0.750	0.750	303	0.750	0.750	
365	33	-17	4	0	-1	1	468	0.375	0.375	266	0.375	0.375	37	0.375	1.125	352	0.500	1.000	76	0.500	0.875	
366	34	-10	4	0	1	0	397	0.500	0.500	299	0.500	1.250	7	0.604	1.589	401	0.625	0.625	402	0.729	1.714	
367	34	-7	4	2	-1	0	467	0.125	0.125	421	0.375	1.125	272	0.375	1.250	337	0.375	0.375	209	0.500	0.500	
368	25	-15	4	1	-1	0	456	0.375	0.375	124	0.530	0.530	323	0.625	0.625	192	0.625	0.750	250	0.625	0.625	
369	35	-7	4	1	-1	0	421	0.125	0.125	272	0.500	0.500	337	0.625	0.625	383	0.625	0.625	108	0.625	0.625	
370	33	-7	4	2	1	0	467	0.375	1.250	408	0.375	0.375	155	0.479	1.280	367	0.500	1.375	98	0.500	0.875	
371	31	-11	4	1	0	0	235	0.500	0.500	135	0.604	1.375	452	0.604	1.589	434	0.625	1.030	43	0.625	0.625	
372	29	-4	4	0	-1	0	216	0.375	0.375	305	0.375	1.375	443	0.375	0.375	358	0.375	0.375	96	0.375	1.125	
373	33	-20	4	2	1	0	336	0.125	0.125	199	0.375	1.250	465	0.500	1.125	147	0.559	1.589	295	0.625	0.875	
374	26	-4	4	1	-2	0	238	0.604	1.500	161	0.625	0.625	494	0.750	0.750	469	0.750	0.750	403	0.780	0.750	
375	35	-27	4	-1	2	1	181	0.479	1.405	174	0.625	0.625	396	0.729	1.589	400	1.125	1.104	156	1.250	0.979	
376	35	-10	4	1	0	0	401	0.250	0.250	307	0.375	0.375	248	0.625	0.625	134	0.875	0.875	366	0.875	0.750	
377	30	-11	4	2	1	0	212	0.250	0.250	371	0.375	1.250	235	0.479	1.280	450	0.500	0.500	399	0.625	0.625	
378	28	-14	4	-1	-1	0	466	0.125	0.125	285	0.250	0.250	497	0.354	1.280	489	0.375	0.375	112	0.375	0.375	
379	33	-5	4	0	1	0	240	0.375	0.375	395	0.375	0.375	406	0.625	0.780	36	0.729	1.375	455	0.750	0.905	
380	33	-9	4	1	-1	0	69	0.500	0.500	29	0.500	1.000	244	0.604	1.530	205	0.625	0.625	401	0.729	1.589	
381	29	-10	4	-2	1	0	349	0.375	1.375	493	0.500	1.250	146	0.625	0.625	28	0.780	0.750	80	0.875	1.250	
382	31	-15	4	1	0	0	261	0.250	1.125	143	0.375	1.000	211	0.375	0.375	423	0.500	1.000	340	0.500	0.500	
383	35	-6	4	1	0	0	483	0.250	0.250	421	0.500	0.500	229	0.625	0.625	53	0.625	0.625	272	0.625	0.625	
384	35	-24	4	-1	0	0	232	0.375	0.375	74	0.375	0.375	111	0.500	0.500	428	0.625	0.625	11	0.625	1.155	
385	33	-21	4	-1	2	1	309	0.250	0.250	336	0.500	1.250	204	0.604	1.155	448	0.625	0.625	373	0.625	1.125	
386	30	-14	4	0	-1	0	224	0.500	0.500	239	0.500	0.500	393	0.500	0.500	433	0.625	0.625	490	0.729	1.714	
387	29	-11	4	1	-1	0	121	0.250	0.250	16	0.500	0.500	212	0.500	1.000	21	0.530	0.530	377	0.625	1.250	
388	30	-10	4	0	-1	0	270	0.125	0.125	21	0.250	0.250	450	0.250	1.250	363	0.375	0.375	399	0.375	1.375	
389	27	-6	4	0	-1	1	93	0.125	0.125	315	0.250	1.250	144	0.375	1.375	300	0.500	0.500	52	0.750	1.375	
390	34	-12	4	-1	0	0	50	0.250	0.250	194	0.500	1.250	438	0.625	1.030	154	0.625	0.625	150	0.625	0.780	
391	26	-13	4	1	0	0	117	0.500	1.250	170	0.625	0.780	488	0.625	0.625	255	0.625	0.625	489	0.729	1.714	
392	35	-3	4	-2	1	1	56	0.500	0.500	484	0.500	1.000	90	0.625	0.625	332	0.625	0.875	89	0.729	1.464	
393	29	-14	4	-1	-2	4	27	0.375	1.125	432	0.479	1.375	386	0.500	0.500	123	0.500	1.000	489	0.625	0.625	
394	26	-5	4	-1	2	0	333	0.375	1.000	260	0.375	0.375	173	0.625	0.625	161	0.625	0.750	195	0.750	0.750	
395	33	-5	4	2	1	0	59	0.375	1.250	379	0.375	0.375	222	0.500	0.500	249	0.500	1.125	22	0.559	1.589	
396	34	-25	4	1	2	0	214	0.625	1.250	475	0.729	1.714	232	0.750	1.030	400	0.875	0.875	322	0.875	1.500	
397	33	-10	4	-1	2	1	243	0.125	0.125	188	0.250	0.250	417	0.375	0.375	366	0.500	0.500	213	0.625	0.625	
398	28	-13	4	1	2	0	91	0.479	1.375	49	0.625	0.625	64	0.625	0.625	177	0.625	0.875	478	0.684	1.714	
399	30	-11	4	0	-1	1	450	0.125	0.125	342	0.250	1.125	212	0.375	0.375	359	0.500	0.500	187	0.625	1.155	
400	34	-26	4	2	-1	0	156	0.125	0.125	288	0.500	0.875	45	0.750	0.750	214	0.750	0.655	396	0.875	0.875	
401	35	-10	4	1	1	0	376	0.250	0.250	366	0.625	0.625	307	0.625	0.625	51	0.750	1.125	435	0.750	1.250	
402	35	-8	4	2	1	0	234	0.125	0.125	134	0.250	0.250	421	0.625	0.625	38	0.750	0.750	369	0.750	0.750	
403	27	-3	4	1	-2	0	115	0.375	0.375	494	0.375	1.000	128	0.479	1.280	411	0.604	1.280	479	0.625	0.625	
404	31	-5	4	-1	-1	2	439	0.125	0.125	268	0.354	1.405	458	0.500	1.375	26	0.500	0.500	462	0.530	0.530	
405	22	-14	4	-2	1	0	207	0.125	0.125	151	0.479	1.500	15	0.500	0.875	278	0.625	0.750	241	0.625	0.625	
406	34	-4	4	-1	1	0	414	0.125	0.125	242	0.125	0.125	332	0.500	1.000	326	0.500	0.500	327	0.604	1.155	
407	33	-19	4	-1	0	0	139	0.125	0.125	76	0.375	0.375	472	0.500	0.500	271	0.500	0.500	473	0.625	0.780	
408	33	-7	4	0	1	0	168	0.375	0.375	370	0.375	0.375	130	0.500	0.500	98	0.500	0.500	84	0.500	1.250	
409	35	-20	4	-2	-1	2	40	0.375	0.375	357	0.479	1.405	1	0.479	1.375	230	0.500	0.500	282	0.625	1.250	
410	31	-5	4	2	-1	0	26	0.125	0.125	20	0.479	1.500	344	0.500	0.500	331	0.500	0.500	102	0.604	1.375	
411	28	-4	4	2	1	0	491	0.375	0.375	104	0.479	1.280	128	0.500	0.500	358	0.625	0.625	131	0.684	1.714	
412	35	-14	4	-1	1	0	284	0.125	0.125	339	0.375	0.375	499	0.500	1.000	438	0.604	1.839	150	0.604	1.589	
413	35	-25	4	-1	-1	0	111	0.125	0.125	288	0.500	1.250	214	0.500	0.500	384	0.625	0.625	45	0.854	1.589	
414	34	-4	4	-2	1	2	406	0.125	0.125	242	0.250	0.250	326	0.375	0.375	89	0.375	1.250	332	0.625	0.875	
415	28	-15	4	-1	-2	0	432	0.375	0.375	27	0.625	0.625	72	0.625	0.625	285	0.750	0.750	123	0.750	0.625	
416	33	-17	4	-1	1	0	166	0.125	0.125	9	0.354	1.405	63	0.500	1.375	76	0.625	0.625	133	0.625	1.125	
417	33	-10	4	-1	0	0	188	0.125	0.125	243	0.250	0.250	325	0.250	1.125	397	0.375	0.375	201	0.500	0.500	
418	35	-16	4	0	-1	2	2	0.375	0.375	46	0.500	0.500	157	0.500	0.875	236	0.604	1.589	468	0.625	1.030	
419	32	-20	4	2	-1	0	425	0.125	0.125	373	0.375	1.375	289	0.479	1.530	159	0.500	0.500	336	0.500	1.250	
420	32	-13	4	2	-1	0	311	0.250	0.250	208	0.375	0.375	153	0.375	1.250	12	0.479	1.500	329	0.500	0.875	
421	35	-7	4	2	-1	0	369	0.125	0.125	272	0.375	0.375	383	0.500	0.500	134	0.625	0.625	402	0.625	0.625	
422	33	-15	4	-1	2	0	227	0.250	0.250	231	0.500	1.125	474	0.500	0.500	423	0.625	0.625	259	0.625	0.625	
423	32	-15	4	1	2	0	259	0.250	0.250	200	0.375	0.375	231	0.604	1.500	211	0.625	0.625	261	0.625	0.625	
424	31	-14	4	-1	0	0	427	0.125	0.125	253	0.125	0.125	224	0.375	0.375	149	0.500	0.500	123	0.604	1.839	
425	32	-20	4	1	0	0	419	0.125	0.125	373	0.250	1.250	451	0.375	0.375	460	0.375	0.375	336	0.375	1.125	
426	26	-14	4	-2	-1	3	0	0.125	0.125	456	0.479	1.500	250	0.479	1.280	360	0.500	1.000	192	0.750	1.125	
427	31	-14	4	-2	-1	15	424	0.125	0.125	224	0.250	0.250	253	0.250	0.250	142	0.559	1.589	149	0.625	0.625	
428	35	-23	4	-1	-1	0	11	0.500	1.250	453	0.625	0.625	317	0.625	1.375	384	0.750	0.625	475	0.750	0.750	
429	23	-15	4	1	-1	0	101	0.375	0.375	124	0.479	1.530	323	0.625	0.625	39	0.655	0.655	178	0.750	1.250	
430	25	-5	4	2	1	0	173	0.250	0.250	494	0.684	1.464	93	0.729	1.604	274	0.780	0.780	389	0.854	1.479	
431	24	-13	4	1	0	0	13	0.500	0.500	245	0.625	0.625	186	0.729	1.714	113	0.750	0.750	88	0.750	0.625	
432	28	-15	4	-1	0	0	415	0.375	0.375	497	0.375	1.375	285	0.375	0.375	112	0.500	0.500	17	0.500	0.500	
433	30	-14	4	2	1	0	239	0.125	0.125	141	0.375	1.000	449	0.479	1.500	262	0.500	0.500	420	0.559	1.589	
434	32	-12	4	1	0	0	321	0.250	1.250	135	0.375	0.375	24	0.375	1.000	452	0.375	1.375	77	0.500	1.000	
435	35	-9	4	-1	2	2	51	0.375	0.375	234	0.375	1.250	198	0.479	1.500	402	0.500	1.125	98	0.559	1.589	
436	27	-4	4	-2	1	0	351	0.125	0.125	161	0.375	1.250	333	0.375	1.000	260	0.750	0.905	491	0.750	0.750	
437	30	-5	4	1	2	0	458	0.375	0.375	87	0.479	1.280	331	0.479	1.375	457	0.500	0.875	152	0.500	1.125	
438	33	-13	4	-1	0	0	150	0.250	0.250	23	0.375	0.375	194	0.500	0.500	180	0.500	0.500	350	0.500	1.250	
439	31	-5	4	-2	-1	7	404	0.125	0.125	264	0.375	1.000	458	0.375	1.250	268	0.479	1.500	246	0.500	0.500	
440	32	-7	4	1	0	0	54	0.125	0.125	341	0.250	0.250	370	0.250	1.250	4	0.375	0.375	209	0.604	1.589	
441	34	-14	4	0	1	0	499	0.375	0.375	284	0.500	0.500	339	0.500	0.500	361	0.625	1.280	412	0.625	0.625	
442	31	-9	4	-1	0	0	28	0.250	1.250	191	0.375	1.000	100	0.375	0.375	18	0.500	0.500	119	0.625	1.030	
443	30	-4	4	0	-1	1	264	0.250	1.125	328	0.375	1.375	372	0.375	0.375	334	0.500	0.500	221	0.625	0.625	
444	34	-17	4	-1	-2	13	468	0.125	0.125	76	0.479	1.375	58	0.500	0.500	365	0.500	0.500	271	0.604	1.280	
445	29	-6	4	1	-1	0	353	0.354	1.405	257	0.375	0.375	71	0.604	1.155	52	0.655	0.655	47	0.729	1.714	
446	24	-16	4	-2	-1	16	178	0.500	0.875	324	0.500	1.125	124	0.625	0.625	67	0.854	1.604	343	0.875	0.875	
447	30	-10	4	-2	1	0	119	0.125	0.125	363	0.250	0.250	146	0.479	1.280	359	0.500	0.500	381	0.500	1.125	
448	33	-21	4	-1	-1	0	289	0.375	0.375	106	0.500	0.500	1	0.625	0.625	385	0.625	0.625	159	0.655	0.655	
449	31	-13	4	1	2	0	434	0.479	1.375	5	0.500	0.500	310	0.500	1.375	149	0.500	0.500	223	0.500	1.125	
450	30	-11	4	1	-2	0	399	0.125	0.125	212	0.250	0.250	342	0.375	1.250	377	0.500	0.500	359	0.625	0.625	
451	32	-20	4	1	2	0	204	0.125	0.125	425	0.375	0.375	295	0.479	1.280	419	0.500	0.500	460	0.625	0.750	
452	33	-12	4	1	0	0	321	0.125	0.125	24	0.375	0.375	92	0.375	0.375	77	0.375	0.375	154	0.500	1.000	
453	35	-22	4	-1	0	0	286	0.375	1.375	486	0.500	0.500	225	0.625	0.625	317	0.625	0.780	357	0.625	0.780	
454	34	-22	4	0	1	0	290	0.250	1.250	486	0.375	0.375	286	0.500	0.500	176	0.500	0.500	385	0.604	1.155	
455	32	-4	4	2	1	0	327	0.479	1.500	345	0.500	1.375	30	0.559	1.589	249	0.729	1.604	320	0.750	0.750	
456	25	-15	4	-1	-2	2	250	0.250	0.250	368	0.375	0.375	323	0.500	0.500	461	0.500	0.500	446	0.604	1.500	
457	30	-4	4	2	1	0	334	0.125	0.125	152	0.250	0.250	331	0.375	1.250	221	0.375	1.250	226	0.375	1.000	
458	30	-5	4	-1	1	0	437	0.375	0.375	216	0.479	1.155	264	0.500	0.500	457	0.625	1.250	328	0.750	0.750	
459	24	-4	4	-1	-1	4	138	0.125	0.125	471	0.500	0.875	125	0.750	0.750	283	0.875	0.655	430	0.979	1.125	
460	32	-19	4	1	0	0	425	0.375	0.375	295	0.500	1.000	419	0.500	0.500	6	0.604	1.375	199	0.604	1.839	
461	26	-15	4	0	-1	1	192	0.125	0.125	456	0.500	0.500	368	0.625	0.625	323	0.750	0.750	250	0.750	0.750	
462	32	-6	4	-1	-1	0	68	0.125	0.125	102	0.250	0.250	20	0.375	0.375	116	0.500	0.500	476	0.500	0.500	
463	35	-5	4	1	-2	0	229	0.125	0.125	483	0.375	1.000	249	0.625	0.625	53	0.625	0.625	383	0.625	0.750	
464	22	-14	4	2	-1	0	60	0.125	0.125	163	0.625	0.625	127	0.729	1.280	431	0.729	1.464	254	0.750	0.750	
465	34	-20	4	2	1	0	199	0.375	0.375	164	0.500	0.500	356	0.625	0.625	269	0.854	1.280	176	0.875	0.875	
466	28	-14	4	-1	-2	4	378	0.125	0.125	489	0.250	0.250	415	0.375	1.125	285	0.375	0.375	497	0.479	1.375	
467	34	-7	4	1	0	0	367	0.125	0.125	369	0.250	1.125	98	0.375	0.375	209	0.375	0.375	272	0.375	1.125	
468	34	-17	4	0	-1	0	444	0.125	0.125	365	0.375	0.375	407	0.604	1.589	472	0.604	1.589	58	0.625	0.625	
469	26	-3	4	1	0	0	158	0.125	0.125	403	0.375	1.000	115	0.375	1.375	358	0.604	1.589	479	0.625	0.625	
470	23	-3	4	-1	2	3	283	0.500	0.500	319	0.625	0.625	316	0.625	0.625	210	0.875	0.875	471	1.000	1.000	
471	23	-4	4	-1	-1	4	283	0.750	0.625	125	1.000	1.125	470	1.000	1.000	319	1.125	0.750	316	1.155	0.979	
472	33	-19	4	0	-1	1	139	0.375	0.375	407	0.500	0.500	356	0.729	1.714	199	0.750	1.280	419	0.750	0.905	
473	32	-18	4	-1	-1	0	206	0.125	0.125	139	0.655	0.655	460	0.750	1.125	407	0.780	0.625	160	0.780	0.625	
474	33	-15	4	-2	-1	13	200	0.375	1.250	422	0.500	0.500	259	0.500	1.125	23	0.500	0.500	280	0.625	0.625	
475	35	-23	4	0	1	0	486	0.250	1.375	453	0.500	0.875	322	0.500	0.500	145	0.625	1.625	317	0.625	0.625	
476	32	-6	4	1	-1	0	20	0.125	0.125	102	0.250	0.250	4	0.250	0.250	370	0.479	1.155	462	0.500	0.500	
477	28	-13	4	-1	-1	0	481	0.125	0.125	378	0.500	0.875	426	0.604	1.714	49	0.625	1.250	489	0.625	1.250	
478	29	-11	4	0	1	0	16	0.250	0.250	381	0.375	1.000	364	0.500	0.500	121	0.500	0.500	493	0.750	1.250	
479	26	-3	4	-1	-2	3	175	0.250	0.250	158	0.500	0.500	374	0.500	1.375	469	0.625	0.625	403	0.625	0.625	
480	21	-14	4	1	2	0	61	0.125	0.125	15	0.250	0.250	151	0.375	1.375	163	0.604	1.280	278	0.750	0.905	
481	28	-13	4	-1	-2	4	477	0.125	0.125	378	0.375	1.000	466	0.500	1.125	489	0.500	1.375	285	0.625	0.750	
482	34	-17	4	1	2	0	94	0.375	1.250	247	0.479	1.405	58	0.500	0.500	99	0.500	1.125	218	0.625	1.000	
483	35	-6	4	1	-1	0	383	0.250	0.250	346	0.625	0.625	369	0.625	0.875	108	0.625	1.250	367	0.655	0.655	
484	34	-3	4	-1	1	0	332	0.125	0.125	30	0.875	0.875	326	0.875	0.875	89	1.000	0.780	327	1.030	0.750	
485	28	-12	4	1	-2	0	477	0.375	1.250	481	0.500	1.375	393	0.559	1.589	177	0.604	1.280	355	0.625	0.625	
486	35	-22	4	0	1	0	75	0.250	1.375	454	0.375	0.375	145	0.375	1.250	453	0.500	0.500	282	0.604	1.589	
487	34	-15	4	2	1	0	32	0.250	0.250	79	0.500	0.500	284	0.604	1.280	339	0.604	1.500	294	0.625	0.625	
488	26	-13	4	-1	2	0	3	0.125	0.125	186	0.500	1.375	391	0.625	0.625	49	0.625	0.625	118	0.625	1.125	
489	28	-14	4	1	-2	0	466	0.250	0.250	378	0.375	0.375	415	0.375	1.375	273	0.500	0.500	285	0.625	0.625	
490	31	-16	4	1	-2	0	496	0.125	0.125	340	0.250	0.250	318	0.500	0.500	261	0.655	0.655	206	0.729	1.589	
491	28	-4	4	0	1	0	193	0.375	0.375	411	0.375	0.375	115	0.875	0.875	128	0.875	0.875	436	0.875	0.750	
492	32	-7	4	-2	1	1	130	0.250	0.250	73	0.604	1.375	68	0.625	0.625	341	0.625	0.625	47	0.729	1.604	
493	28	-10	4	-1	-1	0	349	0.125	0.125	85	0.250	0.250	148	0.750	0.750	170	0.854	1.589	121	0.854	1.250	
494	27	-4	4	1	-1	0	411	0.625	1.250	115	0.625	0.625	358	0.625	0.625	491	0.750	1.125	128	0.750	0.750	
495	35	-4	4	1	0	0	22	0.125	0.125	167	0.375	0.375	203	0.375	0.375	53	0.625	0.625	229	0.625	0.625	
496	31	-16	4	1	-1	0	340	0.125	0.125	490	0.125	0.125	318	0.375	0.375	261	0.530	0.530	382	0.625	0.625	
497	27	-15	4	-1	0	1	461	0.500	0.875	426	0.625	0.905	192	0.625	1.000	0	0.750	0.780	97	0.875	0.875	
498	33	-8	4	-1	2	1	7	0.125	0.125	408	0.375	1.250	130	0.479	1.280	370	0.500	1.125	168	0.500	0.875	
499	34	-14	4	-2	1	0	23	0.375	1.250	441	0.375	0.375	350	0.559	1.589	267	0.625	0.625	438	0.750	1.155	
