# states in shortest path from s to t
10

# shortest path from s to t
27	10	4	-1	1
26	11	4	-1	1
25	12	4	-1	1
24	13	4	-1	1
23	14	4	-1	1
22	15	4	-1	1
21	16	4	-1	1
20	17	4	-1	1
19	18	4	-1	2
18	20	4	-1	1

# cost of shortest path
3.387

# Line i represents a sample taken at time i. The sample corresponds to a discrete state.
# Line Format: [sample ID] [x] [y] [z] [x-component of yaw] [y-component of yaw] [U: marginal coverage]
#              [sample ID of nearest neighbor 1] [shortest path cost to nearest neighbor 1] [shortest path cost from nearest neighbor 1]
#              ...
#              [sample ID of nearest neighbor k] [shortest path cost to nearest neighbor k] [shortest path cost from nearest neighbor k]
0	23	0	4	-1	1	15	92	0.479	1.280	381	0.625	0.625	236	0.625	1.250	130	0.964	0.964	34	1.104	1.589	
1	18	11	4	1	1	106	496	0.125	0.125	424	0.250	0.250	257	0.479	1.405	111	0.750	1.250	299	0.979	1.832	
2	22	3	4	1	-2	78	69	0.250	0.250	8	0.729	1.604	356	0.750	0.905	34	0.875	1.125	381	1.104	1.375	
3	27	21	4	1	-2	51	392	0.250	0.250	233	0.500	0.500	65	0.559	1.589	114	0.625	0.625	484	0.684	1.714	
4	31	5	4	2	1	50	133	0.375	1.250	276	0.375	0.375	340	0.625	1.625	250	0.750	0.750	289	0.875	1.030	
5	33	5	4	1	1	6	88	0.375	0.375	442	0.500	0.875	340	0.500	0.500	29	0.854	1.339	370	0.854	1.589	
6	14	12	4	2	1	19	10	0.125	0.125	70	0.479	1.280	89	0.500	1.125	365	0.559	1.589	100	0.625	0.875	
7	24	15	4	-1	-1	178	457	0.250	0.250	473	0.500	1.375	210	0.604	1.155	341	0.625	1.250	43	0.750	0.750	
8	24	2	4	2	1	17	449	0.250	0.250	107	0.500	0.500	403	0.625	1.000	12	0.625	1.250	52	0.729	1.714	
9	27	17	4	0	1	31	394	0.125	0.125	71	0.250	0.250	222	0.500	0.500	417	0.604	1.250	488	0.750	0.750	
10	14	12	4	1	0	10	6	0.125	0.125	89	0.375	1.000	70	0.625	1.155	487	0.625	0.905	365	0.684	1.464	
11	27	16	4	0	1	13	394	0.250	1.250	71	0.250	1.125	290	0.375	0.375	9	0.375	1.375	131	0.604	1.250	
12	24	3	4	-1	1	2	107	0.750	0.750	356	1.000	1.030	357	1.125	1.125	495	1.214	0.979	449	1.250	0.375	
13	17	11	4	-1	-1	13	271	0.500	0.500	1	1.125	1.000	424	1.125	0.750	111	1.155	0.729	38	1.186	1.186	
14	35	15	4	1	1	16	492	0.500	0.500	184	0.500	0.500	372	0.625	0.625	128	0.854	1.589	282	0.875	0.875	
15	36	20	4	2	1	5	27	0.625	0.625	39	0.750	0.750	486	1.186	1.186	35	1.250	1.479	489	1.250	1.354	
16	16	19	4	0	-1	131	258	0.375	0.375	144	0.500	0.500	204	0.750	0.625	278	0.750	0.750	286	0.875	1.000	
17	20	17	4	1	-2	7	231	0.375	1.000	135	0.500	0.500	80	0.625	1.625	25	0.684	1.714	137	0.875	0.500	
18	29	4	4	-2	-1	102	125	0.375	1.000	345	0.479	1.500	292	0.500	1.375	23	0.750	0.750	121	0.809	1.339	
19	27	4	4	-1	-2	46	211	0.625	0.875	117	0.729	1.604	182	0.750	1.155	21	0.750	1.000	125	0.750	0.625	
20	31	3	4	-1	-2	35	68	0.625	0.625	350	0.625	1.000	459	0.750	0.750	248	0.780	0.750	315	0.875	1.280	
21	27	3	4	1	0	17	182	0.250	1.125	113	0.500	0.500	121	0.625	0.625	444	0.729	1.589	451	0.750	0.625	
22	15	12	4	-1	0	10	50	0.375	1.000	100	0.729	1.375	38	0.750	0.625	172	0.750	1.375	438	0.854	1.479	
23	29	3	4	-1	1	20	292	0.479	1.405	240	0.530	0.530	160	0.625	0.625	18	0.750	0.750	444	0.750	1.125	
24	21	11	4	1	2	16	165	0.125	0.125	72	0.479	1.530	421	0.500	0.500	483	0.500	0.500	168	0.750	0.625	
25	21	15	4	0	-1	13	209	0.604	1.589	80	0.750	0.625	326	0.875	0.750	186	0.875	0.875	142	0.875	1.125	
26	14	16	4	1	2	27	325	0.625	0.625	393	0.854	1.839	205	1.009	0.875	309	1.030	0.729	140	1.125	0.905	
27	36	20	4	0	-1	32	39	0.125	0.125	489	0.500	1.500	15	0.625	0.625	465	0.625	1.000	154	0.875	1.280	
28	30	1	4	-2	-1	24	67	0.655	0.655	362	0.750	0.750	64	0.979	1.832	139	1.000	1.250	251	1.000	1.000	
29	32	7	4	0	1	2	493	0.250	0.250	319	0.375	0.375	277	0.625	0.625	306	0.875	1.589	477	0.979	1.250	
30	33	4	4	1	1	0	259	0.500	0.500	148	0.500	0.500	442	0.604	1.530	5	0.625	0.875	88	0.750	0.750	
31	21	18	4	-2	-1	57	339	0.375	1.000	474	0.559	1.589	243	0.905	0.854	231	0.979	1.479	326	1.009	0.875	
32	26	2	4	-1	2	0	495	0.250	0.250	52	0.375	1.250	117	0.604	1.500	130	0.780	0.750	121	0.875	0.780	
33	33	13	4	-1	-2	18	377	0.500	0.500	369	0.500	0.500	145	0.604	1.500	422	0.750	0.655	461	0.875	0.875	
34	22	2	4	-1	1	4	92	1.155	0.250	12	1.250	1.030	381	1.280	0.604	107	1.354	1.354	8	1.384	1.375	
35	35	22	4	-1	1	15	55	0.250	0.250	467	0.500	0.500	228	0.500	0.500	320	0.604	1.589	45	0.655	0.655	
36	33	15	4	1	-2	4	123	0.375	1.250	377	0.729	1.464	171	0.839	0.839	284	0.875	1.405	427	0.875	1.000	
37	29	24	4	0	-1	50	132	0.125	0.125	443	0.375	1.375	86	0.604	1.589	266	0.604	1.589	206	0.604	1.250	
38	15	13	4	-1	-2	3	89	0.500	1.375	487	0.500	0.500	134	0.625	1.250	103	0.625	0.625	389	0.729	1.589	
39	36	20	4	-1	-2	19	27	0.125	0.125	489	0.625	1.375	465	0.750	0.875	431	0.934	2.082	45	1.104	1.354	
40	15	18	4	-1	-2	104	445	0.479	1.155	274	0.625	0.875	296	0.750	0.750	286	0.875	0.875	376	0.875	0.750	
41	31	18	4	-1	-1	1	194	0.375	0.375	214	0.625	1.250	116	0.854	1.589	242	0.979	1.714	436	0.979	1.839	
42	35	5	4	-1	-1	45	105	0.479	1.530	104	0.479	1.280	259	0.604	1.589	54	0.625	0.625	97	0.625	1.125	
43	24	16	4	-2	1	8	454	0.750	1.250	186	0.854	1.280	253	0.875	1.405	7	0.875	0.750	177	0.934	1.375	
44	25	20	4	1	0	14	155	0.500	0.500	147	0.604	1.589	335	0.604	1.839	303	0.625	1.155	114	0.750	0.905	
45	34	21	4	-1	2	4	452	0.125	0.125	448	0.375	0.375	486	0.500	1.250	187	0.625	0.625	316	0.729	1.604	
46	35	5	4	1	1	0	54	0.375	0.375	442	0.875	0.500	370	0.979	1.589	97	1.125	1.125	5	1.250	0.750	
47	34	6	4	-1	0	5	368	0.250	1.125	97	0.375	0.375	291	0.604	1.375	370	0.625	0.625	277	0.625	1.280	
48	28	18	4	1	-1	7	417	0.250	0.250	112	0.500	1.375	488	0.530	0.530	256	0.604	1.714	131	0.625	0.625	
49	28	13	4	-1	0	7	272	0.729	1.375	75	0.750	0.905	93	0.809	2.082	397	0.875	0.500	423	0.875	1.125	
50	14	12	4	-1	-2	21	89	0.625	0.625	10	0.625	0.625	172	0.750	1.250	6	0.750	0.750	389	0.875	0.875	
51	22	19	4	1	2	16	243	0.375	0.375	318	0.729	1.589	358	0.854	1.464	202	0.979	1.214	371	1.009	0.875	
52	26	3	4	1	1	1	113	0.750	0.625	21	0.750	1.125	478	0.875	0.875	117	1.000	1.000	451	1.000	1.030	
53	35	3	4	1	2	1	439	0.375	1.250	460	0.500	1.125	97	0.729	1.479	54	0.750	1.750	105	0.875	1.125	
54	35	5	4	-1	2	0	46	0.375	0.375	47	0.604	1.375	42	0.625	0.625	370	0.729	1.714	97	0.750	1.000	
55	35	22	4	0	1	0	228	0.250	0.250	35	0.250	0.250	486	0.625	0.625	45	0.905	0.729	466	0.964	0.964	
56	26	18	4	-1	1	2	155	0.854	1.155	308	0.875	1.030	101	0.913	2.229	300	0.957	1.875	147	0.979	1.250	
57	33	16	4	0	-1	14	36	0.250	1.250	116	0.625	0.625	377	0.854	2.125	461	0.934	1.832	123	0.979	1.500	
58	22	21	4	1	-1	6	318	0.604	1.714	190	0.750	0.625	358	0.750	1.125	202	1.038	2.104	44	1.104	2.104	
59	27	1	4	-1	-1	5	157	0.500	1.375	170	0.625	1.250	312	0.750	1.125	64	0.750	1.125	32	1.000	1.155	
60	30	22	4	-2	1	11	269	0.500	1.125	76	0.625	1.625	280	0.750	0.905	206	0.875	1.125	149	0.875	0.750	
61	22	0	4	0	-1	3	239	0.125	0.125	0	1.125	0.750	236	1.125	1.155	381	1.250	0.604	449	1.479	1.479	
62	29	7	4	1	-1	6	216	0.479	1.280	402	0.750	1.250	250	0.854	1.589	133	0.957	2.354	248	1.104	1.832	
63	27	15	4	0	-1	14	499	0.604	1.839	342	0.625	0.625	397	0.625	1.030	225	0.729	1.714	314	0.780	0.780	
64	27	0	4	0	-1	14	157	0.250	0.250	312	0.500	0.500	185	0.875	0.875	428	1.000	1.125	78	1.000	0.884	
65	28	19	4	-1	-2	9	484	0.125	0.125	90	0.250	0.250	48	0.375	1.250	417	0.625	1.000	488	0.684	1.464	
66	12	14	4	1	0	3	379	0.250	0.250	414	0.625	0.625	309	0.729	1.375	453	0.750	1.125	94	0.875	0.875	
67	31	0	4	-1	-1	2	362	0.625	0.875	28	0.875	0.655	139	1.104	1.229	251	1.229	0.979	78	1.339	1.250	
68	30	3	4	1	-2	12	350	0.479	1.375	20	0.625	0.625	315	0.729	1.589	23	0.875	1.125	67	0.934	1.832	
69	22	3	4	2	-1	0	2	0.250	0.250	8	0.559	1.589	449	0.809	1.339	403	0.979	1.832	356	1.000	1.155	
70	15	13	4	2	1	0	487	0.250	0.250	103	0.500	1.125	365	0.500	1.375	98	0.625	0.625	223	0.729	1.714	
71	27	17	4	-1	1	0	9	0.250	0.250	394	0.375	0.375	56	0.604	1.530	330	0.750	0.750	314	0.875	1.030	
72	22	12	4	2	1	4	430	0.375	0.375	218	0.684	1.464	323	0.875	0.875	297	0.875	0.750	421	1.030	0.729	
73	16	18	4	-1	2	5	278	0.500	1.000	286	0.604	1.500	393	0.625	0.625	40	0.750	1.250	355	0.875	1.375	
74	16	15	4	-2	1	11	337	0.500	1.125	267	0.625	1.625	232	0.625	0.625	447	0.750	0.750	205	0.750	1.000	
75	27	12	4	-2	1	5	475	0.479	1.375	429	0.625	0.625	499	0.750	0.905	225	0.875	1.030	179	0.875	0.875	
76	28	22	4	-1	-1	0	245	0.125	0.125	86	0.250	0.250	266	0.250	0.250	270	0.500	1.000	494	0.530	0.530	
77	35	9	4	0	-1	16	95	0.125	0.125	219	0.375	1.250	151	0.625	1.375	122	0.625	0.625	275	0.625	1.000	
78	29	0	4	-1	-1	4	491	0.875	0.905	391	0.875	0.655	64	1.000	1.000	226	1.155	0.729	428	1.207	1.582	
79	34	12	4	-1	0	1	422	0.250	0.250	153	0.375	0.375	388	0.750	0.905	33	0.750	0.905	188	0.750	1.000	
80	20	15	4	-1	-1	4	480	0.500	1.375	142	0.500	0.500	224	0.604	1.714	25	0.625	0.625	141	0.979	1.214	
81	26	11	4	2	1	0	143	0.500	0.500	262	0.625	0.875	127	0.625	1.375	481	0.655	0.655	429	0.750	1.405	
82	29	15	4	-2	1	3	241	0.125	0.125	265	0.375	0.375	342	0.375	1.250	330	0.559	1.589	485	0.625	0.625	
83	27	23	4	-1	1	4	494	0.500	0.500	270	0.750	0.750	479	0.750	0.625	76	1.030	0.854	245	1.155	0.729	
84	18	17	4	2	1	1	464	0.125	0.125	137	0.500	1.375	384	0.500	1.125	420	0.500	0.500	474	1.000	1.000	
85	28	8	4	1	-2	0	255	0.250	0.250	387	0.500	0.500	441	0.625	0.875	402	0.809	1.339	196	0.934	2.229	
86	28	22	4	0	-1	6	76	0.250	0.250	245	0.375	0.375	266	0.500	0.500	392	0.750	0.905	3	0.750	0.905	
87	30	13	4	-1	2	5	485	0.604	1.500	241	0.729	1.714	396	0.875	1.030	322	0.875	1.280	167	0.875	1.000	
88	33	5	4	2	-1	2	340	0.125	0.125	5	0.375	0.375	442	0.375	1.250	291	0.500	0.500	104	0.604	1.375	
89	15	12	4	1	-2	0	50	0.625	0.625	22	0.625	0.625	103	0.780	0.750	487	0.875	0.625	70	0.875	0.875	
90	28	19	4	1	-2	1	484	0.125	0.125	65	0.250	0.250	48	0.375	1.000	446	0.625	0.625	417	0.625	0.750	
91	25	12	4	1	-2	2	81	0.604	1.280	481	0.625	0.625	163	0.750	0.750	344	0.750	0.750	143	0.750	1.000	
92	22	1	4	0	1	0	34	0.250	1.125	236	0.750	0.750	8	1.104	1.464	69	1.104	1.375	356	1.125	0.854	
93	25	14	4	-2	1	0	366	0.500	0.500	378	0.729	1.589	7	0.750	0.905	186	0.809	1.339	341	0.854	1.589	
94	12	15	4	0	1	2	414	0.250	0.250	106	0.500	0.500	309	0.500	0.500	178	0.750	0.750	325	0.854	1.155	
95	35	9	4	-1	-2	2	77	0.125	0.125	219	0.500	1.125	328	0.655	0.655	151	0.750	1.250	122	0.750	0.750	
96	35	1	4	-2	-1	22	244	0.375	1.375	434	0.375	0.375	311	0.500	1.125	349	0.750	0.750	173	0.750	1.250	
97	34	5	4	-1	0	0	291	0.375	1.000	47	0.375	0.375	368	0.625	0.780	259	0.625	0.780	442	0.750	0.750	
98	15	14	4	2	-1	0	103	0.479	1.500	365	0.479	1.280	140	0.500	0.500	70	0.625	0.625	487	0.625	0.625	
99	35	0	4	-1	2	2	244	0.479	1.500	173	0.750	0.750	96	0.750	0.875	203	0.750	1.500	311	0.875	1.280	
100	14	13	4	1	2	3	134	0.375	0.375	438	0.500	1.125	98	0.604	1.280	487	0.625	1.125	70	0.625	0.875	
101	24	21	4	-1	2	1	400	0.750	0.750	343	0.979	1.214	358	1.000	0.625	318	1.125	0.625	243	1.186	1.186	
102	28	1	4	2	1	0	226	0.250	0.250	139	0.479	1.500	185	0.500	0.500	251	0.500	1.125	240	0.625	1.250	
103	16	13	4	1	-2	0	365	0.250	0.250	470	0.375	0.375	174	0.500	0.500	38	0.625	0.625	13	0.684	1.464	
104	34	4	4	0	-1	14	105	0.250	0.250	148	0.625	0.625	367	0.625	1.155	471	0.750	1.280	349	0.809	1.979	
105	34	4	4	-1	-1	2	104	0.250	0.250	367	0.354	1.405	471	0.479	1.530	259	0.500	1.375	97	0.625	0.625	
106	13	15	4	1	2	0	309	0.250	0.250	325	0.375	1.125	178	0.500	0.500	94	0.500	0.500	26	0.750	1.280	
107	24	3	4	1	0	0	8	0.500	0.500	403	0.604	1.250	12	0.750	0.750	449	0.750	0.625	357	1.000	0.875	
108	31	10	4	2	1	3	440	0.375	1.000	408	0.684	1.464	385	0.750	0.655	252	0.809	1.339	409	0.839	0.839	
109	29	11	4	-1	1	0	285	0.625	1.125	398	0.750	0.750	246	0.780	0.625	272	0.913	1.979	75	0.979	1.714	
110	29	5	4	2	-1	0	181	0.250	0.250	287	0.375	1.250	196	0.375	0.375	472	0.375	1.250	444	0.500	0.500	
111	18	12	4	-2	1	6	118	0.625	0.625	166	0.854	1.839	470	0.854	1.464	13	0.854	1.155	424	1.000	0.375	
112	29	18	4	1	1	17	446	0.530	0.530	156	0.625	1.250	119	0.729	1.714	175	0.854	1.839	162	0.979	1.714	
113	27	3	4	0	1	0	121	0.125	0.125	160	0.375	0.375	21	0.500	0.500	52	0.625	0.625	478	0.625	0.780	
114	26	21	4	1	-2	2	3	0.625	0.625	392	0.625	0.875	335	0.729	1.714	308	0.729	1.714	233	0.750	1.125	
115	20	16	4	-1	2	0	135	0.500	1.125	474	0.604	1.500	124	0.625	0.625	480	0.655	0.655	384	0.875	1.030	
116	32	16	4	1	-1	0	36	0.354	1.405	57	0.625	0.625	273	0.750	0.750	264	0.780	0.625	123	0.854	1.589	
117	25	3	4	-2	1	2	12	0.375	1.000	357	1.000	1.375	52	1.000	1.000	211	1.030	0.604	356	1.125	1.714	
118	18	13	4	-2	1	1	199	0.604	1.375	111	0.625	0.625	470	0.625	1.625	224	0.625	0.625	404	0.750	0.905	
119	30	20	4	-1	2	2	162	0.250	0.250	321	0.375	0.375	280	0.479	1.375	310	0.500	0.500	183	0.750	0.750	
120	35	14	4	-1	-2	15	153	0.604	1.375	229	0.625	0.875	422	0.729	1.714	284	0.750	0.750	369	0.854	1.604	
121	27	3	4	-1	2	0	113	0.125	0.125	160	0.500	0.500	211	0.604	1.280	21	0.625	0.625	478	0.750	0.905	
122	34	9	4	1	-1	0	219	0.604	1.155	77	0.625	0.625	353	0.655	0.655	95	0.750	0.750	159	0.854	1.250	
123	33	14	4	-1	-1	1	377	0.479	1.280	33	0.625	1.000	153	0.780	0.625	284	0.875	0.875	461	1.000	1.155	
124	21	16	4	-1	2	0	326	0.375	0.375	234	0.375	1.250	115	0.625	0.625	142	0.655	0.655	474	0.729	1.589	
125	28	4	4	-1	-1	1	292	0.375	0.375	182	0.625	1.375	345	0.750	1.000	19	0.750	0.750	451	0.854	1.589	
126	31	13	4	2	1	8	189	0.479	1.280	288	0.500	0.500	322	0.625	0.625	427	0.729	1.714	192	0.750	1.250	
127	27	11	4	2	-1	0	262	0.500	0.500	437	0.500	1.250	429	0.750	0.750	179	0.750	0.625	285	0.854	1.479	
128	34	17	4	-1	1	0	435	0.750	1.250	363	0.854	1.589	57	0.979	1.250	215	1.000	1.500	41	1.104	1.707	
129	33	20	4	-2	1	0	295	0.625	0.625	466	0.625	0.875	406	0.854	1.250	361	0.875	1.405	486	0.979	1.464	
130	25	1	4	-1	2	0	170	0.625	0.625	12	0.729	1.714	356	0.854	1.479	8	0.875	1.030	32	0.875	0.780	
131	28	17	4	1	0	0	417	0.375	0.375	48	0.625	0.625	112	0.625	1.280	156	0.854	1.479	9	0.875	0.750	
132	29	24	4	-1	-2	8	37	0.125	0.125	443	0.375	1.250	206	0.729	1.375	245	0.729	1.589	76	0.854	1.714	
133	32	5	4	1	-1	0	5	0.500	1.375	88	0.500	1.000	148	0.604	1.530	497	0.625	0.625	340	0.625	0.875	
134	14	13	4	-1	1	0	100	0.375	0.375	172	0.655	0.655	106	0.729	1.714	438	0.750	1.250	389	0.875	0.905	
135	20	17	4	2	1	0	234	0.375	1.000	17	0.500	0.500	360	0.839	0.839	25	0.979	1.464	231	1.000	0.750	
136	23	18	4	2	-1	8	220	0.250	0.250	202	0.375	1.250	155	0.729	1.589	307	0.780	0.750	454	0.875	1.030	
137	19	17	4	2	-1	0	384	0.250	0.250	17	0.500	0.875	135	0.500	1.375	176	0.839	0.839	490	0.979	1.229	
138	36	18	4	1	-1	0	489	0.500	0.500	431	1.000	1.030	154	1.030	0.854	207	1.214	0.979	465	1.250	0.875	
139	29	2	4	1	2	0	23	0.375	1.250	292	0.729	1.604	160	0.750	0.905	251	0.875	0.625	472	0.934	2.082	
140	15	15	4	1	0	0	447	0.375	1.000	98	0.500	0.500	205	0.604	1.250	337	0.625	0.625	213	0.854	1.957	
141	18	16	4	-2	-1	3	390	0.250	0.250	338	0.479	1.280	490	0.500	0.500	476	0.500	1.125	74	0.559	1.589	
142	20	15	4	-1	1	0	480	0.500	0.875	80	0.500	0.500	115	0.500	1.000	299	0.655	0.655	141	0.729	1.714	
143	26	12	4	1	0	0	179	0.250	1.125	429	0.375	1.125	81	0.500	0.500	127	0.625	1.155	262	0.750	0.905	
144	17	19	4	-1	-2	1	258	0.125	0.125	16	0.500	0.500	355	0.625	0.625	278	0.625	1.250	420	0.729	1.375	
145	32	12	4	-2	-1	7	456	0.479	1.500	193	0.604	1.375	87	0.729	1.604	109	0.934	1.832	377	1.000	0.375	
146	33	22	4	2	-1	5	455	0.375	1.000	486	0.375	1.250	448	0.750	0.905	217	1.000	0.780	333	1.030	0.729	
147	27	19	4	1	0	0	335	0.250	0.250	90	0.375	1.000	446	0.375	1.125	417	0.625	1.030	48	0.729	1.280	
148	33	4	4	1	-1	0	191	0.354	1.280	471	0.500	1.375	30	0.500	0.500	367	0.625	1.250	104	0.625	0.625	
149	30	23	4	-1	-2	17	443	0.500	0.500	269	0.604	1.280	206	0.625	0.625	266	0.729	1.714	60	0.750	0.875	
150	25	0	4	1	0	0	170	0.729	1.375	411	0.750	0.625	226	0.809	2.000	32	0.854	1.479	130	0.875	1.000	
151	35	7	4	-2	-1	6	47	0.479	1.155	370	0.500	1.250	275	0.625	0.625	368	0.729	1.714	433	0.875	0.750	
152	22	14	4	-1	2	0	164	0.500	1.375	450	0.625	0.625	364	0.655	0.655	80	0.854	1.479	326	0.854	1.464	
153	34	13	4	-1	0	0	369	0.250	1.250	33	0.375	1.000	79	0.375	0.375	229	0.500	0.500	188	0.625	0.625	
154	35	19	4	-1	-1	0	489	0.530	0.530	215	0.750	1.125	207	0.750	0.750	431	0.875	1.250	129	0.979	1.464	
155	25	19	4	2	1	0	303	0.500	1.375	44	0.500	0.500	351	0.625	0.625	335	0.625	1.625	371	0.750	0.750	
156	29	19	4	-1	2	0	183	0.375	1.000	462	0.625	0.750	446	0.750	0.750	65	0.750	1.250	162	0.875	1.030	
157	27	0	4	1	-1	1	64	0.250	0.250	312	0.250	0.250	185	0.750	1.125	102	0.875	0.905	251	0.979	1.464	
158	20	12	4	-1	1	0	364	0.530	0.530	432	0.750	0.750	118	0.854	1.714	410	0.913	1.979	299	0.979	1.714	
159	35	10	4	0	1	0	197	0.375	1.250	79	0.604	1.589	353	0.875	0.875	188	0.979	2.000	153	0.979	1.707	
160	28	3	4	0	1	0	292	0.375	1.000	113	0.375	0.375	121	0.500	0.500	444	0.604	1.250	23	0.625	0.625	
161	20	20	4	0	1	0	254	0.625	0.625	51	0.964	0.964	58	0.979	1.354	347	1.229	1.354	358	1.229	1.707	
162	30	20	4	1	2	10	321	0.125	0.125	119	0.250	0.250	298	0.479	1.375	310	0.500	0.500	269	0.729	1.604	
163	24	12	4	-1	-1	2	91	0.750	0.750	378	0.875	0.655	463	0.875	0.875	481	1.000	1.000	305	1.125	0.875	
164	22	15	4	1	2	0	341	0.625	0.625	332	0.625	0.625	253	0.684	1.464	326	0.729	1.375	124	0.875	1.030	
165	21	11	4	1	1	0	24	0.125	0.125	421	0.375	0.375	72	0.604	1.405	483	0.625	0.625	430	0.875	1.030	
166	16	13	4	-2	1	1	470	0.375	0.375	38	0.500	1.125	268	0.604	1.500	103	0.750	0.750	50	0.854	1.604	
167	30	14	4	-1	-1	2	265	0.530	0.530	485	0.625	1.250	227	0.625	1.250	195	0.729	1.714	82	0.875	0.905	
168	20	11	4	1	1	0	165	0.500	0.875	24	0.625	0.750	158	0.625	1.375	421	0.625	1.250	257	0.655	0.655	
169	19	15	4	1	0	0	231	0.625	0.780	115	0.729	1.375	480	0.750	0.750	213	0.780	0.780	137	0.875	0.875	
170	26	1	4	-1	2	0	32	0.500	1.125	495	0.500	1.375	52	0.625	1.625	130	0.625	0.625	121	1.000	1.339	
171	35	16	4	1	-2	1	184	0.375	1.000	282	0.500	1.375	229	0.729	1.604	120	0.750	1.750	36	0.839	0.839	
172	13	12	4	-1	2	0	416	0.479	1.405	389	0.500	0.500	208	0.625	1.250	134	0.750	0.655	379	0.854	1.464	
173	35	0	4	2	-1	3	349	0.625	0.625	99	0.750	0.750	434	1.000	0.375	203	1.250	1.479	311	1.375	0.979	
174	17	13	4	0	-1	9	380	0.250	0.250	223	0.375	1.125	103	0.500	0.500	470	0.625	0.625	365	0.750	0.625	
175	31	19	4	1	0	1	406	0.375	1.000	41	0.750	1.125	298	0.750	0.750	321	0.780	0.780	256	0.964	0.964	
176	18	15	4	2	-1	0	169	0.375	1.250	399	0.375	0.375	410	0.500	0.500	279	0.625	0.625	213	0.750	0.750	
177	22	17	4	0	-1	12	307	0.375	0.375	25	0.604	1.589	326	0.729	1.250	210	0.809	2.082	142	0.854	1.354	
178	14	15	4	0	1	0	26	0.250	1.250	309	0.500	0.500	106	0.500	0.500	94	0.750	0.750	140	0.750	0.875	
179	27	12	4	1	-1	0	429	0.500	0.500	127	0.750	0.750	75	0.875	0.875	437	0.875	1.030	195	0.884	1.125	
180	25	13	4	-1	2	0	93	0.500	0.875	475	0.500	0.500	366	0.500	1.375	329	0.729	1.464	426	0.875	0.875	
181	29	5	4	2	1	0	110	0.250	0.250	287	0.375	1.250	472	0.375	1.000	444	0.500	0.500	196	0.625	0.625	
182	28	3	4	1	-1	0	345	0.375	0.375	451	0.530	0.530	373	0.750	1.125	59	0.854	1.589	226	0.884	1.125	
183	29	20	4	-1	1	0	462	0.250	0.250	280	0.625	0.625	317	0.729	1.714	162	0.750	0.750	484	0.854	1.250	
184	35	15	4	1	-1	0	282	0.375	0.375	14	0.500	0.500	284	0.530	0.530	120	0.750	1.250	372	0.875	0.875	
185	28	0	4	1	0	2	102	0.500	0.500	226	0.500	0.500	491	0.875	1.125	64	0.875	0.750	139	1.104	1.464	
186	23	15	4	-1	-2	7	457	0.500	0.500	210	0.500	1.375	297	0.559	1.589	7	0.750	0.625	341	0.750	0.750	
187	35	21	4	-1	2	0	35	0.375	1.000	55	0.375	1.250	228	0.375	1.250	452	0.500	0.500	45	0.625	0.625	
188	34	13	4	1	2	0	461	0.500	0.500	492	0.684	1.464	14	0.729	1.714	427	0.750	0.655	229	0.750	1.125	
189	32	14	4	2	1	0	427	0.375	1.000	284	0.625	1.625	461	0.729	1.589	33	0.854	1.250	36	0.875	1.030	
190	21	21	4	1	-2	0	283	0.625	0.625	58	0.750	0.750	425	1.082	2.104	136	1.207	2.104	243	1.354	1.229	
191	34	3	4	1	0	0	53	0.500	1.000	439	0.604	1.250	30	0.780	0.780	54	0.854	1.479	367	1.000	0.875	
192	31	14	4	-2	1	0	167	0.375	1.250	265	0.684	1.464	241	0.729	1.714	322	0.750	0.750	227	0.854	1.250	
193	31	11	4	0	-1	0	456	0.125	0.125	354	0.875	0.875	109	1.125	1.354	246	1.207	1.207	398	1.214	1.214	
194	31	18	4	-2	1	0	41	0.375	0.375	214	0.500	1.125	162	0.854	1.604	156	0.854	1.589	321	0.979	1.479	
195	29	12	4	1	-2	0	398	0.500	0.500	409	0.625	1.125	227	0.780	0.750	288	0.839	0.839	285	0.875	0.875	
196	29	5	4	0	-1	0	18	0.375	1.000	110	0.375	0.375	181	0.625	0.625	68	0.729	1.714	125	0.729	1.280	
197	35	11	4	1	2	0	153	0.729	1.479	405	0.750	0.875	374	0.875	1.000	422	0.875	1.125	369	0.979	1.604	
198	31	16	4	-1	-1	0	82	0.604	1.714	241	0.729	1.589	242	0.750	0.750	436	0.854	1.339	116	0.875	0.875	
199	17	14	4	0	1	0	205	0.604	1.589	74	0.604	1.375	176	0.729	1.375	224	0.750	0.625	404	0.750	0.750	
200	24	0	4	1	-2	0	150	0.750	1.000	411	0.780	0.750	0	0.875	1.125	61	0.875	0.875	239	1.000	1.000	
201	14	17	4	0	1	0	393	0.625	1.155	274	0.625	1.000	296	0.750	1.125	376	1.104	1.000	73	1.125	0.964	
202	24	18	4	1	0	0	454	0.500	0.500	351	0.500	1.250	230	0.750	0.750	488	0.854	1.957	394	0.979	1.750	
203	35	2	4	-1	2	2	53	0.500	1.375	460	0.750	1.250	439	0.875	1.625	471	0.979	1.479	97	0.979	1.832	
204	15	19	4	-1	-1	25	286	0.375	0.375	296	0.479	1.530	40	0.500	1.000	274	0.604	1.405	16	0.625	0.625	
205	16	16	4	0	1	0	232	0.625	0.625	393	0.729	1.464	274	0.854	1.479	26	0.875	0.875	410	0.964	0.964	
206	30	23	4	1	0	3	149	0.625	0.625	443	0.875	0.750	217	0.979	1.729	146	0.979	2.082	333	0.979	1.625	
207	34	19	4	-1	-2	16	264	0.684	1.714	154	0.750	0.625	215	0.875	0.875	431	1.000	1.214	489	1.125	0.964	
208	12	12	4	-1	-1	7	293	0.250	0.250	386	0.854	1.155	453	0.875	0.500	416	0.875	0.875	50	1.125	0.875	
209	20	13	4	0	-1	11	261	0.500	0.500	407	0.625	0.780	432	0.625	0.625	72	0.854	1.479	111	0.854	1.479	
210	23	14	4	1	-2	0	378	0.500	1.125	163	0.684	1.464	323	0.729	1.714	473	0.750	0.750	261	0.839	0.839	
211	26	4	4	-2	-1	6	117	0.750	1.030	12	0.854	1.464	478	0.875	0.875	19	0.875	0.625	357	0.934	1.729	
212	15	14	4	-2	-1	5	268	0.500	0.500	38	0.625	0.875	470	0.655	0.655	309	0.729	1.604	487	0.750	1.250	
213	18	14	4	1	-1	0	380	0.530	0.530	404	0.875	0.875	118	0.875	1.125	299	0.875	1.125	103	0.964	0.964	
214	30	18	4	-2	1	0	156	0.479	1.500	436	0.750	0.905	65	0.809	1.339	112	0.875	1.000	484	0.934	1.375	
215	34	19	4	0	1	1	221	0.500	0.500	129	0.604	1.375	363	0.625	0.625	466	0.729	1.714	228	0.809	2.104	
216	30	6	4	0	-1	0	415	0.500	0.500	18	0.729	1.714	4	0.729	1.375	110	0.750	0.905	125	0.854	1.811	
217	32	21	4	1	-2	0	361	0.875	0.875	455	0.964	0.964	298	1.000	0.375	295	1.059	1.354	316	1.125	0.625	
218	24	13	4	1	-1	0	91	0.354	1.405	163	0.500	1.375	366	0.854	1.155	143	0.979	1.839	481	1.000	1.030	
219	35	8	4	-1	-2	0	275	0.500	0.500	151	0.500	0.875	433	0.625	0.625	277	0.979	1.479	97	0.979	1.832	
220	23	18	4	2	1	0	136	0.250	0.250	202	0.375	1.250	230	0.479	1.500	371	0.604	1.375	454	0.875	0.780	
221	35	19	4	1	2	1	215	0.500	0.500	15	0.604	1.500	187	0.625	1.750	452	0.729	1.464	45	0.854	1.589	
222	26	17	4	1	2	0	56	0.375	1.250	9	0.500	0.500	394	0.625	0.625	488	0.625	1.250	71	0.750	0.750	
223	17	12	4	1	-1	0	271	0.500	0.875	13	0.625	1.375	380	0.875	0.500	1	1.000	1.030	470	1.030	0.854	
224	18	14	4	-2	1	0	404	0.375	1.250	490	0.500	0.500	118	0.625	0.625	199	0.625	0.750	480	0.655	0.655	
225	26	13	4	-1	-2	8	499	0.125	0.125	344	0.604	1.280	143	0.625	1.000	180	0.750	1.250	127	0.854	1.604	
226	28	1	4	2	-1	0	102	0.250	0.250	185	0.500	0.500	251	0.500	1.375	157	0.655	0.655	391	0.750	0.750	
227	30	13	4	1	-2	0	456	0.559	1.589	288	0.625	0.625	126	0.625	1.125	193	0.684	1.714	409	0.750	0.875	
228	35	22	4	1	1	0	55	0.250	0.250	35	0.500	0.500	486	0.875	0.500	45	1.155	0.729	263	1.184	1.229	
229	34	14	4	-2	-1	6	123	0.375	1.000	33	0.479	1.500	153	0.500	0.500	284	0.625	0.625	461	0.750	1.250	
230	24	19	4	1	2	0	371	0.125	0.125	44	0.479	1.375	318	0.500	0.875	155	0.625	0.875	202	0.750	0.750	
231	20	16	4	1	-1	0	25	0.479	1.280	80	0.500	1.375	135	0.750	0.750	169	0.780	0.625	164	0.854	1.464	
232	16	16	4	-2	-1	3	337	0.479	1.500	74	0.625	0.625	267	0.729	1.714	338	0.780	0.750	201	0.854	1.479	
233	27	21	4	2	1	0	313	0.250	0.250	392	0.250	0.250	301	0.375	0.375	3	0.500	0.500	419	0.604	1.280	
234	21	17	4	1	1	0	307	0.500	1.250	136	0.729	1.714	243	0.854	1.589	31	0.875	1.125	51	0.979	1.714	
235	29	16	4	2	-1	0	265	0.625	1.250	242	0.750	0.875	352	0.839	0.839	256	0.875	0.780	167	0.979	1.479	
236	23	1	4	2	1	0	449	0.479	1.500	8	0.479	1.280	200	0.729	1.280	150	0.729	1.464	92	0.750	0.750	
237	27	18	4	0	-1	13	359	0.250	0.250	304	0.250	0.250	488	0.375	1.125	131	0.604	1.250	314	0.604	1.839	
238	26	15	4	1	0	0	329	0.500	0.500	397	0.604	1.589	11	0.604	1.250	272	0.750	0.905	235	0.809	2.000	
239	22	0	4	1	-2	0	61	0.125	0.125	200	1.134	1.000	150	1.207	1.750	92	1.250	1.250	0	1.250	0.875	
240	28	2	4	-1	1	0	373	0.250	0.250	121	0.354	1.405	113	0.479	1.280	23	0.530	0.530	160	0.625	1.125	
241	29	15	4	-1	1	0	82	0.125	0.125	265	0.500	0.500	330	0.729	1.714	397	0.854	1.250	290	0.979	1.714	
242	30	16	4	-1	-2	7	82	0.604	1.280	167	0.625	1.375	198	0.750	0.625	265	0.875	1.405	235	0.875	0.750	
243	22	19	4	-1	1	0	51	0.375	0.375	343	0.625	0.625	371	1.000	1.000	31	1.104	0.905	220	1.155	0.979	
244	34	1	4	-2	1	0	311	0.250	0.250	331	0.500	0.500	383	0.500	1.125	334	0.979	1.464	434	1.000	0.750	
245	28	22	4	-2	-1	1	266	0.125	0.125	76	0.125	0.125	479	0.375	1.375	270	0.375	1.125	86	0.375	0.375	
246	28	10	4	0	1	0	437	0.375	1.125	109	0.625	0.780	75	0.729	1.714	262	0.750	0.905	412	0.780	0.780	
247	18	19	4	0	1	0	254	0.625	0.780	347	0.750	0.750	420	0.875	0.750	355	0.875	0.500	360	0.875	0.750	
248	30	4	4	-1	-2	4	68	0.500	1.375	18	0.625	0.875	350	0.854	1.479	20	0.875	0.780	23	0.875	1.155	
249	30	25	4	-2	1	0	37	0.729	1.375	132	0.875	1.280	443	1.104	1.464	375	1.184	1.311	269	1.648	1.354	
250	31	6	4	1	1	0	29	0.479	1.280	493	0.604	1.530	415	0.625	0.625	319	0.750	1.125	133	0.979	1.030	
251	29	1	4	2	1	0	139	0.625	0.875	350	0.684	1.714	160	0.979	1.214	315	1.059	1.957	491	1.125	1.125	
252	33	11	4	1	-2	2	408	0.125	0.125	122	0.729	1.714	346	0.729	1.375	328	0.750	0.905	388	0.750	0.750	
253	23	17	4	-1	1	0	300	0.625	0.625	220	0.625	1.250	51	0.729	1.714	31	0.729	1.714	371	0.854	1.339	
254	19	20	4	-1	1	0	161	0.625	0.625	247	0.780	0.625	258	0.854	1.354	144	0.979	1.479	347	1.000	1.030	
255	28	8	4	2	-1	0	85	0.250	0.250	62	0.479	1.405	441	0.500	1.125	387	0.625	0.750	412	0.854	1.155	
256	30	17	4	2	-1	0	116	0.729	1.714	235	0.780	0.750	112	0.905	0.854	57	0.979	1.832	82	1.104	1.104	
257	19	12	4	2	1	0	168	0.750	0.655	421	0.854	1.589	261	0.979	1.339	209	1.000	1.000	158	1.000	1.000	
258	17	19	4	0	-1	0	144	0.125	0.125	16	0.375	0.375	355	0.500	0.500	347	0.625	0.625	464	0.729	1.589	
259	33	4	4	-1	1	0	497	0.479	1.155	281	0.500	0.875	5	0.500	1.375	30	0.500	0.500	97	0.780	0.625	
260	33	0	4	-2	-1	5	67	0.625	1.375	383	0.625	0.625	244	1.030	0.729	334	1.184	1.464	78	1.243	2.125	
261	21	13	4	1	-2	0	430	0.479	1.405	209	0.500	0.500	407	0.500	1.250	72	0.604	1.280	297	0.625	0.625	
262	27	11	4	1	2	0	429	0.375	1.000	75	0.500	1.125	127	0.500	0.500	437	0.750	0.750	305	0.839	0.839	
263	33	23	4	-2	-1	2	320	0.125	0.125	316	0.479	1.280	348	0.500	0.500	146	0.750	1.250	468	0.750	0.875	
264	33	17	4	0	-1	2	57	0.375	1.375	116	0.625	0.780	284	0.809	1.957	431	1.000	0.884	41	1.089	1.089	
265	29	15	4	-1	-1	0	82	0.375	0.375	397	0.479	1.280	241	0.500	0.500	167	0.530	0.530	342	0.625	0.875	
266	28	22	4	-1	0	0	245	0.125	0.125	76	0.250	0.250	419	0.375	0.375	270	0.375	1.250	479	0.375	1.250	
267	14	15	4	-1	-1	0	309	0.625	1.250	212	0.655	0.655	106	0.875	1.125	38	0.979	1.214	325	1.000	1.125	
268	15	14	4	-1	2	0	212	0.500	0.500	26	0.559	1.589	438	0.625	0.625	140	0.625	1.000	134	0.655	0.655	
269	29	22	4	-2	1	0	266	0.375	1.250	76	0.375	1.250	375	0.479	1.280	280	0.500	0.500	245	0.500	1.375	
270	27	22	4	-2	-1	1	479	0.250	0.250	114	0.604	1.280	392	0.750	1.250	86	0.750	0.750	494	0.750	0.625	
271	17	11	4	1	-1	0	13	0.500	0.500	1	0.500	1.375	496	0.625	1.250	223	0.875	0.500	257	0.979	1.464	
272	27	14	4	1	2	0	302	0.479	1.280	329	0.750	0.905	423	0.750	0.750	366	1.000	1.000	180	1.089	1.059	
273	32	17	4	2	1	0	57	0.729	1.375	435	0.854	1.589	116	0.875	0.750	221	1.082	2.104	295	1.104	1.354	
274	14	18	4	-2	-1	2	296	0.125	0.125	376	0.750	0.750	40	0.875	0.625	445	0.875	1.000	201	1.000	0.625	
275	35	8	4	-2	1	0	433	0.125	0.125	219	0.500	0.500	151	0.625	0.625	370	0.750	0.655	306	0.854	1.464	
276	31	5	4	0	1	0	4	0.375	0.375	250	0.375	1.125	472	0.625	0.625	458	0.729	1.714	133	0.750	1.125	
277	33	7	4	-1	1	0	29	0.750	0.625	385	0.854	1.589	368	1.000	0.875	319	1.009	1.000	493	1.030	0.875	
278	16	19	4	-1	1	0	204	0.500	1.375	286	0.500	1.000	16	0.750	0.750	274	0.854	1.464	40	0.854	1.155	
279	18	15	4	-1	-1	0	399	0.250	0.250	490	0.250	0.250	213	0.500	1.375	338	0.500	1.000	404	0.604	1.530	
280	29	21	4	-1	0	2	462	0.375	0.375	269	0.500	0.500	266	0.625	1.030	76	0.625	0.780	183	0.625	0.625	
281	32	4	4	-1	1	0	276	0.479	1.280	497	0.750	0.750	459	0.750	1.125	250	0.854	1.589	4	0.854	1.155	
282	35	15	4	-1	-2	4	184	0.375	0.375	229	0.479	1.500	120	0.500	1.125	372	0.500	0.500	492	0.625	0.625	
283	20	21	4	-1	-2	2	190	0.625	0.625	161	1.125	0.875	58	1.125	1.125	31	1.229	1.625	17	1.288	2.207	
284	34	14	4	1	-1	0	184	0.530	0.530	229	0.625	0.625	461	0.625	0.750	120	0.750	0.750	123	0.875	0.875	
285	29	12	4	0	1	0	401	0.500	0.500	398	0.625	0.625	49	0.729	1.250	87	0.750	0.905	409	0.750	0.750	
286	15	19	4	-2	1	0	204	0.375	0.375	274	0.750	1.030	296	0.875	1.155	40	0.875	0.875	16	1.000	0.750	
287	30	5	4	1	0	0	472	0.250	0.250	4	0.250	1.250	250	0.625	1.280	415	0.750	0.905	148	0.854	1.957	
288	31	13	4	1	-2	0	126	0.500	0.500	377	0.500	0.500	227	0.625	0.625	195	0.839	0.839	145	0.875	1.030	
289	32	4	4	2	-1	0	148	0.375	1.000	30	0.375	1.250	191	0.684	1.714	340	0.750	0.655	133	0.750	0.625	
290	27	16	4	-2	1	0	330	0.250	0.250	314	0.375	1.250	11	0.375	0.375	71	0.750	0.750	9	0.750	1.000	
291	33	5	4	-1	-2	3	340	0.375	0.375	148	0.375	1.250	88	0.500	0.500	471	0.625	1.375	497	0.625	0.875	
292	28	4	4	-2	1	2	125	0.375	0.375	19	0.625	1.125	182	0.875	1.125	345	0.875	0.875	373	0.875	0.875	
293	12	12	4	0	-1	0	208	0.250	0.250	389	0.750	0.625	50	0.875	0.875	100	1.104	1.229	453	1.125	0.500	
294	29	21	4	1	-1	0	462	0.750	1.125	484	0.854	1.339	321	0.875	1.030	65	0.979	1.464	310	0.979	1.354	
295	33	19	4	-2	1	0	363	0.625	0.625	129	0.625	0.625	215	0.750	0.750	452	0.979	1.214	448	0.979	1.464	
296	14	18	4	-1	-1	0	274	0.125	0.125	445	0.625	1.125	376	0.625	0.625	40	0.750	0.625	286	1.155	0.729	
297	22	13	4	1	-2	0	430	0.375	1.000	323	0.500	1.250	261	0.625	0.625	407	0.750	1.155	72	0.750	0.875	
298	31	21	4	1	0	0	217	0.375	1.000	175	0.750	0.750	486	0.809	1.957	466	1.104	1.375	468	1.125	1.155	
299	19	14	4	-1	2	0	480	0.375	1.000	490	0.479	1.375	169	0.625	1.000	224	0.625	0.875	338	0.729	1.604	
300	23	18	4	-1	0	0	253	0.625	0.625	243	0.625	1.280	177	0.729	1.250	51	0.729	1.375	220	0.875	0.875	
301	27	21	4	0	1	2	313	0.125	0.125	479	0.375	1.000	233	0.375	0.375	270	0.625	1.000	392	0.625	0.625	
302	28	15	4	1	2	0	235	0.604	1.280	241	0.750	0.750	11	0.750	0.905	396	0.780	0.750	290	0.854	1.280	
303	26	19	4	2	-1	1	147	0.375	1.250	335	0.375	1.000	237	0.604	1.375	417	0.684	1.714	48	0.729	1.714	
304	27	18	4	-1	-1	1	237	0.250	0.250	56	0.500	1.375	488	0.500	1.375	359	0.500	0.500	48	0.875	0.875	
305	25	12	4	1	2	0	481	0.125	0.125	482	0.250	0.250	180	0.500	1.375	344	0.500	0.500	463	0.625	0.625	
306	33	9	4	0	1	0	385	0.625	0.625	440	0.625	0.780	346	0.729	1.250	122	0.750	1.125	197	0.979	1.686	
307	22	17	4	2	-1	0	177	0.375	0.375	186	0.854	1.604	220	0.875	1.030	253	0.875	1.125	136	0.875	0.780	
308	25	19	4	-1	-1	0	351	0.625	1.250	371	0.750	1.125	230	0.875	1.125	300	0.979	1.839	400	1.000	0.780	
309	13	15	4	-1	2	0	106	0.250	0.250	94	0.500	0.500	178	0.500	0.500	325	0.500	1.375	201	0.729	1.464	
310	31	20	4	0	1	0	119	0.500	0.500	162	0.500	0.500	361	0.625	0.780	321	0.625	0.625	60	0.729	1.714	
311	34	1	4	-2	-1	21	244	0.250	0.250	260	0.479	1.280	383	0.500	1.375	334	0.729	1.479	434	0.750	0.750	
312	27	0	4	1	0	0	157	0.250	0.250	185	0.375	1.375	64	0.500	0.500	226	0.750	0.905	139	0.979	1.729	
313	27	21	4	1	2	0	301	0.125	0.125	233	0.250	0.250	317	0.479	1.280	392	0.500	0.500	479	0.625	1.125	
314	26	16	4	-1	-1	1	238	0.750	1.125	43	1.000	1.625	488	1.030	0.854	71	1.030	0.854	218	1.038	1.854	
315	32	2	4	2	-1	4	331	0.809	1.339	334	1.000	0.625	289	1.000	1.000	469	1.030	0.979	413	1.059	1.686	
316	32	22	4	-2	-1	2	361	0.750	0.750	280	0.934	2.082	245	1.118	2.250	468	1.125	0.500	146	1.125	1.125	
317	28	22	4	1	2	0	419	0.250	0.250	375	0.625	1.125	266	0.625	0.625	245	0.750	0.750	83	0.750	1.155	
318	24	20	4	2	1	0	44	0.625	1.250	114	0.854	1.339	303	0.854	1.589	202	0.875	0.875	230	0.875	0.500	
319	31	7	4	0	1	0	29	0.375	0.375	458	0.500	0.500	493	0.625	0.625	277	1.000	0.884	402	1.104	1.464	
320	33	23	4	-1	-1	0	263	0.125	0.125	316	0.479	1.405	348	0.625	0.625	146	0.625	1.250	217	0.729	1.714	
321	30	20	4	1	1	0	162	0.125	0.125	298	0.354	1.280	119	0.375	0.375	310	0.750	0.625	183	0.875	0.875	
322	31	14	4	2	1	0	189	0.500	1.125	126	0.625	0.625	377	0.729	1.375	192	0.750	0.750	36	0.809	1.339	
323	22	12	4	-1	-1	2	483	0.479	1.155	430	0.500	0.500	407	0.625	0.875	158	0.875	1.561	72	0.875	0.875	
324	33	24	4	1	-2	4	320	0.375	1.250	263	0.500	1.125	348	0.625	0.625	455	0.729	1.714	316	0.854	1.604	
325	13	16	4	1	2	0	26	0.625	0.625	201	0.750	1.155	178	0.905	0.625	140	0.979	1.214	274	1.059	1.354	
326	21	16	4	-1	0	1	124	0.375	0.375	115	0.500	1.000	142	0.625	0.780	80	0.729	1.280	490	0.854	2.125	
327	31	9	4	-2	-1	7	498	0.875	0.875	387	0.979	1.464	402	1.038	2.119	346	1.155	0.604	412	1.184	1.229	
328	34	10	4	-1	-1	0	122	0.500	1.375	477	0.729	1.839	353	0.750	0.750	388	0.875	0.905	252	0.905	0.729	
329	26	15	4	0	1	0	238	0.500	0.500	11	0.625	1.030	290	0.750	0.905	9	0.875	1.589	71	0.875	1.339	
330	27	16	4	-2	-1	2	290	0.250	0.250	314	0.375	1.000	342	0.655	0.655	63	0.750	1.000	71	0.750	0.750	
331	34	1	4	1	2	0	244	0.500	0.500	349	0.750	1.125	413	0.750	0.750	53	0.854	1.839	203	0.875	1.030	
332	23	15	4	1	2	0	341	0.250	0.250	164	0.625	0.625	253	0.625	1.625	366	0.839	0.839	43	0.875	1.030	
333	32	23	4	2	1	0	468	0.500	0.500	336	0.625	1.250	324	0.875	1.030	486	1.000	1.214	316	1.000	1.000	
334	32	2	4	0	1	0	459	0.604	1.589	315	0.625	0.625	469	0.750	0.905	276	0.854	2.125	259	0.875	1.339	
335	27	19	4	1	-1	0	147	0.250	0.250	417	0.354	1.280	446	0.500	1.375	304	0.500	1.375	359	0.500	0.875	
336	32	24	4	-1	1	0	395	0.750	0.750	37	0.957	1.457	249	0.979	1.714	320	1.030	0.854	468	1.125	1.125	
337	15	15	4	-1	-2	21	98	0.500	1.125	212	0.500	0.875	447	0.625	0.625	103	0.729	1.589	365	0.729	1.604	
338	17	15	4	-2	-1	3	74	0.500	1.375	476	0.625	0.625	447	0.750	0.875	399	0.750	0.750	404	0.750	0.750	
339	20	18	4	-1	-1	0	474	0.479	1.155	17	0.625	1.250	382	0.625	0.625	425	0.750	0.750	247	0.854	1.354	
340	33	5	4	1	-1	0	88	0.125	0.125	291	0.375	0.375	104	0.479	1.280	442	0.500	1.375	148	0.500	0.875	
341	23	15	4	-1	2	0	332	0.250	0.250	164	0.625	0.625	253	0.625	1.375	454	0.729	1.604	186	0.750	0.750	
342	28	15	4	-1	-1	1	352	0.625	1.250	63	0.625	0.625	397	0.750	1.125	290	0.875	0.905	330	0.875	0.655	
343	22	20	4	-1	0	1	243	0.625	0.625	382	0.957	1.854	161	0.979	1.250	283	1.000	1.214	358	1.104	1.104	
344	25	12	4	-2	1	0	482	0.250	0.250	163	0.375	1.250	305	0.500	0.500	378	0.559	1.589	180	0.625	0.875	
345	28	3	4	-1	-2	5	182	0.375	0.375	373	0.625	0.750	59	0.729	1.714	121	0.750	1.250	451	0.750	0.905	
346	32	10	4	-1	0	2	477	0.375	0.375	440	0.750	0.750	456	0.750	0.905	498	0.750	1.000	109	0.809	1.957	
347	18	19	4	-1	-1	0	258	0.625	0.625	247	0.750	0.750	144	0.750	0.750	73	0.854	1.464	137	0.979	1.479	
348	33	24	4	-1	0	0	336	0.375	1.125	263	0.500	0.500	324	0.625	0.625	320	0.750	0.625	395	0.875	0.905	
349	35	1	4	2	-1	1	434	0.375	0.375	173	0.625	0.625	96	0.750	0.750	413	0.905	0.625	203	1.000	1.125	
350	31	2	4	1	0	0	315	0.500	1.250	469	0.750	0.750	281	0.979	1.354	331	0.979	1.750	20	1.000	0.625	
351	25	18	4	2	-1	0	359	0.625	1.375	155	0.625	0.625	488	0.729	1.714	394	0.809	1.339	44	0.875	0.875	
352	28	14	4	2	-1	0	423	0.375	0.375	397	0.375	0.375	396	0.500	1.125	235	0.839	0.839	227	0.854	1.589	
353	35	10	4	1	-2	0	77	0.375	1.250	95	0.500	1.375	328	0.750	0.750	122	0.750	0.655	219	0.750	1.750	
354	30	10	4	1	0	0	108	0.250	1.250	498	0.729	1.714	441	0.964	0.964	440	1.104	1.500	306	1.104	1.625	
355	17	19	4	1	0	0	258	0.500	0.500	144	0.625	0.625	420	0.750	1.030	382	0.854	1.589	16	0.875	0.750	
356	23	2	4	-1	-1	6	34	0.500	1.375	381	0.625	0.625	357	0.625	0.625	61	0.729	1.839	239	0.854	1.714	
357	24	2	4	0	-1	0	403	0.375	0.375	381	0.604	1.250	8	0.625	0.625	356	0.750	0.625	107	0.875	0.750	
358	23	21	4	1	0	0	44	0.604	1.589	318	0.750	0.905	155	1.059	1.436	308	1.104	1.354	230	1.125	1.155	
359	27	18	4	1	-1	0	237	0.250	0.250	131	0.354	1.280	488	0.500	0.875	304	0.500	0.500	147	0.625	0.625	
360	19	19	4	2	1	0	161	0.604	1.375	254	0.625	1.250	247	0.750	0.750	135	0.839	0.839	382	0.875	1.000	
361	32	21	4	-1	1	0	316	0.750	0.750	310	0.780	0.625	217	0.875	0.875	280	0.957	1.875	119	0.964	0.964	
362	30	0	4	-1	-1	0	78	0.625	0.875	391	0.979	1.214	491	0.979	1.464	102	1.229	0.979	373	1.311	1.311	
363	33	19	4	1	1	0	129	0.625	1.250	295	0.625	0.625	435	0.655	0.655	45	0.729	1.714	215	0.750	0.625	
364	21	13	4	-1	1	0	450	0.500	1.000	158	0.530	0.530	432	0.625	1.000	407	0.875	0.875	261	0.875	0.875	
365	16	13	4	2	-1	0	103	0.250	0.250	380	0.375	1.000	223	0.479	1.405	470	0.625	0.625	174	0.625	0.750	
366	25	14	4	1	2	0	238	0.479	1.375	93	0.500	0.500	43	0.729	1.604	329	0.750	1.155	332	0.839	0.839	
367	33	3	4	-1	-2	3	471	0.125	0.125	315	0.875	1.030	459	0.979	1.214	259	1.000	1.000	497	1.089	1.059	
368	33	6	4	-1	-1	0	497	0.479	1.405	340	0.500	1.375	88	0.625	1.250	291	0.625	1.000	97	0.780	0.625	
369	33	13	4	-2	1	0	33	0.500	0.500	427	0.625	1.250	123	0.750	0.750	145	0.875	1.030	188	0.875	0.875	
370	34	7	4	-1	1	0	277	0.500	0.875	433	0.530	0.530	47	0.625	0.625	275	0.655	0.655	306	0.854	1.839	
371	24	19	4	0	1	0	230	0.125	0.125	318	0.500	1.000	44	0.604	1.250	155	0.750	0.750	51	0.875	0.875	
372	35	15	4	-2	1	0	492	0.125	0.125	282	0.500	0.500	14	0.625	0.625	123	0.729	1.714	229	0.750	1.030	
373	28	2	4	-1	0	6	240	0.250	0.250	391	0.500	0.500	491	0.500	0.500	113	0.604	1.250	59	0.729	1.280	
374	35	12	4	1	-1	0	405	0.125	0.125	252	0.964	0.964	328	0.979	1.589	388	1.104	1.229	79	1.125	1.125	
375	28	23	4	-2	1	0	83	0.375	1.000	494	0.375	1.250	266	0.500	0.500	245	0.625	0.625	76	0.750	0.750	
376	14	18	4	2	-1	0	296	0.625	0.625	393	0.625	1.125	418	0.729	1.714	40	0.750	0.875	445	0.750	1.000	
377	32	13	4	0	-1	0	145	0.375	1.000	33	0.500	0.500	288	0.500	0.500	193	0.604	1.589	456	0.729	1.714	
378	23	13	4	-2	-1	4	323	0.479	1.405	163	0.655	0.655	407	0.729	1.714	450	0.729	1.604	297	0.750	0.875	
379	12	14	4	1	1	0	66	0.250	0.250	106	0.354	1.405	309	0.604	1.155	94	0.625	1.125	414	0.625	0.875	
380	17	13	4	1	-1	0	174	0.250	0.250	223	0.500	0.875	213	0.530	0.530	257	0.729	1.714	271	0.875	1.250	
381	23	1	4	-1	0	8	356	0.625	0.625	0	0.625	0.625	34	0.625	1.280	61	0.729	1.250	236	0.875	0.875	
382	19	18	4	0	-1	11	425	0.125	0.125	137	0.500	1.000	339	0.625	0.625	141	0.729	1.714	135	0.729	1.375	
383	33	1	4	-2	1	0	334	0.604	1.375	260	0.625	0.625	331	0.875	0.875	191	0.979	1.229	203	1.089	1.059	
384	19	17	4	2	1	0	137	0.250	0.250	17	0.500	1.125	135	0.500	1.125	474	0.750	0.750	169	0.875	0.875	
385	32	9	4	1	1	0	498	0.625	0.625	440	0.625	0.875	108	0.655	0.655	346	0.750	1.125	306	0.750	0.625	
386	11	13	4	-1	2	0	66	0.729	1.375	416	0.750	0.625	379	0.750	1.155	414	0.934	1.714	94	1.000	1.464	
387	29	8	4	0	-1	0	441	0.375	0.375	62	0.375	1.125	85	0.500	0.500	255	0.750	0.625	216	0.875	1.589	
388	33	11	4	-2	1	1	252	0.750	0.750	346	0.750	0.905	408	0.875	0.875	145	0.875	1.030	328	0.905	0.854	
389	13	12	4	-2	-1	0	208	0.375	1.000	172	0.500	0.500	293	0.625	0.750	386	0.854	1.604	453	0.875	0.655	
390	18	16	4	-2	1	0	141	0.250	0.250	490	0.500	0.500	476	0.500	1.375	84	0.750	1.250	474	0.780	0.750	
391	28	1	4	-2	-1	17	491	0.250	0.250	59	0.375	1.000	373	0.500	0.500	64	0.604	1.375	78	0.655	0.655	
392	27	21	4	2	-1	1	3	0.250	0.250	233	0.250	0.250	313	0.500	0.500	294	0.625	1.375	303	0.839	0.839	
393	15	18	4	1	2	0	286	0.500	1.125	73	0.625	0.625	278	0.750	0.905	296	0.875	1.125	40	1.000	1.000	
394	27	17	4	1	2	0	9	0.125	0.125	71	0.375	0.375	417	0.479	1.375	222	0.625	0.625	488	0.625	0.625	
395	32	25	4	-2	-1	1	336	0.750	0.750	263	0.839	0.839	348	0.905	0.625	320	0.964	0.964	249	1.104	1.750	
396	29	14	4	1	2	0	241	0.375	1.250	485	0.500	0.500	82	0.500	1.125	423	0.750	0.625	302	0.875	0.780	
397	28	14	4	0	-1	1	352	0.375	0.375	423	0.750	0.750	179	0.854	1.339	127	0.979	1.750	396	1.000	1.125	
398	29	12	4	-2	-1	4	195	0.500	0.500	285	0.625	0.625	75	0.625	1.750	426	0.729	1.479	109	0.750	0.750	
399	18	15	4	0	-1	0	279	0.250	0.250	176	0.375	0.375	213	0.375	1.125	490	0.500	0.500	174	0.604	1.589	
400	24	20	4	-1	0	0	308	0.780	0.780	318	0.875	0.875	101	0.875	0.750	31	0.957	2.229	161	1.207	1.957	
401	30	12	4	-1	2	0	285	0.500	0.500	87	0.500	1.125	409	0.500	0.500	396	0.559	1.589	109	0.655	0.655	
402	29	6	4	-2	-1	1	196	0.750	1.000	216	0.750	0.750	110	0.875	1.250	248	1.089	1.089	287	1.104	1.229	
403	25	2	4	0	-1	0	411	0.250	1.250	357	0.375	0.375	200	0.729	1.464	495	0.875	1.125	150	0.979	1.250	
404	17	14	4	-1	-1	0	166	0.479	1.155	380	0.500	1.375	470	0.604	1.530	103	0.604	1.155	199	0.750	0.750	
405	35	12	4	2	-1	0	374	0.125	0.125	197	0.875	0.750	328	0.979	1.464	422	1.000	1.000	252	1.089	1.059	
406	32	19	4	1	-2	3	264	0.684	1.714	194	0.854	1.250	57	0.934	2.082	214	0.979	1.354	175	1.000	0.375	
407	21	12	4	-1	-1	1	158	0.500	1.375	421	0.625	1.250	483	0.750	0.750	209	0.780	0.625	430	0.875	0.875	
408	33	11	4	1	-1	0	252	0.125	0.125	346	0.854	1.250	328	0.875	1.030	388	0.875	0.875	219	0.913	1.979	
409	30	12	4	2	1	0	126	0.479	1.280	401	0.500	0.500	193	0.729	1.375	87	0.750	1.125	285	0.750	0.750	
410	18	15	4	1	2	0	176	0.500	0.500	390	0.500	1.125	490	0.625	0.625	480	0.750	0.750	169	0.750	1.000	
411	25	1	4	1	-2	0	150	0.625	0.750	200	0.875	0.780	451	0.964	0.964	312	0.979	1.714	495	0.979	1.280	
412	29	9	4	1	1	0	354	0.354	1.280	441	0.750	0.750	108	0.979	1.714	109	1.000	1.561	246	1.000	0.780	
413	34	0	4	1	0	0	173	0.500	1.250	349	0.750	0.905	331	0.750	0.750	203	0.854	1.479	434	0.875	0.875	
414	12	15	4	1	1	0	94	0.250	0.250	325	0.354	1.405	66	0.625	0.625	309	0.750	0.750	106	0.750	0.750	
415	31	6	4	1	-2	0	216	0.500	0.500	250	0.625	0.625	248	0.729	1.589	5	0.729	1.479	88	0.729	1.589	
416	12	13	4	-1	1	0	453	0.500	0.500	386	0.625	0.750	379	0.625	1.375	66	0.875	1.125	208	0.875	0.875	
417	28	18	4	1	0	0	48	0.250	0.250	131	0.375	0.375	112	0.375	1.125	446	0.625	0.625	156	0.729	1.375	
418	16	17	4	1	-1	0	232	0.625	1.250	420	0.854	1.339	338	0.979	1.464	337	0.979	1.464	445	1.000	1.000	
419	28	22	4	-1	2	0	317	0.250	0.250	266	0.375	0.375	83	0.479	1.405	245	0.500	0.500	479	0.625	0.875	
420	18	18	4	1	0	0	464	0.375	0.375	84	0.500	0.500	137	0.625	1.155	360	0.625	1.155	17	0.729	1.714	
421	21	11	4	2	-1	1	165	0.375	0.375	24	0.500	0.500	430	0.750	0.655	72	0.750	1.030	483	1.000	1.000	
422	34	12	4	-1	-1	0	79	0.250	0.250	388	0.479	1.155	252	0.604	1.155	153	0.625	0.625	33	0.655	0.655	
423	28	14	4	1	1	0	352	0.375	0.375	302	0.500	1.000	396	0.625	0.750	241	0.729	1.030	397	0.750	0.750	
424	18	11	4	0	1	0	496	0.125	0.125	1	0.250	0.250	111	0.375	1.000	257	0.750	1.375	13	0.750	1.125	
425	19	18	4	-1	-2	6	382	0.125	0.125	137	0.500	1.125	347	0.655	0.655	384	0.750	1.125	339	0.750	0.625	
426	27	13	4	0	1	0	272	0.250	1.250	475	0.375	0.375	329	0.604	1.589	423	0.625	1.280	352	0.729	1.375	
427	33	14	4	1	1	0	184	0.604	1.589	188	0.655	0.655	461	1.104	0.905	128	1.104	1.707	33	1.125	1.125	
428	26	0	4	-1	2	0	130	0.479	1.280	170	0.500	1.125	150	1.000	0.625	226	1.059	1.354	117	1.184	1.957	
429	27	12	4	1	1	0	179	0.500	0.500	437	0.530	0.530	75	0.625	0.625	426	0.750	1.125	127	0.750	0.750	
430	22	12	4	1	-1	0	72	0.375	0.375	323	0.500	0.500	421	0.655	0.655	407	0.875	0.875	483	0.979	1.125	
431	35	17	4	-1	-1	0	171	0.500	1.250	264	1.000	1.000	282	1.000	1.375	138	1.030	0.854	372	1.125	1.125	
432	20	13	4	-2	1	0	299	0.479	1.500	209	0.625	0.625	158	0.750	0.625	407	0.905	0.854	404	0.934	1.832	
433	35	8	4	-1	1	0	275	0.125	0.125	370	0.530	0.530	219	0.625	0.625	151	0.750	0.750	388	0.913	2.229	
434	35	1	4	0	-1	8	173	0.375	1.000	96	0.375	0.375	349	0.375	0.375	99	0.875	1.125	311	1.125	0.750	
435	34	18	4	1	2	0	215	0.625	1.250	221	0.750	1.280	363	0.750	0.655	129	0.854	1.604	207	1.000	1.000	
436	29	17	4	-1	0	1	56	0.809	1.957	314	0.854	1.957	290	0.875	1.464	304	0.875	1.339	82	0.875	0.875	
437	28	11	4	1	1	0	285	0.479	1.280	429	0.530	0.530	426	0.854	1.339	354	0.934	1.339	193	0.957	1.457	
438	14	14	4	1	2	0	178	0.375	1.250	140	0.479	1.375	268	0.625	0.625	106	0.875	0.780	309	0.875	1.030	
439	35	4	4	0	1	0	46	0.250	1.125	54	0.375	1.250	460	0.375	0.375	47	0.604	1.589	442	0.625	0.780	
440	32	10	4	1	1	0	306	0.780	0.625	388	0.854	1.155	408	0.875	1.030	188	0.913	2.229	122	0.934	1.589	
441	29	8	4	2	-1	0	387	0.375	0.375	62	0.750	0.750	412	0.750	0.750	85	0.875	0.625	493	0.934	1.832	
442	34	5	4	1	1	0	46	0.625	0.875	97	0.750	0.750	54	0.750	0.750	439	0.780	0.625	277	0.979	1.589	
443	29	23	4	0	-1	13	149	0.500	0.500	245	0.604	1.375	86	0.625	1.030	266	0.729	1.250	76	0.729	1.280	
444	29	4	4	1	0	0	181	0.500	0.500	110	0.500	0.500	68	0.604	1.375	287	0.625	1.030	472	0.625	1.280	
445	14	17	4	0	-1	2	98	0.809	1.832	201	1.000	1.000	274	1.000	0.625	376	1.000	0.625	447	1.104	1.686	
446	28	19	4	1	1	0	112	0.530	0.530	417	0.625	0.625	90	0.625	0.625	183	0.729	1.030	484	0.750	0.750	
447	16	15	4	1	-2	0	337	0.625	0.625	470	0.625	1.625	174	0.684	1.714	38	0.729	1.589	380	0.729	1.714	
448	34	21	4	1	1	0	452	0.250	0.250	45	0.375	0.375	228	0.479	1.530	55	0.479	1.280	35	0.729	1.030	
449	24	2	4	1	2	0	8	0.250	0.250	12	0.500	1.250	107	0.625	0.750	357	0.875	0.875	356	0.875	1.125	
450	21	14	4	-1	2	0	152	0.625	0.625	341	0.839	0.839	164	0.875	1.030	209	0.979	1.229	115	1.000	1.839	
451	27	2	4	1	-1	0	102	0.479	1.155	226	0.479	1.405	59	0.500	1.375	182	0.530	0.530	251	0.604	1.714	
452	34	21	4	0	1	0	45	0.125	0.125	448	0.250	0.250	486	0.375	1.125	466	0.500	0.500	187	0.500	0.500	
453	12	13	4	-1	-1	3	416	0.500	0.500	208	0.625	0.875	386	0.625	1.250	293	0.625	1.125	389	0.655	0.655	
454	24	17	4	2	1	0	202	0.500	0.500	220	0.780	0.750	351	0.875	1.030	359	0.934	1.832	253	1.000	1.000	
455	34	22	4	1	-1	0	486	0.500	0.500	228	0.625	1.375	55	0.875	1.125	217	0.964	0.964	320	1.030	0.854	
456	31	11	4	-1	-2	2	193	0.125	0.125	498	0.729	1.589	108	0.750	1.125	401	0.979	1.280	285	0.979	1.229	
457	24	15	4	0	-1	0	7	0.250	0.250	473	0.375	1.125	186	0.500	0.500	378	0.729	1.714	210	0.750	0.905	
458	30	7	4	-1	2	0	319	0.500	0.500	412	0.684	1.464	29	0.875	0.875	250	0.905	0.854	402	1.000	1.030	
459	31	4	4	-1	0	1	248	0.375	1.000	276	0.875	0.875	18	0.979	1.625	4	1.000	1.125	20	1.000	0.750	
460	35	4	4	-2	1	0	105	0.375	1.250	439	0.375	0.375	97	0.479	1.155	104	0.625	1.000	54	0.625	0.875	
461	34	13	4	2	-1	0	374	0.479	1.405	188	0.500	0.500	284	0.750	0.625	405	0.750	1.280	33	0.875	0.875	
462	29	20	4	-1	0	0	183	0.250	0.250	280	0.375	0.375	65	0.604	1.375	484	0.729	1.250	156	0.750	0.625	
463	24	12	4	1	2	0	482	0.625	0.625	305	0.625	0.625	91	0.750	1.250	481	0.750	0.750	93	0.809	1.339	
464	18	17	4	1	0	0	84	0.125	0.125	384	0.250	1.250	420	0.375	0.375	137	0.500	1.250	231	0.604	1.839	
465	36	19	4	-2	1	0	154	0.375	1.250	187	0.729	1.589	15	0.750	1.250	138	0.875	1.125	489	0.875	0.750	
466	33	21	4	-1	2	0	452	0.500	0.500	316	0.604	1.280	45	0.625	0.625	146	0.750	1.125	448	0.750	0.750	
467	35	22	4	-1	-1	0	35	0.500	0.500	55	0.750	0.750	361	0.979	1.707	27	0.979	1.655	187	1.000	0.875	
468	32	23	4	1	-2	1	333	0.500	0.500	316	0.500	1.125	146	0.604	1.500	486	0.729	1.479	320	0.750	0.750	
469	31	3	4	1	2	0	289	0.604	1.280	281	0.750	0.905	350	0.750	0.750	148	0.854	1.479	334	0.905	0.625	
470	16	13	4	-1	-1	0	22	0.354	1.280	103	0.375	0.375	166	0.375	0.375	89	0.604	1.155	174	0.625	0.625	
471	33	3	4	-1	-1	0	367	0.125	0.125	459	0.854	1.339	259	0.875	0.875	311	0.964	0.964	497	0.964	0.964	
472	30	5	4	1	1	0	287	0.250	0.250	250	0.604	1.530	4	0.625	1.000	276	0.750	0.625	319	0.854	1.839	
473	24	14	4	1	-1	0	218	0.500	0.875	366	0.625	1.250	329	0.854	1.354	238	0.854	1.339	297	0.964	0.964	
474	19	17	4	-2	1	0	476	0.729	1.589	384	0.750	0.750	390	0.875	0.780	425	0.875	0.750	247	0.979	1.714	
475	26	13	4	0	1	0	426	0.375	0.375	180	0.500	0.500	93	0.729	1.375	366	0.750	0.905	499	0.750	0.750	
476	17	16	4	-2	-1	1	232	0.500	1.125	338	0.625	0.625	205	0.625	1.000	279	0.655	0.655	337	0.854	1.589	
477	32	9	4	-1	0	0	346	0.375	0.375	327	0.500	1.250	498	0.625	0.625	385	0.750	0.750	306	0.875	0.750	
478	26	4	4	1	1	1	113	0.780	0.625	182	0.854	1.589	211	0.875	0.875	52	0.875	0.500	21	0.875	0.780	
479	27	22	4	-2	1	0	270	0.250	0.250	494	0.750	0.750	375	0.780	0.750	419	0.875	0.625	317	0.875	0.875	
480	19	15	4	-1	1	0	141	0.479	1.155	390	0.479	1.405	476	0.729	1.714	169	0.750	0.750	490	0.750	1.125	
481	25	12	4	1	1	0	305	0.125	0.125	482	0.375	0.375	475	0.479	1.280	180	0.500	1.250	344	0.625	0.625	
482	25	12	4	-1	2	0	344	0.250	0.250	305	0.250	0.250	481	0.375	0.375	180	0.500	1.125	463	0.625	0.625	
483	21	11	4	-2	1	2	24	0.500	0.500	165	0.625	0.625	407	0.750	0.750	168	0.875	1.000	111	0.934	2.207	
484	28	19	4	0	-1	13	65	0.125	0.125	90	0.125	0.125	48	0.375	1.125	335	0.625	0.625	359	0.625	0.780	
485	29	14	4	-2	1	0	396	0.500	0.500	82	0.625	0.625	265	0.750	0.750	49	0.750	0.905	342	0.750	0.905	
486	34	22	4	1	1	0	455	0.500	0.500	55	0.625	0.625	228	0.625	0.875	348	0.854	1.354	187	0.905	0.729	
487	15	13	4	2	-1	0	70	0.250	0.250	103	0.500	0.875	365	0.500	1.125	38	0.500	0.500	98	0.625	0.625	
488	27	17	4	1	-1	0	48	0.530	0.530	235	0.604	1.714	330	0.625	1.250	394	0.625	0.625	131	0.750	1.125	
489	36	18	4	-1	-1	0	138	0.500	0.500	154	0.530	0.530	431	0.604	1.530	465	0.750	0.750	171	0.854	1.714	
490	18	15	4	-1	0	0	279	0.250	0.250	390	0.500	0.500	141	0.500	0.500	224	0.500	0.500	399	0.500	0.500	
491	28	1	4	-2	1	0	391	0.250	0.250	59	0.375	1.250	373	0.500	0.500	64	0.729	1.375	102	0.750	0.750	
492	35	15	4	-1	1	0	372	0.125	0.125	14	0.500	0.500	282	0.625	0.625	123	0.934	1.589	184	1.000	1.000	
493	32	7	4	1	1	0	29	0.250	0.250	319	0.625	0.625	306	0.854	1.839	442	1.061	1.061	277	1.155	0.875	
494	27	23	4	-1	-1	0	83	0.500	0.500	76	0.530	0.530	245	0.655	0.655	114	0.729	1.714	479	0.750	0.750	
495	26	2	4	1	2	0	32	0.250	0.250	21	0.479	1.375	52	0.500	1.000	451	0.625	1.250	117	0.729	1.280	
496	18	11	4	1	2	0	424	0.125	0.125	1	0.125	0.125	111	0.500	1.125	257	0.604	1.500	470	1.104	1.229	
497	32	5	4	-2	-1	2	276	0.625	1.000	133	0.625	0.625	289	0.750	1.250	459	0.750	1.155	281	0.750	0.750	
498	32	9	4	1	-2	0	477	0.625	0.625	385	0.625	0.625	327	0.875	0.875	368	0.934	1.832	346	1.000	0.750	
499	26	13	4	-1	-1	0	225	0.125	0.125	344	0.479	1.155	91	0.604	1.155	180	0.625	1.250	475	0.750	0.750	
