# states in shortest path from s to t
14

# shortest path from s to t
33	-21	4	1	-2
34	-23	4	0	-1
34	-24	4	0	-1
34	-25	4	0	-1
34	-26	4	0	-1
34	-27	4	-1	-2
33	-29	4	-1	-1
32	-30	4	-1	-1
31	-31	4	-1	-1
30	-32	4	-1	-2
29	-34	4	-1	-2
28	-36	4	-1	-1
27	-37	4	-1	-1
26	-38	4	-1	-1

# cost of shortest path
5.004

# Line i represents a sample taken at time i. The sample corresponds to a discrete state.
# Line Format: [sample ID] [x] [y] [z] [x-component of yaw] [y-component of yaw] [U: marginal coverage]
#              [sample ID of nearest neighbor 1] [shortest path cost to nearest neighbor 1] [shortest path cost from nearest neighbor 1]
#              ...
#              [sample ID of nearest neighbor k] [shortest path cost to nearest neighbor k] [shortest path cost from nearest neighbor k]
0	32	-13	4	-1	2	12	331	0.250	0.250	154	0.250	0.250	310	0.479	1.280	495	0.500	0.500	473	0.500	0.875	
1	33	-32	4	-1	-1	30	375	0.354	1.280	470	0.354	1.405	489	0.500	0.500	235	0.530	0.530	230	0.604	1.155	
2	34	-30	4	1	0	23	26	0.250	0.250	324	0.500	1.000	305	0.500	0.500	345	0.500	0.500	13	0.604	1.375	
3	35	-33	4	0	-1	37	80	0.250	1.375	362	0.250	1.125	469	0.375	1.250	72	0.604	1.589	387	0.604	1.589	
4	31	-30	4	-1	-1	9	142	0.125	0.125	320	0.500	1.250	235	0.530	0.530	275	0.625	0.625	188	0.875	0.875	
5	30	-35	4	1	1	58	484	0.354	1.280	238	0.354	1.405	334	0.500	0.875	212	0.500	1.000	175	0.530	0.530	
6	32	-15	4	0	-1	5	377	0.375	1.000	413	0.375	1.375	203	0.375	0.375	77	0.375	1.125	416	0.500	0.500	
7	35	-23	4	-1	1	104	112	0.354	1.280	52	0.604	1.155	158	0.625	0.625	335	0.750	0.750	471	0.750	1.250	
8	35	-36	4	-2	-1	11	143	0.500	1.375	497	0.625	0.625	283	0.625	1.625	176	0.750	0.875	82	0.750	1.750	
9	28	-14	4	-2	-1	149	224	0.250	0.250	49	0.250	0.250	437	0.375	1.000	301	0.500	0.500	496	0.625	0.625	
10	35	-34	4	-1	2	55	171	0.250	0.250	121	0.375	1.250	56	0.500	0.500	209	0.559	1.589	397	0.625	1.250	
11	33	-15	4	1	-1	2	203	0.250	0.250	91	0.354	1.280	77	0.530	0.530	193	0.530	0.530	6	0.625	0.625	
12	25	-15	4	-1	-2	14	40	0.500	0.500	220	0.875	0.500	190	0.875	0.875	306	1.000	0.500	125	1.125	1.000	
13	35	-31	4	1	-2	23	292	0.375	0.375	317	0.375	1.250	14	0.750	0.750	345	0.875	0.500	254	0.875	1.280	
14	35	-31	4	1	2	0	25	0.500	0.500	324	0.500	1.125	420	0.625	0.625	196	0.729	1.714	26	0.750	0.655	
15	34	-26	4	-1	-2	38	340	0.500	0.875	351	0.500	0.500	88	0.750	0.750	222	0.854	1.479	110	0.854	1.655	
16	30	-11	4	1	0	16	129	0.375	1.125	388	0.500	0.500	67	0.625	1.030	134	0.625	0.625	37	0.729	1.280	
17	32	-36	4	-1	-2	0	195	0.250	0.250	184	0.375	0.375	102	0.625	0.625	214	0.625	0.625	73	0.625	0.625	
18	28	-14	4	2	1	9	157	0.479	1.155	430	0.500	1.125	241	0.500	1.000	46	0.604	1.500	113	0.625	0.625	
19	34	-20	4	1	0	0	59	0.250	1.125	408	0.375	0.375	295	0.625	0.780	291	0.625	0.780	272	0.625	0.625	
20	34	-36	4	1	1	4	174	0.250	0.250	314	0.375	0.375	76	0.479	1.155	81	0.500	0.875	176	0.625	0.625	
21	34	-29	4	1	2	0	196	0.375	0.375	285	0.375	1.375	276	0.479	1.280	64	0.500	1.000	321	0.500	0.500	
22	33	-15	4	0	1	2	341	0.375	1.375	445	0.500	0.500	199	0.500	0.500	319	0.604	1.375	255	0.625	0.780	
23	24	-37	4	1	-2	18	287	0.375	0.375	385	0.375	0.375	197	0.479	1.375	245	0.500	0.500	159	0.500	0.500	
24	33	-13	4	0	1	8	250	0.250	1.250	168	0.375	0.375	0	0.500	0.500	297	0.500	0.500	154	0.500	0.500	
25	34	-31	4	0	1	2	420	0.125	0.125	145	0.250	0.250	305	0.375	0.375	26	0.375	1.125	14	0.500	0.500	
26	34	-30	4	1	1	1	2	0.250	0.250	196	0.500	1.375	21	0.625	1.000	14	0.655	0.655	345	0.750	0.750	
27	35	-29	4	-2	1	9	155	0.250	0.250	491	0.479	1.405	69	0.479	1.155	196	0.500	1.000	285	0.604	1.500	
28	31	-31	4	1	1	0	353	0.354	1.405	311	0.500	1.000	405	0.604	1.589	65	0.604	1.155	320	0.625	0.625	
29	23	-34	4	-1	-1	0	357	0.375	0.375	236	0.500	1.250	62	0.625	0.625	369	0.625	0.625	229	0.625	1.375	
30	32	-36	4	1	1	0	94	0.354	1.405	184	0.500	0.500	334	0.530	0.530	140	0.625	0.750	136	0.625	0.625	
31	32	-14	4	-2	-1	29	319	0.250	0.250	231	0.375	0.375	210	0.375	1.000	416	0.500	0.500	302	0.625	0.625	
32	27	-13	4	0	1	4	303	0.250	0.250	87	0.250	1.250	454	0.375	1.000	85	0.375	0.375	477	0.375	0.375	
33	34	-35	4	-1	-2	8	72	0.125	0.125	387	0.375	0.375	327	0.479	1.405	314	0.500	1.125	176	0.500	1.375	
34	32	-17	4	1	2	0	453	0.250	0.250	309	0.479	1.375	93	0.625	1.250	22	0.684	1.714	338	0.729	1.604	
35	35	-13	4	-2	1	8	108	0.375	1.250	260	0.375	1.125	117	0.479	1.405	103	0.479	1.375	50	0.625	1.000	
36	29	-12	4	-1	0	12	451	0.500	0.500	467	0.604	1.839	248	0.604	1.250	301	0.625	1.030	104	0.625	0.780	
37	31	-12	4	1	-1	6	67	0.250	0.250	495	0.479	1.155	124	0.500	1.375	43	0.500	0.875	286	0.530	0.530	
38	32	-29	4	1	0	0	2	0.604	1.589	499	0.604	1.405	405	0.625	1.280	353	0.750	0.625	101	0.750	0.905	
39	35	-14	4	2	1	0	148	0.250	0.250	242	0.500	0.500	58	0.750	0.750	35	0.750	1.250	394	0.875	0.750	
40	25	-15	4	2	-1	42	12	0.500	0.500	150	0.750	0.625	78	0.875	1.125	41	0.875	1.030	303	0.979	1.686	
41	26	-14	4	2	1	9	425	0.375	0.375	32	0.604	1.375	78	0.625	0.625	344	0.625	0.875	407	0.750	0.905	
42	28	-35	4	0	-1	1	432	0.250	1.375	490	0.250	1.125	256	0.375	0.375	144	0.375	1.250	336	0.500	0.500	
43	31	-13	4	1	-1	0	339	0.250	0.250	412	0.479	1.155	210	0.500	1.375	124	0.500	0.500	302	0.604	1.530	
44	31	-11	4	-2	-1	0	476	0.250	0.250	107	0.375	1.000	487	0.500	1.125	134	0.500	1.125	37	0.625	1.250	
45	33	-13	4	-1	0	3	168	0.125	0.125	331	0.250	1.250	450	0.250	1.125	0	0.500	1.000	24	0.500	0.500	
46	29	-13	4	1	2	0	157	0.375	0.375	151	0.500	0.500	442	0.500	0.500	134	0.559	1.589	286	0.625	1.250	
47	35	-25	4	-1	0	76	105	0.125	0.125	239	0.500	0.500	206	0.500	0.500	63	0.500	0.500	15	0.729	1.375	
48	26	-35	4	-2	1	32	455	0.125	0.125	263	0.125	0.125	216	0.375	1.250	51	0.625	0.750	253	0.729	1.464	
49	28	-14	4	-2	1	8	9	0.250	0.250	437	0.375	1.250	32	0.479	1.375	224	0.500	0.500	301	0.500	0.500	
50	34	-13	4	0	-1	8	108	0.250	0.250	193	0.375	1.125	367	0.500	1.250	203	0.604	1.589	260	0.625	0.625	
51	25	-35	4	0	1	31	100	0.625	0.780	263	0.625	0.625	347	0.750	0.750	208	0.750	0.750	216	0.750	0.750	
52	34	-22	4	1	2	1	183	0.375	0.375	295	0.479	1.405	112	0.625	0.625	408	0.625	0.750	278	0.750	1.030	
53	27	-35	4	-1	2	4	208	0.125	0.125	434	0.500	0.500	421	0.500	0.500	252	0.625	0.625	48	0.625	0.875	
54	29	-34	4	1	-1	24	247	0.125	0.125	167	0.375	0.375	122	0.500	1.000	211	0.604	1.714	212	0.625	1.250	
55	33	-11	4	1	1	8	115	0.250	0.250	337	0.375	0.375	325	0.375	0.375	198	0.625	0.625	103	0.780	0.625	
56	35	-34	4	2	1	0	171	0.250	0.250	362	0.375	0.375	10	0.500	0.500	469	0.500	0.500	76	0.625	0.625	
57	32	-13	4	1	-1	0	495	0.375	0.375	379	0.479	1.280	302	0.500	0.875	450	0.500	0.500	31	0.625	1.250	
58	34	-14	4	0	1	0	297	0.250	1.250	255	0.250	0.250	260	0.375	1.000	341	0.375	0.375	168	0.604	1.375	
59	35	-20	4	1	-1	0	390	0.500	0.500	403	0.500	1.000	204	0.625	1.250	86	0.750	0.750	408	0.780	0.625	
60	32	-31	4	-1	2	3	75	0.125	0.125	65	0.375	1.125	353	0.500	1.375	311	0.500	0.500	368	0.625	0.625	
61	27	-11	4	1	-2	4	262	0.500	1.125	180	0.625	0.875	441	0.625	1.375	128	0.729	1.280	182	0.729	1.464	
62	23	-34	4	2	-1	48	357	0.250	0.250	100	0.375	1.250	478	0.604	1.375	236	0.625	0.875	29	0.625	0.625	
63	35	-25	4	0	1	11	298	0.375	1.000	165	0.500	0.500	7	0.500	1.500	158	0.604	1.589	389	0.875	1.125	
64	34	-28	4	1	1	0	218	0.354	1.405	285	0.375	0.375	491	0.500	0.500	222	0.625	1.125	446	0.750	0.750	
65	32	-30	4	-1	2	0	353	0.250	0.250	475	0.500	0.500	38	0.625	1.000	101	0.625	0.625	4	0.625	1.250	
66	31	-33	4	1	-2	0	482	0.250	0.250	179	0.559	1.589	373	0.604	1.280	484	0.625	0.750	470	0.625	0.625	
67	31	-12	4	1	0	0	37	0.250	0.250	279	0.500	1.000	129	0.625	0.625	310	0.625	0.625	480	0.625	1.280	
68	30	-36	4	-1	1	7	149	0.125	0.125	282	0.375	0.375	207	0.375	0.375	181	0.500	0.500	304	0.500	1.375	
69	34	-28	4	-1	0	16	491	0.250	0.250	446	0.375	1.000	285	0.375	0.375	110	0.375	1.250	340	0.500	0.500	
70	35	-26	4	0	1	4	63	0.250	1.375	206	0.375	0.375	47	0.500	0.875	105	0.625	1.000	381	0.750	0.750	
71	33	-21	4	1	-1	0	183	0.354	1.280	408	0.625	1.125	449	0.729	1.714	471	0.854	1.714	295	0.875	1.561	
72	34	-35	4	0	-1	7	33	0.125	0.125	176	0.250	1.250	314	0.500	1.000	387	0.500	0.500	327	0.625	1.280	
73	31	-36	4	1	-2	0	443	0.125	0.125	415	0.250	0.250	214	0.250	0.250	17	0.625	0.625	184	0.625	0.750	
74	30	-16	4	0	-1	13	418	0.250	0.250	426	0.375	0.375	348	0.375	0.375	164	0.500	0.500	147	0.729	1.250	
75	32	-31	4	0	1	0	60	0.125	0.125	353	0.250	1.250	311	0.375	0.375	65	0.500	1.250	368	0.500	0.500	
76	35	-35	4	2	-1	0	56	0.625	0.625	362	0.750	0.625	8	0.750	1.250	72	0.750	0.750	497	0.750	0.750	
77	32	-16	4	1	-1	0	413	0.250	0.250	93	0.479	1.530	11	0.530	0.530	377	0.625	0.625	200	0.625	0.625	
78	26	-14	4	-1	1	13	425	0.250	0.250	456	0.354	1.405	125	0.354	1.280	406	0.375	0.375	479	0.479	1.530	
79	35	-27	4	-1	1	0	218	0.375	0.375	491	0.530	0.530	70	0.625	1.125	285	0.655	0.655	206	0.750	0.750	
80	35	-34	4	0	-1	8	469	0.125	0.125	362	0.250	0.250	76	0.375	1.000	177	0.375	0.375	397	0.625	0.625	
81	34	-35	4	1	1	0	171	0.354	1.405	10	0.604	1.155	56	0.604	1.405	76	0.625	1.250	174	0.625	0.625	
82	33	-36	4	-2	1	0	283	0.125	0.125	327	0.375	0.375	195	0.500	1.375	140	0.500	0.500	102	0.500	0.500	
83	34	-32	4	2	1	0	194	0.125	0.125	209	0.250	0.250	14	0.604	1.500	424	0.625	0.750	145	0.625	0.750	
84	25	-13	4	0	-1	15	306	0.250	1.125	290	0.250	0.250	182	0.375	0.375	150	0.375	1.125	234	0.500	0.500	
85	26	-13	4	0	1	2	344	0.125	0.125	458	0.250	0.250	97	0.250	0.250	32	0.375	0.375	456	0.500	0.500	
86	34	-20	4	-1	-2	18	19	0.625	0.625	137	0.729	1.464	272	0.750	0.750	390	0.750	0.625	403	0.750	1.030	
87	27	-12	4	1	2	0	313	0.250	0.250	166	0.250	0.250	248	0.479	1.155	169	0.479	1.375	180	0.500	0.500	
88	34	-26	4	2	1	0	381	0.375	1.250	63	0.604	1.375	351	0.625	1.000	70	0.625	0.750	165	0.750	1.155	
89	35	-28	4	2	-1	0	222	0.125	0.125	448	0.375	0.375	276	0.500	0.500	202	0.655	0.655	155	0.750	1.250	
90	28	-36	4	2	1	5	490	0.375	0.375	144	0.500	0.500	391	0.625	1.250	363	0.625	1.125	432	0.625	0.625	
91	34	-16	4	1	0	0	133	0.375	1.000	294	0.500	1.000	394	0.625	0.780	399	0.729	1.375	93	0.780	0.780	
92	32	-34	4	1	1	0	373	0.125	0.125	343	0.354	1.280	96	0.375	0.375	411	0.479	1.405	483	0.500	0.500	
93	33	-17	4	1	-1	0	127	0.500	0.500	309	0.625	0.625	153	0.625	0.625	410	0.729	1.714	492	0.854	1.354	
94	33	-35	4	1	2	0	161	0.500	0.500	350	0.604	1.280	296	0.604	1.500	118	0.625	1.625	20	0.655	0.655	
95	28	-34	4	-1	2	0	332	0.125	0.125	237	0.250	0.250	264	0.500	0.500	359	0.625	0.625	191	0.625	0.625	
96	32	-34	4	-1	2	0	92	0.375	0.375	373	0.500	0.500	232	0.500	1.125	395	0.559	1.589	375	0.625	0.750	
97	26	-13	4	-1	1	0	85	0.250	0.250	344	0.375	0.375	458	0.500	0.500	173	0.500	0.500	466	0.625	1.000	
98	34	-23	4	1	1	0	158	0.250	0.250	449	0.625	0.625	163	0.625	0.625	278	0.729	1.714	261	0.750	0.750	
99	32	-31	4	1	-2	4	235	0.375	0.375	368	0.375	0.375	328	0.375	1.000	281	0.479	1.375	311	0.500	0.500	
100	24	-34	4	1	1	8	51	0.780	0.625	481	0.875	1.030	223	1.000	1.155	229	1.030	0.854	126	1.229	1.561	
101	33	-30	4	1	2	0	257	0.250	0.250	65	0.625	0.625	405	0.625	0.625	353	0.625	0.625	145	0.655	0.655	
102	33	-36	4	-1	-2	1	327	0.125	0.125	82	0.500	0.500	17	0.625	0.625	283	0.625	0.625	176	0.625	0.625	
103	34	-12	4	0	1	0	117	0.250	0.250	198	0.375	1.375	250	0.500	0.500	325	0.625	1.155	55	0.625	0.780	
104	28	-11	4	-1	-1	1	441	0.354	1.405	454	0.479	1.155	262	0.604	1.405	169	0.750	0.750	248	0.750	0.750	
105	35	-25	4	-2	-1	3	47	0.125	0.125	15	0.479	1.500	239	0.625	0.625	206	0.625	0.625	381	0.625	1.250	
106	34	-32	4	-1	-1	2	254	0.125	0.125	462	0.354	1.280	372	0.375	0.375	1	0.500	0.875	371	0.604	1.405	
107	30	-11	4	-1	-1	0	487	0.125	0.125	388	0.250	0.250	36	0.354	1.280	451	0.479	1.280	134	0.625	0.625	
108	34	-13	4	-1	-1	1	50	0.250	0.250	260	0.375	0.375	379	0.479	1.280	367	0.500	1.000	193	0.500	1.375	
109	23	-36	4	-2	1	9	274	0.375	1.250	384	0.500	1.375	369	0.500	0.500	356	0.500	0.500	436	0.625	0.625	
110	33	-28	4	-2	1	1	446	0.250	0.250	499	0.500	0.500	285	0.875	0.625	186	1.000	0.780	321	1.000	0.375	
111	31	-16	4	1	0	0	77	0.250	1.125	147	0.375	0.375	426	0.500	0.500	266	0.500	0.500	199	0.604	1.375	
112	34	-22	4	-1	0	13	52	0.625	0.625	471	0.750	0.750	158	0.875	0.500	137	0.875	0.750	205	0.964	0.964	
113	28	-13	4	2	1	0	157	0.375	1.250	151	0.500	1.375	152	0.500	0.500	46	0.500	0.875	18	0.625	0.625	
114	29	-33	4	-1	1	2	332	0.530	0.530	393	0.625	0.625	95	0.655	0.655	485	0.875	0.875	359	0.979	1.030	
115	33	-11	4	1	0	0	337	0.125	0.125	55	0.250	0.250	488	0.375	1.000	325	0.625	0.625	250	0.750	0.625	
116	30	-13	4	1	1	0	442	0.250	0.250	67	0.354	1.280	286	0.500	0.500	310	0.604	1.155	300	0.625	1.250	
117	34	-12	4	-1	1	0	103	0.250	0.250	325	0.354	1.405	493	0.479	1.155	293	0.500	0.500	198	0.625	1.125	
118	33	-33	4	-1	1	0	462	0.250	0.250	371	0.375	0.375	162	0.500	0.500	411	0.625	0.625	383	0.625	1.125	
119	29	-11	4	1	2	0	248	0.500	0.500	134	0.625	0.625	16	0.750	1.000	322	0.750	0.750	388	0.875	1.125	
120	27	-36	4	-1	0	9	463	0.125	0.125	270	0.250	1.125	447	0.375	0.375	464	0.500	1.000	455	0.625	1.030	
121	35	-33	4	0	1	0	424	0.250	1.375	25	0.604	1.589	194	0.625	0.780	209	0.750	0.905	83	0.750	0.905	
122	30	-34	4	2	-1	0	366	0.250	0.250	484	0.375	1.250	428	0.375	0.375	212	0.500	0.500	238	0.500	1.125	
123	22	-36	4	1	-2	1	187	0.125	0.125	132	0.125	0.125	269	0.250	0.250	498	0.375	0.375	384	0.500	0.500	
124	31	-13	4	-1	-1	1	339	0.250	0.250	323	0.354	1.280	376	0.375	0.375	210	0.500	0.875	43	0.500	0.500	
125	25	-13	4	-1	0	14	479	0.250	0.250	290	0.250	0.250	456	0.375	0.375	190	0.500	0.500	306	0.625	0.625	
126	26	-36	4	1	-1	0	396	0.125	0.125	439	0.125	0.125	382	0.479	1.280	270	0.500	0.500	444	0.655	0.655	
127	33	-17	4	-1	-1	0	93	0.500	0.500	277	0.500	0.500	153	0.625	0.625	280	0.750	1.125	413	0.780	0.625	
128	28	-12	4	2	1	0	169	0.500	0.500	119	0.604	1.500	113	0.625	0.625	322	0.625	1.250	248	0.750	1.000	
129	31	-11	4	1	1	0	480	0.500	0.875	67	0.625	0.625	279	0.655	0.655	134	0.750	0.750	476	0.875	0.875	
130	31	-32	4	-2	-1	4	201	0.250	0.250	170	0.375	0.375	346	0.479	1.405	422	0.479	1.155	482	0.625	0.875	
131	21	-35	4	2	-1	5	187	0.479	1.405	269	0.479	1.280	132	0.604	1.405	486	0.684	1.464	123	0.729	1.530	
132	22	-36	4	1	-1	0	269	0.125	0.125	123	0.125	0.125	187	0.250	0.250	498	0.250	0.250	358	0.500	0.500	
133	35	-16	4	1	-2	0	244	0.125	0.125	271	0.500	1.125	141	0.500	1.375	153	0.750	0.905	294	0.750	0.750	
134	30	-11	4	-1	2	0	487	0.500	0.500	119	0.625	0.625	107	0.625	0.625	129	0.750	0.750	374	0.750	0.750	
135	29	-35	4	2	1	0	5	0.375	1.000	212	0.479	1.500	167	0.625	0.625	484	0.684	1.714	54	0.750	0.750	
136	32	-35	4	1	0	0	440	0.125	0.125	427	0.250	0.250	94	0.500	1.000	373	0.500	0.500	161	0.500	0.500	
137	35	-22	4	0	-1	16	251	0.125	0.125	335	0.250	1.375	474	0.375	1.000	389	0.625	1.625	471	0.625	1.155	
138	33	-30	4	-2	-1	5	475	0.375	1.125	235	0.479	1.405	99	0.604	1.280	65	0.625	1.125	405	0.625	0.625	
139	27	-13	4	-1	-2	5	467	0.125	0.125	407	0.375	0.375	437	0.375	1.000	477	0.500	0.500	182	0.500	0.500	
140	33	-36	4	1	2	0	283	0.375	0.375	94	0.375	1.125	81	0.479	1.405	82	0.500	0.500	76	0.729	1.604	
141	35	-17	4	-1	-2	19	271	0.250	0.250	153	0.500	0.500	380	0.625	1.125	315	0.684	1.714	318	0.750	1.250	
142	31	-30	4	-1	-2	3	4	0.125	0.125	275	0.500	0.500	320	0.500	1.375	368	0.729	1.375	328	0.729	1.714	
143	34	-36	4	-2	1	0	327	0.375	1.250	283	0.375	1.000	102	0.500	1.125	82	0.500	1.125	387	0.500	0.500	
144	28	-36	4	1	-2	0	432	0.125	0.125	490	0.125	0.125	90	0.500	0.500	225	0.625	0.625	363	0.625	0.625	
145	34	-31	4	1	1	0	305	0.125	0.125	420	0.125	0.125	25	0.250	0.250	324	0.354	1.405	345	0.375	0.375	
146	30	-15	4	1	-2	1	426	0.479	1.155	111	0.479	1.375	418	0.500	1.000	266	0.625	1.125	348	0.625	0.875	
147	31	-17	4	1	0	0	453	0.250	1.250	111	0.375	0.375	34	0.500	1.000	77	0.750	0.780	354	0.780	0.780	
148	35	-14	4	2	-1	0	242	0.250	0.250	39	0.250	0.250	394	0.750	0.750	404	0.750	1.250	367	0.875	0.875	
149	30	-36	4	-1	2	1	68	0.125	0.125	207	0.250	0.250	282	0.500	0.500	5	0.500	1.250	181	0.625	0.625	
150	25	-14	4	1	-1	0	12	0.500	1.250	306	0.500	0.500	41	0.625	1.250	234	0.655	0.655	246	0.750	0.750	
151	29	-13	4	2	-1	0	157	0.125	0.125	286	0.375	1.000	116	0.375	1.250	46	0.500	0.500	322	0.500	0.500	
152	28	-13	4	1	-2	1	430	0.479	1.280	224	0.500	1.375	113	0.500	0.500	9	0.500	1.125	139	0.625	0.625	
153	34	-17	4	0	-1	4	141	0.500	0.500	227	0.604	1.589	93	0.625	0.625	380	0.625	0.625	410	0.729	1.375	
154	32	-13	4	1	2	0	495	0.250	0.250	0	0.250	0.250	250	0.479	1.280	331	0.500	0.500	473	0.500	1.125	
155	35	-29	4	-2	-1	6	27	0.250	0.250	196	0.500	1.250	491	0.750	1.155	340	0.839	0.839	138	0.854	1.839	
156	29	-15	4	-1	1	0	401	0.125	0.125	312	0.250	0.250	9	0.479	1.155	49	0.479	1.405	217	0.500	1.250	
157	29	-13	4	1	0	0	151	0.125	0.125	286	0.250	1.125	322	0.375	0.375	46	0.375	0.375	116	0.375	1.125	
158	34	-23	4	0	1	0	98	0.250	0.250	52	0.250	1.250	112	0.500	0.875	7	0.625	0.625	278	0.684	1.464	
159	24	-37	4	2	1	0	385	0.125	0.125	23	0.500	0.500	396	0.559	1.589	364	0.625	0.625	444	0.625	1.375	
160	26	-38	4	1	-2	1	419	0.250	0.250	192	0.625	0.625	326	0.875	0.500	382	0.905	0.625	349	1.000	1.000	
161	32	-35	4	0	1	0	433	0.250	0.250	440	0.375	0.375	92	0.375	1.125	373	0.500	1.000	136	0.500	0.500	
162	33	-33	4	1	1	0	411	0.125	0.125	343	0.250	0.250	209	0.354	1.405	83	0.479	1.405	118	0.500	0.500	
163	34	-24	4	1	0	0	261	0.125	0.125	298	0.250	1.250	183	0.750	0.750	98	0.750	0.625	449	0.750	0.625	
164	31	-16	4	-1	-2	11	426	0.125	0.125	74	0.500	0.500	413	0.500	0.500	111	0.625	0.625	77	0.750	0.750	
165	35	-25	4	1	0	0	63	0.500	0.500	298	0.500	0.500	381	0.625	0.625	351	0.750	0.875	105	0.875	0.875	
166	27	-12	4	-1	2	0	454	0.250	0.250	87	0.250	0.250	262	0.500	0.500	313	0.500	0.500	466	0.625	0.625	
167	29	-34	4	2	1	0	54	0.375	0.375	247	0.500	0.500	366	0.500	1.125	122	0.500	1.375	191	0.500	0.500	
168	33	-13	4	-2	1	1	45	0.125	0.125	450	0.375	1.250	24	0.375	0.375	473	0.479	1.280	0	0.500	0.875	
169	28	-11	4	1	0	0	119	0.500	1.000	128	0.500	0.500	248	0.500	0.500	322	0.625	1.030	451	0.729	1.250	
170	31	-32	4	0	-1	0	201	0.125	0.125	66	0.250	1.250	130	0.375	0.375	482	0.500	1.250	233	0.604	1.589	
171	35	-34	4	1	2	0	56	0.250	0.250	10	0.250	0.250	121	0.375	1.250	362	0.625	0.625	469	0.750	0.750	
172	25	-38	4	1	1	4	197	0.250	0.250	349	0.375	0.375	326	0.375	0.375	419	0.500	1.250	159	0.655	0.655	
173	26	-13	4	-1	-1	0	182	0.250	0.250	234	0.375	0.375	306	0.479	1.530	190	0.479	1.155	97	0.500	0.500	
174	34	-36	4	1	0	0	314	0.125	0.125	20	0.250	0.250	497	0.250	1.125	176	0.375	0.375	81	0.750	0.625	
175	31	-36	4	1	1	0	136	0.354	1.280	415	0.375	0.375	440	0.479	1.405	161	0.479	1.280	443	0.500	0.500	
176	34	-36	4	1	-2	0	314	0.250	0.250	174	0.375	0.375	102	0.625	0.625	20	0.625	0.625	327	0.750	0.750	
177	34	-34	4	0	-1	7	494	0.250	0.250	397	0.250	0.250	80	0.375	0.375	72	0.375	1.375	431	0.375	0.375	
178	35	-11	4	-1	0	1	417	0.125	0.125	365	0.375	0.375	284	0.604	1.589	117	0.625	0.780	409	0.625	0.625	
179	32	-35	4	-1	-2	7	258	0.250	0.250	427	0.375	0.375	17	0.375	1.125	184	0.375	1.250	195	0.625	0.875	
180	27	-12	4	2	-1	0	313	0.250	0.250	152	0.479	1.500	87	0.500	0.500	128	0.500	1.375	441	0.500	0.500	
181	30	-36	4	-1	-1	0	282	0.125	0.125	68	0.500	0.500	342	0.500	1.000	149	0.625	0.625	304	0.625	0.875	
182	26	-13	4	0	-1	4	234	0.125	0.125	173	0.250	0.250	406	0.375	1.000	84	0.375	0.375	139	0.500	0.500	
183	34	-22	4	1	0	0	52	0.375	0.375	408	0.375	0.375	137	0.500	0.875	98	0.625	0.625	474	0.625	1.155	
184	32	-36	4	1	-1	0	17	0.375	0.375	30	0.500	0.500	195	0.625	0.625	136	0.625	0.625	140	0.625	1.250	
185	30	-35	4	-1	-1	1	342	0.479	1.405	181	0.500	0.875	363	0.604	1.155	304	0.604	1.530	233	0.625	0.625	
186	34	-27	4	-1	2	0	340	0.500	0.500	88	0.625	1.125	218	0.625	0.625	79	0.750	0.625	70	0.750	0.905	
187	22	-36	4	0	-1	0	123	0.125	0.125	132	0.250	0.250	384	0.375	0.375	269	0.375	0.375	498	0.500	0.500	
188	31	-30	4	2	1	0	38	0.604	1.155	353	0.625	0.875	99	0.729	1.280	142	0.750	0.750	28	0.750	0.625	
189	29	-15	4	2	1	0	312	0.375	0.375	146	0.500	1.125	401	0.500	0.500	156	0.625	0.625	217	0.625	0.875	
190	25	-14	4	-2	1	5	306	0.375	0.375	125	0.500	0.500	456	0.625	0.875	97	0.655	0.655	425	0.750	0.750	
191	29	-34	4	-1	2	0	114	0.500	1.000	167	0.500	0.500	237	0.625	0.875	212	0.625	0.625	95	0.625	0.625	
192	26	-38	4	1	1	0	419	0.375	0.375	160	0.625	0.625	349	0.750	0.750	172	0.875	0.500	444	0.905	0.729	
193	34	-14	4	1	-1	0	367	0.375	0.375	394	0.479	1.530	39	0.500	1.250	148	0.500	1.000	11	0.530	0.530	
194	34	-32	4	1	1	0	83	0.125	0.125	209	0.125	0.125	14	0.354	1.405	145	0.500	0.875	424	0.625	0.625	
195	32	-36	4	-2	-1	1	17	0.250	0.250	214	0.500	0.875	184	0.625	0.625	258	0.625	0.625	68	0.625	1.625	
196	34	-29	4	-1	1	0	446	0.354	1.405	21	0.375	0.375	64	0.500	1.375	491	0.500	0.875	110	0.604	1.405	
197	25	-38	4	1	0	0	326	0.125	0.125	172	0.250	0.250	160	0.375	1.000	192	0.375	1.125	444	0.500	0.500	
198	34	-11	4	0	1	1	325	0.500	0.500	365	0.500	0.500	55	0.625	0.625	288	0.750	1.125	115	0.875	0.500	
199	32	-15	4	1	2	0	215	0.250	0.250	445	0.250	0.250	231	0.375	1.250	360	0.375	1.000	412	0.500	0.875	
200	33	-16	4	0	-1	0	127	0.250	1.125	413	0.375	0.375	93	0.375	1.125	309	0.500	0.500	77	0.625	0.625	
201	31	-32	4	-1	-2	4	170	0.125	0.125	130	0.250	0.250	66	0.375	1.375	346	0.479	1.405	422	0.479	1.375	
202	34	-29	4	1	-1	0	405	0.530	0.530	21	0.625	0.625	2	0.750	0.625	448	0.780	0.625	276	0.854	1.155	
203	33	-15	4	0	-1	0	11	0.250	0.250	200	0.375	1.375	6	0.375	0.375	280	0.604	1.589	91	0.604	1.250	
204	35	-21	4	-2	-1	0	278	0.500	0.500	403	0.500	0.500	251	0.625	0.875	205	0.625	0.625	390	0.750	0.625	
205	35	-20	4	-2	1	2	390	0.375	0.375	86	0.500	1.125	438	0.604	1.500	204	0.625	0.625	272	0.625	0.875	
206	35	-26	4	-2	1	0	239	0.250	0.250	70	0.375	0.375	15	0.500	1.125	47	0.500	0.500	105	0.625	0.625	
207	30	-36	4	1	2	0	149	0.250	0.250	68	0.375	0.375	334	0.479	1.405	5	0.500	1.000	211	0.604	1.500	
208	27	-35	4	0	1	0	53	0.125	0.125	421	0.375	0.375	434	0.375	0.375	252	0.500	0.500	391	0.625	0.625	
209	34	-32	4	1	2	0	194	0.125	0.125	83	0.250	0.250	25	0.375	1.250	145	0.375	1.000	372	0.500	0.500	
210	31	-14	4	-1	-1	0	146	0.604	1.155	323	0.625	1.125	265	0.655	0.655	156	0.729	1.589	472	0.750	0.750	
211	31	-35	4	2	1	0	334	0.125	0.125	427	0.375	1.250	440	0.375	1.125	92	0.479	1.405	484	0.500	0.500	
212	30	-34	4	1	2	0	122	0.500	0.500	191	0.625	0.625	238	0.625	0.625	333	0.625	0.625	452	0.625	0.875	
213	34	-17	4	-1	2	1	318	0.125	0.125	380	0.250	0.250	91	0.750	1.000	386	0.750	1.280	277	0.750	0.750	
214	31	-36	4	-1	-2	0	73	0.250	0.250	443	0.375	0.375	415	0.500	0.500	17	0.625	0.625	68	0.625	1.250	
215	32	-15	4	2	1	0	199	0.250	0.250	11	0.375	1.250	445	0.500	0.500	341	0.604	1.375	6	0.625	0.625	
216	25	-35	4	-1	-1	0	253	0.354	1.280	223	0.375	0.375	481	0.500	0.500	270	0.530	0.530	109	0.604	1.714	
217	29	-14	4	1	2	0	241	0.125	0.125	398	0.500	0.500	46	0.500	1.125	300	0.559	1.589	157	0.625	0.750	
218	35	-27	4	1	2	0	79	0.375	0.375	206	0.500	1.125	70	0.500	1.250	186	0.625	0.625	219	0.625	0.625	
219	35	-27	4	1	-1	0	218	0.625	0.625	448	0.625	1.125	222	0.625	0.625	89	0.750	0.750	69	0.979	1.250	
220	26	-15	4	-2	-1	22	12	0.500	0.875	406	0.625	0.625	306	0.750	0.655	78	0.750	0.750	40	1.000	1.000	
221	35	-18	4	-2	1	0	228	0.250	0.250	318	0.479	1.405	213	0.604	1.500	378	0.625	0.875	271	0.625	0.625	
222	35	-28	4	1	0	0	89	0.125	0.125	276	0.375	0.375	448	0.500	0.500	219	0.625	0.625	218	0.750	0.750	
223	25	-35	4	1	-2	0	481	0.125	0.125	216	0.375	0.375	126	0.479	1.405	478	0.500	0.500	396	0.604	1.500	
224	28	-14	4	-1	-2	20	9	0.250	0.250	49	0.500	0.500	465	0.604	1.280	430	0.625	0.625	467	0.655	0.655	
225	28	-36	4	-1	0	0	329	0.250	0.250	463	0.250	1.250	336	0.375	0.375	120	0.375	1.375	432	0.500	0.500	
226	30	-13	4	-1	0	2	265	0.375	0.375	374	0.375	0.375	323	0.375	0.375	442	0.500	0.500	36	0.625	1.030	
227	33	-19	4	0	-1	5	315	0.375	0.375	19	0.604	1.250	423	0.625	0.625	370	0.750	0.750	86	0.750	0.905	
228	35	-18	4	-1	2	3	221	0.250	0.250	213	0.479	1.280	380	0.479	1.500	410	0.500	0.500	378	0.625	0.625	
229	23	-35	4	1	-1	0	236	0.125	0.125	355	0.354	1.405	132	0.530	0.530	436	0.625	0.625	478	0.625	0.625	
230	32	-33	4	1	-2	0	470	0.250	0.250	316	0.375	0.375	483	0.375	1.000	461	0.479	1.280	232	0.500	0.500	
231	32	-14	4	-1	1	0	319	0.125	0.125	31	0.375	0.375	376	0.479	1.405	0	0.500	1.000	360	0.500	0.500	
232	32	-33	4	2	1	0	316	0.125	0.125	343	0.375	1.250	162	0.375	1.000	230	0.500	0.500	411	0.500	1.125	
233	30	-34	4	-1	0	0	191	0.375	1.000	422	0.375	0.375	428	0.500	0.500	336	0.604	1.589	42	0.604	1.589	
234	26	-13	4	1	-2	2	182	0.125	0.125	173	0.375	0.375	84	0.500	0.500	406	0.500	1.125	139	0.625	0.625	
235	32	-31	4	-1	-1	0	201	0.354	1.405	99	0.375	0.375	170	0.479	1.280	1	0.530	0.530	4	0.530	0.530	
236	23	-35	4	1	-2	0	229	0.125	0.125	355	0.479	1.280	436	0.500	0.500	478	0.500	0.500	369	0.625	0.625	
237	28	-34	4	-2	1	0	332	0.125	0.125	95	0.250	0.250	264	0.250	0.250	359	0.375	0.375	336	0.500	0.500	
238	31	-34	4	1	2	0	333	0.250	0.250	484	0.375	0.375	316	0.479	1.375	232	0.604	1.500	212	0.625	0.625	
239	35	-26	4	-2	-1	4	206	0.250	0.250	351	0.375	0.375	340	0.479	1.280	15	0.500	0.875	47	0.500	0.500	
240	23	-35	4	0	1	6	51	0.750	0.750	229	0.750	0.750	347	0.750	0.625	29	0.750	1.125	267	0.750	0.750	
241	29	-14	4	1	1	0	217	0.125	0.125	442	0.479	1.280	46	0.500	1.000	116	0.604	1.530	43	0.604	1.589	
242	35	-14	4	1	-2	1	148	0.250	0.250	394	0.375	1.000	404	0.500	1.125	39	0.500	0.500	367	0.625	0.625	
243	32	-12	4	-1	-2	19	392	0.125	0.125	450	0.375	1.000	57	0.375	1.250	473	0.500	0.500	284	0.500	0.500	
244	35	-16	4	0	-1	0	133	0.125	0.125	271	0.375	1.000	141	0.375	1.250	153	0.625	1.030	380	0.750	1.375	
245	24	-37	4	-2	-1	0	460	0.125	0.125	287	0.125	0.125	364	0.375	0.375	253	0.500	0.500	23	0.500	0.500	
246	25	-13	4	2	1	1	234	0.500	1.125	456	0.500	0.500	458	0.500	1.000	180	0.559	1.589	459	0.604	1.155	
247	29	-34	4	1	-2	0	54	0.125	0.125	167	0.500	0.500	428	0.500	0.500	366	0.625	0.625	122	0.625	0.875	
248	28	-11	4	0	1	0	169	0.500	0.500	119	0.500	0.500	134	0.875	0.875	166	0.905	0.729	454	0.905	0.905	
249	32	-19	4	-1	0	6	423	0.250	0.250	429	0.625	0.625	280	0.750	0.750	227	0.875	0.750	34	1.000	1.375	
250	33	-12	4	1	2	0	55	0.375	1.000	325	0.500	1.375	103	0.500	0.500	279	0.625	0.625	115	0.625	0.750	
251	35	-22	4	-1	-2	16	137	0.125	0.125	471	0.479	1.280	335	0.500	1.250	474	0.625	1.125	449	0.750	1.030	
252	27	-35	4	1	0	0	421	0.125	0.125	208	0.500	0.500	432	0.604	1.250	490	0.625	1.280	53	0.625	0.625	
253	24	-36	4	-1	0	0	109	0.250	1.250	460	0.375	0.375	347	0.500	0.500	245	0.500	0.500	287	0.625	0.625	
254	34	-32	4	-2	-1	3	106	0.125	0.125	372	0.250	0.250	1	0.375	1.000	371	0.479	1.280	383	0.625	1.000	
255	34	-14	4	-1	1	0	58	0.250	0.250	45	0.354	1.280	24	0.479	1.280	168	0.604	1.405	367	0.625	0.625	
256	28	-35	4	-2	-1	0	336	0.125	0.125	391	0.375	0.375	42	0.375	0.375	225	0.500	0.500	144	0.625	1.125	
257	33	-30	4	2	1	0	101	0.250	0.250	405	0.375	0.375	26	0.500	1.000	21	0.604	1.500	2	0.625	1.250	
258	32	-35	4	-2	-1	0	179	0.250	0.250	433	0.375	0.375	214	0.604	1.500	73	0.604	1.280	195	0.625	0.625	
259	35	-16	4	-1	2	3	492	0.125	0.125	294	0.250	0.250	399	0.500	1.125	318	0.655	0.655	58	0.684	1.714	
260	34	-13	4	-2	1	0	108	0.375	0.375	45	0.375	1.250	297	0.500	0.500	168	0.500	1.125	24	0.625	0.750	
261	34	-24	4	2	-1	0	163	0.125	0.125	298	0.500	1.375	165	0.750	1.155	389	0.750	0.875	98	0.750	0.750	
262	27	-12	4	-2	-1	11	441	0.250	0.250	454	0.250	0.250	173	0.479	1.405	182	0.479	1.375	166	0.500	0.500	
263	26	-35	4	-1	1	0	48	0.125	0.125	455	0.250	0.250	216	0.500	1.375	51	0.625	0.625	400	0.625	0.625	
264	28	-34	4	-2	-1	2	359	0.125	0.125	237	0.250	0.250	332	0.375	0.375	336	0.500	0.500	95	0.500	0.500	
265	30	-13	4	-1	-2	1	286	0.375	0.375	226	0.375	0.375	339	0.500	0.500	398	0.604	1.280	323	0.625	0.750	
266	31	-15	4	2	1	0	412	0.479	1.280	111	0.500	0.500	199	0.500	0.875	215	0.500	1.125	472	0.500	0.500	
267	21	-35	4	0	1	13	131	0.625	0.625	240	0.750	0.750	358	0.780	0.780	62	0.934	1.479	356	0.964	0.964	
268	33	-31	4	1	-2	1	1	0.375	1.250	489	0.375	1.000	83	0.604	1.280	99	0.625	0.625	345	0.625	0.875	
269	22	-36	4	2	-1	0	498	0.125	0.125	132	0.125	0.125	123	0.250	0.250	358	0.375	0.375	187	0.375	0.375	
270	26	-36	4	-1	-1	0	439	0.375	0.375	126	0.500	0.500	435	0.530	0.530	216	0.530	0.530	245	0.604	1.714	
271	35	-17	4	-2	-1	20	141	0.250	0.250	380	0.375	1.375	318	0.500	1.250	153	0.625	0.750	221	0.625	0.625	
272	34	-20	4	-1	2	2	438	0.375	1.125	19	0.625	0.625	370	0.750	0.905	308	0.750	0.750	86	0.750	0.750	
273	33	-34	4	1	-1	0	461	0.125	0.125	431	0.250	0.250	72	0.479	1.280	350	0.500	1.000	427	0.530	0.530	
274	22	-36	4	-1	0	2	384	0.125	0.125	187	0.500	0.500	267	0.604	1.250	123	0.625	0.625	132	0.750	0.750	
275	32	-30	4	0	-1	3	99	0.250	1.250	235	0.250	1.125	475	0.375	0.375	142	0.500	0.500	170	0.604	1.589	
276	35	-28	4	1	2	0	218	0.375	1.125	79	0.375	1.250	222	0.375	0.375	89	0.500	0.500	285	0.625	0.625	
277	33	-17	4	-1	1	0	377	0.479	1.155	127	0.500	0.500	386	0.500	1.000	199	0.729	1.714	309	0.750	1.125	
278	35	-21	4	-1	2	4	295	0.375	0.375	204	0.500	0.500	205	0.625	0.875	272	0.750	1.280	438	0.979	1.839	
279	32	-12	4	1	2	0	480	0.375	1.000	115	0.479	1.375	473	0.500	0.500	337	0.604	1.280	310	0.625	0.625	
280	32	-17	4	-1	0	1	377	0.500	0.500	34	0.625	0.625	164	0.750	0.905	249	0.750	0.750	416	0.750	0.750	
281	33	-32	4	1	0	0	83	0.250	1.250	489	0.250	0.250	343	0.375	0.375	194	0.375	1.125	209	0.500	1.000	
282	30	-36	4	-2	-1	0	181	0.125	0.125	68	0.375	0.375	304	0.375	1.000	149	0.500	0.500	342	0.500	1.125	
283	33	-36	4	-1	1	0	82	0.125	0.125	140	0.375	0.375	258	0.479	1.155	161	0.479	1.280	327	0.500	0.500	
284	33	-12	4	0	-1	2	243	0.500	0.500	108	0.625	0.780	293	0.625	0.625	50	0.625	1.030	57	0.625	0.780	
285	34	-28	4	-1	2	0	491	0.125	0.125	64	0.375	0.375	69	0.375	0.375	186	0.500	1.125	499	0.625	0.625	
286	30	-13	4	1	-1	0	472	0.354	1.280	265	0.375	0.375	116	0.500	0.500	37	0.530	0.530	412	0.604	1.714	
287	24	-37	4	-1	-1	0	245	0.125	0.125	460	0.250	0.250	23	0.375	0.375	364	0.500	0.500	361	0.625	1.250	
288	35	-11	4	1	-1	0	409	0.125	0.125	417	0.625	0.625	488	0.750	0.625	178	0.750	0.750	293	0.875	1.030	
289	28	-15	4	2	1	0	189	0.375	1.125	217	0.479	1.500	18	0.625	0.625	74	0.729	1.684	418	0.729	1.714	
290	25	-13	4	-1	-1	0	84	0.250	0.250	125	0.250	0.250	479	0.500	0.500	182	0.625	0.625	456	0.625	0.625	
291	35	-19	4	1	-1	0	299	0.375	0.375	390	0.500	1.375	315	0.625	0.625	59	0.625	0.875	410	0.750	0.750	
292	35	-31	4	-1	-1	2	13	0.375	0.375	372	0.479	1.155	106	0.479	1.530	1	0.604	1.589	254	0.604	1.405	
293	34	-12	4	-1	-1	0	45	0.354	1.280	168	0.479	1.155	117	0.500	0.500	331	0.604	1.714	50	0.625	1.125	
294	35	-16	4	1	2	0	492	0.125	0.125	259	0.250	0.250	399	0.500	1.375	58	0.729	1.464	255	0.729	1.714	
295	35	-21	4	1	1	0	278	0.375	0.375	403	0.625	0.625	205	0.625	1.250	19	0.780	0.625	438	0.854	1.464	
296	34	-34	4	2	1	0	350	0.250	0.250	494	0.375	0.375	121	0.479	1.375	171	0.500	0.875	362	0.500	1.250	
297	34	-13	4	1	2	0	117	0.375	1.250	103	0.375	1.250	260	0.500	0.500	24	0.500	0.500	365	0.559	1.589	
298	35	-24	4	2	1	0	165	0.500	0.500	474	0.625	0.625	7	0.625	1.250	98	0.655	0.655	389	0.750	0.750	
299	35	-19	4	-1	-2	15	291	0.375	0.375	390	0.375	1.000	59	0.375	1.250	86	0.479	1.280	315	0.500	0.500	
300	30	-12	4	-1	2	0	374	0.375	0.375	134	0.500	1.125	16	0.625	1.000	310	0.625	0.625	226	0.750	0.750	
301	28	-13	4	-1	0	3	496	0.125	0.125	330	0.250	0.250	477	0.250	1.250	467	0.250	1.125	139	0.375	1.000	
302	32	-14	4	1	-1	0	412	0.375	0.375	203	0.479	1.280	360	0.500	0.500	11	0.604	1.530	31	0.625	0.625	
303	27	-13	4	1	1	0	32	0.250	0.250	407	0.500	0.500	87	0.500	1.000	128	0.604	1.405	454	0.625	1.250	
304	29	-36	4	-1	-1	0	342	0.125	0.125	363	0.375	0.375	329	0.500	1.375	432	0.625	0.625	144	0.750	0.750	
305	34	-31	4	2	1	0	145	0.125	0.125	420	0.250	0.250	345	0.250	0.250	25	0.375	0.375	14	0.500	0.875	
306	25	-14	4	-1	-1	0	190	0.375	0.375	150	0.500	0.500	12	0.625	1.000	125	0.625	0.625	220	0.655	0.655	
307	31	-32	4	1	1	0	457	0.125	0.125	395	0.125	0.125	368	0.354	1.280	311	0.479	1.405	75	0.479	1.280	
308	33	-20	4	1	1	0	291	0.604	1.589	438	0.604	1.155	370	0.625	0.875	429	0.655	0.655	378	0.729	1.714	
309	33	-16	4	1	0	0	91	0.375	1.375	200	0.500	0.500	153	0.604	1.250	93	0.625	0.625	386	0.625	0.625	
310	31	-12	4	-1	2	2	129	0.375	1.250	134	0.479	1.280	487	0.604	1.280	300	0.625	0.625	279	0.625	0.625	
311	32	-31	4	2	1	0	368	0.125	0.125	75	0.375	0.375	268	0.500	1.125	99	0.500	0.500	60	0.500	0.500	
312	29	-15	4	0	1	0	401	0.125	0.125	217	0.250	1.250	156	0.250	0.250	398	0.375	1.000	189	0.375	0.375	
313	27	-12	4	2	1	0	87	0.250	0.250	180	0.250	0.250	128	0.375	1.125	248	0.479	1.375	169	0.479	1.155	
314	34	-36	4	2	-1	0	174	0.125	0.125	176	0.250	0.250	20	0.375	0.375	497	0.375	1.000	81	0.750	0.750	
315	34	-19	4	0	-1	0	227	0.375	0.375	299	0.500	0.500	86	0.500	1.250	390	0.625	0.780	403	0.729	1.714	
316	32	-33	4	1	0	0	232	0.125	0.125	411	0.250	1.250	230	0.375	0.375	343	0.375	1.375	162	0.375	1.125	
317	35	-32	4	0	-1	9	3	0.250	1.375	397	0.604	1.839	177	0.604	1.589	106	0.625	0.625	72	0.854	2.125	
318	34	-17	4	-1	1	0	380	0.125	0.125	213	0.125	0.125	386	0.354	1.405	277	0.500	0.875	127	0.500	1.375	
319	32	-14	4	-2	1	0	231	0.125	0.125	31	0.250	0.250	210	0.375	1.250	376	0.479	1.280	416	0.500	0.500	
320	31	-31	4	1	-2	1	130	0.500	1.125	170	0.500	1.250	470	0.559	1.589	99	0.625	0.625	28	0.625	0.625	
321	33	-29	4	0	1	12	499	0.250	1.250	110	0.375	1.000	446	0.500	1.250	21	0.500	0.500	64	0.625	1.280	
322	29	-12	4	1	0	0	157	0.375	0.375	151	0.500	0.500	451	0.500	0.500	339	0.604	1.589	43	0.604	1.839	
323	30	-14	4	-1	0	0	398	0.250	1.250	226	0.375	0.375	430	0.625	1.000	156	0.625	0.780	301	0.729	1.589	
324	35	-30	4	1	2	0	27	0.500	1.125	491	0.729	1.714	69	0.729	1.479	26	0.750	0.625	155	0.750	1.125	
325	33	-11	4	-1	2	2	55	0.375	0.375	493	0.500	0.500	198	0.500	0.500	480	0.750	0.750	310	0.839	0.839	
326	25	-38	4	2	-1	0	197	0.125	0.125	172	0.375	0.375	192	0.375	1.250	160	0.500	0.875	419	0.500	1.125	
327	33	-36	4	-1	-1	0	102	0.125	0.125	82	0.375	0.375	283	0.500	0.500	195	0.500	1.000	179	0.655	0.655	
328	32	-32	4	1	-1	0	343	0.354	1.280	411	0.479	1.155	368	0.625	0.625	316	0.625	0.625	470	0.625	1.250	
329	28	-36	4	-1	1	0	225	0.250	0.250	53	0.354	1.405	208	0.479	1.280	391	0.500	0.875	463	0.500	1.000	
330	28	-13	4	-1	1	0	496	0.125	0.125	301	0.250	0.250	166	0.354	1.405	262	0.479	1.155	454	0.479	1.405	
331	32	-13	4	-2	1	0	0	0.250	0.250	450	0.375	0.375	124	0.375	1.250	310	0.479	1.500	154	0.500	0.500	
332	28	-34	4	-1	1	0	237	0.125	0.125	95	0.125	0.125	264	0.375	0.375	359	0.500	0.500	114	0.530	0.530	
333	31	-34	4	-1	2	0	238	0.250	0.250	422	0.479	1.375	484	0.625	0.625	96	0.625	0.625	307	0.625	1.625	
334	31	-35	4	1	1	0	211	0.125	0.125	92	0.479	1.530	333	0.500	1.250	238	0.500	1.000	427	0.500	1.375	
335	35	-23	4	0	-1	3	389	0.375	1.250	474	0.375	0.375	471	0.500	0.500	449	0.500	0.500	105	0.625	1.375	
336	28	-35	4	-1	0	0	256	0.125	0.125	391	0.250	0.250	53	0.375	1.000	225	0.375	0.375	208	0.500	0.875	
337	33	-11	4	2	-1	0	115	0.125	0.125	55	0.375	0.375	488	0.500	0.875	288	0.625	1.375	325	0.750	0.750	
338	31	-15	4	-2	1	1	323	0.479	1.155	231	0.655	0.655	266	0.750	0.750	468	0.750	1.125	210	0.750	0.750	
339	31	-13	4	0	-1	0	43	0.250	0.250	210	0.250	1.125	124	0.250	0.250	265	0.500	0.500	57	0.625	0.625	
340	34	-27	4	-2	-1	4	186	0.500	0.500	69	0.500	0.500	491	0.750	0.750	155	0.839	0.839	15	0.875	0.500	
341	33	-14	4	0	1	0	168	0.375	1.000	24	0.375	1.375	58	0.375	0.375	331	0.604	1.375	0	0.625	1.155	
342	29	-36	4	-2	-1	0	304	0.125	0.125	225	0.375	1.250	329	0.375	1.250	363	0.500	0.500	432	0.625	0.750	
343	33	-33	4	1	0	0	411	0.125	0.125	162	0.250	0.250	281	0.375	0.375	177	0.604	1.250	362	0.604	1.839	
344	26	-13	4	1	2	0	85	0.125	0.125	458	0.125	0.125	97	0.375	0.375	466	0.375	1.375	32	0.500	0.500	
345	34	-31	4	2	-1	0	305	0.250	0.250	145	0.375	0.375	317	0.479	1.375	14	0.500	1.125	2	0.500	0.500	
346	30	-33	4	-1	-1	1	422	0.250	0.250	366	0.500	1.250	114	0.500	1.375	237	0.604	1.714	247	0.604	1.155	
347	24	-35	4	-2	1	0	369	0.375	1.250	253	0.500	0.500	436	0.500	1.375	100	0.625	1.250	240	0.625	0.750	
348	30	-16	4	2	-1	0	418	0.125	0.125	354	0.375	0.375	74	0.375	0.375	453	0.559	1.589	147	0.604	1.155	
349	25	-38	4	-1	2	6	172	0.375	0.375	460	0.604	1.405	364	0.604	1.405	197	0.625	0.625	414	0.729	1.464	
350	34	-34	4	2	-1	0	494	0.125	0.125	296	0.250	0.250	177	0.375	0.375	171	0.500	1.125	362	0.500	1.000	
351	35	-26	4	0	-1	10	381	0.250	0.250	219	0.250	1.125	239	0.375	0.375	15	0.500	0.500	69	0.604	1.589	
352	34	-18	4	1	1	0	378	0.375	0.375	318	0.500	1.375	410	0.500	1.000	213	0.625	1.250	380	0.625	1.250	
353	32	-30	4	1	2	0	65	0.250	0.250	321	0.479	1.155	257	0.625	0.875	405	0.625	1.250	101	0.625	0.625	
354	30	-16	4	1	1	0	348	0.375	0.375	418	0.500	0.500	266	0.604	1.405	189	0.655	0.655	111	0.750	1.125	
355	24	-36	4	1	-2	1	23	0.375	1.125	287	0.500	1.250	444	0.604	1.500	245	0.625	1.125	253	0.625	0.625	
356	23	-36	4	1	2	0	486	0.125	0.125	109	0.500	0.500	240	0.500	1.250	355	0.750	1.250	369	0.750	1.000	
357	23	-34	4	1	-2	1	62	0.250	0.250	29	0.375	0.375	229	0.375	1.000	436	0.500	1.125	236	0.500	1.125	
358	22	-36	4	1	1	1	498	0.250	0.250	269	0.375	0.375	240	0.479	1.280	132	0.500	0.500	123	0.625	0.625	
359	28	-34	4	-1	-1	0	264	0.125	0.125	237	0.375	0.375	332	0.500	0.500	455	0.604	1.839	263	0.604	1.589	
360	32	-14	4	1	1	0	412	0.125	0.125	24	0.479	1.280	302	0.500	0.500	154	0.500	1.000	231	0.500	0.500	
361	23	-37	4	-1	2	0	356	0.375	1.375	109	0.500	0.875	486	0.500	1.250	274	0.604	1.405	364	0.750	0.625	
362	35	-34	4	1	-1	0	469	0.125	0.125	80	0.250	0.250	56	0.375	0.375	177	0.625	0.625	171	0.625	0.625	
363	29	-36	4	1	-2	0	304	0.375	0.375	432	0.500	0.500	342	0.500	0.500	144	0.625	0.625	207	0.750	1.250	
364	24	-37	4	-1	1	0	460	0.250	0.250	245	0.375	0.375	287	0.500	0.500	384	0.604	1.714	356	0.604	1.155	
365	35	-11	4	-1	2	4	178	0.375	0.375	417	0.500	0.500	198	0.500	0.500	117	0.655	0.655	288	0.875	0.875	
366	30	-34	4	1	-2	0	428	0.125	0.125	122	0.250	0.250	185	0.375	1.250	214	0.559	1.589	211	0.604	1.280	
367	34	-14	4	-1	-2	5	193	0.375	0.375	203	0.479	1.155	379	0.500	0.500	255	0.625	0.625	242	0.625	0.625	
368	32	-31	4	1	0	0	311	0.125	0.125	99	0.375	0.375	268	0.375	1.000	75	0.500	0.500	101	0.604	1.375	
369	23	-35	4	-1	0	0	436	0.125	0.125	109	0.500	0.500	29	0.625	0.625	274	0.625	1.030	132	0.750	1.250	
370	33	-19	4	1	1	0	352	0.479	1.530	378	0.604	1.155	213	0.729	1.714	227	0.750	0.750	410	0.854	1.714	
371	33	-33	4	-2	-1	2	462	0.125	0.125	118	0.375	0.375	375	0.375	1.250	470	0.500	0.875	273	0.625	1.250	
372	34	-32	4	-2	1	0	254	0.250	0.250	106	0.375	0.375	1	0.375	1.250	209	0.500	0.500	383	0.625	0.750	
373	32	-34	4	2	1	0	92	0.125	0.125	483	0.375	0.375	273	0.375	1.250	411	0.479	1.280	136	0.500	0.500	
374	30	-12	4	-1	0	0	36	0.375	1.375	226	0.375	0.375	300	0.375	0.375	487	0.500	0.500	301	0.604	1.589	
375	32	-33	4	-1	0	0	470	0.375	0.375	482	0.375	1.000	233	0.604	1.589	230	0.625	0.625	395	0.729	1.375	
376	31	-13	4	-2	1	0	124	0.375	0.375	226	0.375	1.250	300	0.479	1.500	265	0.500	1.125	339	0.625	0.625	
377	32	-16	4	-2	-1	0	413	0.375	0.375	280	0.500	0.500	416	0.500	0.500	164	0.625	0.875	77	0.625	0.625	
378	34	-18	4	-1	2	1	352	0.375	0.375	318	0.375	1.000	277	0.479	1.405	380	0.500	0.875	213	0.500	1.125	
379	33	-14	4	0	-1	2	203	0.375	1.375	11	0.375	1.125	367	0.500	0.500	413	0.604	1.589	193	0.625	0.625	
380	34	-17	4	-2	1	1	318	0.125	0.125	213	0.250	0.250	127	0.375	1.250	277	0.375	1.000	386	0.479	1.500	
381	35	-26	4	1	-1	0	351	0.250	0.250	219	0.500	0.875	239	0.625	0.625	165	0.625	0.625	15	0.750	0.750	
382	27	-37	4	0	-1	0	435	0.250	0.250	402	0.375	0.375	447	0.500	0.500	160	0.625	0.905	270	0.780	0.780	
383	33	-32	4	0	1	0	281	0.500	0.500	209	0.500	0.500	60	0.625	1.155	194	0.625	0.625	145	0.625	1.280	
384	22	-36	4	-2	-1	0	274	0.125	0.125	187	0.375	0.375	123	0.500	0.500	132	0.625	0.625	267	0.729	1.375	
385	24	-37	4	1	0	0	159	0.125	0.125	23	0.375	0.375	444	0.500	1.250	326	0.604	1.155	197	0.729	1.030	
386	33	-16	4	-1	2	1	22	0.375	1.250	445	0.479	1.280	416	0.479	1.375	360	0.684	1.464	231	0.729	1.714	
387	34	-35	4	-1	0	0	33	0.375	0.375	72	0.500	0.500	143	0.500	0.500	102	0.604	1.375	283	0.625	0.780	
388	30	-11	4	0	-1	6	107	0.250	0.250	487	0.375	0.375	16	0.500	0.500	476	0.500	0.500	67	0.604	1.250	
389	35	-24	4	-1	-2	8	105	0.625	0.875	165	0.625	1.000	47	0.750	0.750	471	0.780	0.750	15	0.854	1.839	
390	35	-20	4	-1	-1	0	205	0.375	0.375	59	0.500	0.500	403	0.500	1.250	204	0.750	0.750	86	0.750	0.750	
391	28	-35	4	-1	1	0	434	0.250	0.250	336	0.250	0.250	256	0.375	0.375	332	0.500	0.875	237	0.625	0.750	
392	32	-12	4	-1	-1	0	243	0.125	0.125	473	0.375	0.375	376	0.479	1.155	339	0.479	1.280	450	0.500	0.875	
393	29	-33	4	-1	-2	0	485	0.250	0.250	247	0.375	1.375	264	0.479	1.530	54	0.500	1.250	359	0.604	1.405	
394	35	-15	4	1	-1	0	133	0.500	1.000	244	0.625	1.125	404	0.625	0.625	39	0.750	0.750	91	0.780	0.625	
395	31	-32	4	1	2	0	307	0.125	0.125	457	0.250	0.250	75	0.479	1.155	368	0.479	1.375	28	0.500	1.000	
396	26	-36	4	2	-1	0	126	0.125	0.125	439	0.250	0.250	382	0.604	1.375	414	0.625	0.625	400	0.625	0.625	
397	34	-34	4	-1	-1	1	177	0.250	0.250	33	0.500	1.000	494	0.500	0.500	350	0.625	0.625	387	0.625	0.625	
398	29	-14	4	-2	1	2	49	0.375	1.125	330	0.479	1.405	301	0.479	1.155	9	0.500	1.375	224	0.500	1.125	
399	35	-15	4	-1	2	2	404	0.500	0.500	39	0.500	1.125	297	0.559	1.589	58	0.750	1.155	35	0.750	1.250	
400	26	-35	4	2	1	2	421	0.375	1.125	252	0.500	1.250	263	0.625	0.625	396	0.625	0.625	432	0.729	1.479	
401	29	-15	4	-1	2	0	312	0.125	0.125	156	0.125	0.125	217	0.375	1.375	189	0.500	0.500	398	0.500	0.875	
402	26	-37	4	0	-1	0	160	0.250	1.250	382	0.375	0.375	419	0.500	1.000	435	0.625	0.625	444	0.750	0.625	
403	35	-21	4	1	-2	1	204	0.500	0.500	137	0.500	1.250	295	0.625	0.625	251	0.625	1.375	449	0.854	1.339	
404	35	-15	4	-2	-1	1	399	0.500	0.500	394	0.625	0.625	58	0.729	1.375	255	0.750	1.155	244	0.750	1.000	
405	33	-30	4	1	-1	0	257	0.375	0.375	305	0.479	1.155	345	0.479	1.405	26	0.500	1.375	202	0.530	0.530	
406	26	-14	4	-2	-1	2	78	0.375	0.375	12	0.479	1.500	306	0.500	1.000	220	0.625	0.625	425	0.625	0.625	
407	27	-13	4	1	-1	0	139	0.375	0.375	18	0.479	1.155	303	0.500	0.500	437	0.500	1.375	467	0.500	0.500	
408	34	-21	4	1	0	0	19	0.375	0.375	403	0.375	1.000	183	0.375	0.375	295	0.375	1.125	59	0.625	0.780	
409	35	-11	4	1	-2	2	288	0.125	0.125	417	0.500	0.500	488	0.625	0.625	50	0.729	1.464	108	0.729	1.714	
410	35	-18	4	2	1	0	228	0.500	0.500	221	0.750	0.750	378	0.875	0.875	291	0.875	0.750	352	1.000	0.500	
411	33	-33	4	2	1	0	343	0.125	0.125	162	0.125	0.125	209	0.479	1.500	83	0.479	1.280	281	0.500	0.500	
412	32	-14	4	2	1	0	360	0.125	0.125	302	0.375	0.375	24	0.604	1.375	215	0.625	0.625	193	0.625	1.625	
413	32	-16	4	0	-1	0	77	0.250	0.250	200	0.375	0.375	426	0.375	0.375	377	0.375	0.375	280	0.500	0.875	
414	26	-36	4	0	1	0	464	0.125	0.125	263	0.250	1.125	48	0.375	1.000	400	0.500	1.000	252	0.604	1.250	
415	31	-36	4	2	-1	0	443	0.125	0.125	73	0.250	0.250	175	0.375	0.375	30	0.375	1.250	184	0.375	1.000	
416	32	-15	4	-1	0	0	338	0.250	1.250	445	0.375	0.375	6	0.500	0.500	377	0.500	0.500	319	0.500	0.500	
417	35	-11	4	-2	-1	7	178	0.125	0.125	293	0.479	1.405	365	0.500	0.500	409	0.500	0.500	288	0.625	0.625	
418	30	-16	4	1	-1	0	348	0.125	0.125	74	0.250	0.250	147	0.354	1.280	354	0.500	0.500	453	0.604	1.714	
419	26	-38	4	2	-1	0	160	0.250	0.250	192	0.375	0.375	396	1.000	1.000	402	1.000	0.375	126	1.125	0.875	
420	34	-31	4	1	2	0	25	0.125	0.125	145	0.125	0.125	305	0.250	0.250	26	0.375	1.000	345	0.500	0.500	
421	27	-35	4	2	1	0	252	0.125	0.125	208	0.375	0.375	53	0.500	0.500	95	0.604	1.280	434	0.625	0.750	
422	30	-33	4	-1	0	0	346	0.250	0.250	114	0.250	1.125	393	0.375	1.000	233	0.375	0.375	359	0.604	1.839	
423	32	-19	4	-1	-1	0	249	0.250	0.250	227	0.625	0.625	429	0.875	0.875	86	0.964	0.964	280	1.000	1.000	
424	35	-32	4	0	1	0	14	0.375	1.250	209	0.500	0.500	145	0.625	0.780	25	0.625	1.030	194	0.625	0.625	
425	26	-14	4	0	1	0	78	0.250	0.250	344	0.250	1.250	97	0.250	1.125	85	0.375	1.375	41	0.375	0.375	
426	31	-16	4	0	-1	0	164	0.125	0.125	413	0.375	0.375	74	0.375	0.375	111	0.500	0.500	77	0.625	0.625	
427	32	-35	4	1	-1	0	136	0.250	0.250	179	0.375	0.375	440	0.375	0.375	184	0.500	0.875	443	0.530	0.530	
428	30	-34	4	0	-1	0	366	0.125	0.125	185	0.250	1.125	122	0.375	0.375	233	0.500	0.500	247	0.500	0.500	
429	32	-19	4	1	2	0	308	0.655	0.655	277	0.684	1.464	370	0.750	0.750	34	0.875	1.500	227	0.875	1.125	
430	29	-14	4	1	-2	1	146	0.479	1.280	241	0.625	0.625	224	0.625	0.625	286	0.655	0.655	74	0.684	1.714	
431	33	-34	4	0	-1	0	461	0.125	0.125	273	0.250	0.250	177	0.375	0.375	494	0.625	0.625	179	0.625	1.155	
432	28	-36	4	0	-1	0	144	0.125	0.125	490	0.250	0.250	225	0.500	0.500	363	0.500	0.500	90	0.625	0.625	
433	32	-35	4	-1	1	0	161	0.250	0.250	333	0.354	1.405	258	0.375	0.375	96	0.500	1.000	92	0.500	1.375	
434	28	-35	4	0	1	0	391	0.250	0.250	332	0.250	1.125	237	0.375	1.000	208	0.375	0.375	53	0.500	0.500	
435	27	-37	4	-1	-1	0	382	0.250	0.250	447	0.250	0.250	270	0.530	0.530	160	0.604	1.155	402	0.625	0.625	
436	23	-35	4	-2	-1	0	369	0.125	0.125	384	0.479	1.280	236	0.500	0.500	187	0.604	1.375	229	0.625	0.625	
437	27	-14	4	-1	-1	0	220	0.479	1.405	406	0.500	1.000	173	0.530	0.530	78	0.625	1.375	477	0.750	0.750	
438	34	-19	4	-1	2	1	352	0.375	1.250	378	0.375	1.125	370	0.750	0.750	227	0.875	1.125	228	0.875	0.780	
439	26	-36	4	1	-2	0	126	0.125	0.125	396	0.250	0.250	270	0.375	0.375	382	0.479	1.155	402	0.625	1.250	
440	32	-35	4	2	1	0	136	0.125	0.125	427	0.375	0.375	161	0.375	0.375	373	0.625	0.625	433	0.625	0.625	
441	27	-12	4	-1	-2	7	262	0.250	0.250	467	0.375	1.000	173	0.479	1.405	182	0.479	1.155	180	0.500	0.500	
442	30	-13	4	0	1	0	116	0.250	0.250	46	0.500	0.500	226	0.500	0.500	300	0.500	1.250	67	0.604	1.250	
443	31	-36	4	1	-1	0	415	0.125	0.125	73	0.125	0.125	214	0.375	0.375	175	0.500	0.500	30	0.500	1.375	
444	25	-37	4	2	-1	0	419	0.479	1.280	160	0.479	1.500	197	0.500	0.500	402	0.625	0.750	326	0.625	0.625	
445	32	-15	4	-1	2	0	199	0.250	0.250	231	0.375	1.000	416	0.375	0.375	360	0.375	1.250	215	0.500	0.500	
446	33	-28	4	-1	2	0	110	0.250	0.250	499	0.250	0.250	285	0.625	0.625	491	0.750	0.625	186	0.750	0.780	
447	27	-37	4	-1	0	0	435	0.250	0.250	120	0.375	0.375	382	0.500	0.500	463	0.500	0.500	464	0.604	1.375	
448	35	-28	4	0	-1	7	155	0.375	1.000	89	0.375	0.375	222	0.500	0.500	202	0.625	0.780	69	0.750	0.875	
449	34	-23	4	1	-2	2	471	0.250	0.250	335	0.500	0.500	261	0.500	0.875	298	0.604	1.280	98	0.625	0.625	
450	32	-13	4	-1	-1	0	331	0.375	0.375	302	0.500	1.375	57	0.500	0.500	210	0.604	1.530	376	0.625	1.250	
451	29	-12	4	0	-1	0	151	0.500	1.000	322	0.500	0.500	36	0.500	0.500	286	0.625	1.280	301	0.729	1.250	
452	30	-33	4	2	1	0	307	0.479	1.405	66	0.500	1.125	395	0.604	1.500	122	0.625	0.625	483	0.729	1.714	
453	32	-17	4	2	1	0	34	0.250	0.250	93	0.375	1.250	91	0.684	1.714	309	0.750	1.155	77	0.750	0.750	
454	27	-12	4	-2	1	0	166	0.250	0.250	262	0.250	0.250	87	0.500	0.500	466	0.500	0.875	441	0.500	0.500	
455	26	-35	4	-1	0	0	48	0.125	0.125	263	0.250	0.250	216	0.250	1.125	51	0.500	0.875	223	0.625	1.000	
456	25	-13	4	-1	2	0	479	0.125	0.125	125	0.375	0.375	85	0.500	0.500	246	0.500	0.500	290	0.625	0.625	
457	31	-32	4	2	1	0	307	0.125	0.125	395	0.250	0.250	328	0.375	1.250	75	0.479	1.375	368	0.479	1.155	
458	26	-13	4	1	1	0	344	0.125	0.125	85	0.250	0.250	87	0.354	1.405	180	0.479	1.155	313	0.479	1.405	
459	26	-12	4	1	0	0	313	0.250	1.250	87	0.500	1.000	180	0.500	1.250	407	0.625	1.280	466	0.625	0.625	
460	24	-37	4	-1	0	0	245	0.125	0.125	364	0.250	0.250	287	0.250	0.250	253	0.375	0.375	361	0.500	1.000	
461	33	-34	4	1	-2	0	431	0.125	0.125	273	0.125	0.125	177	0.500	0.500	350	0.625	0.875	76	0.729	1.589	
462	33	-33	4	-1	0	0	371	0.125	0.125	118	0.250	0.250	470	0.375	1.000	375	0.375	1.375	1	0.625	0.625	
463	27	-36	4	-2	1	0	120	0.125	0.125	270	0.375	1.250	48	0.479	1.280	447	0.500	0.500	464	0.500	0.875	
464	26	-36	4	-1	2	0	414	0.125	0.125	51	0.479	1.155	400	0.500	1.125	263	0.500	1.000	48	0.625	0.875	
465	27	-15	4	-2	1	1	220	0.500	1.375	425	0.604	1.375	306	0.684	1.464	406	0.750	1.030	437	0.750	0.750	
466	26	-12	4	-1	2	0	459	0.625	0.625	87	0.625	0.625	166	0.625	0.625	479	0.655	0.655	456	0.780	0.750	
467	27	-13	4	-1	-1	0	139	0.125	0.125	477	0.375	0.375	97	0.500	1.375	407	0.500	0.500	437	0.500	0.875	
468	31	-14	4	1	2	0	472	0.375	0.375	154	0.479	1.280	376	0.500	1.125	495	0.604	1.500	302	0.625	1.250	
469	35	-34	4	1	-2	0	80	0.125	0.125	362	0.125	0.125	56	0.500	0.500	177	0.500	0.500	76	0.500	0.875	
470	32	-33	4	-1	-2	0	230	0.250	0.250	375	0.375	0.375	483	0.375	1.250	66	0.625	0.625	482	0.625	0.625	
471	34	-23	4	-1	-2	6	449	0.250	0.250	335	0.500	0.500	261	0.625	1.125	389	0.750	0.780	112	0.750	0.750	
472	31	-14	4	1	0	0	412	0.250	1.250	302	0.250	1.125	468	0.375	0.375	360	0.375	1.125	266	0.500	0.500	
473	32	-12	4	-2	1	0	392	0.375	0.375	243	0.500	0.500	310	0.500	0.875	279	0.500	0.500	487	0.559	1.589	
474	35	-23	4	2	-1	0	335	0.375	0.375	298	0.625	0.625	261	0.780	0.750	389	0.875	1.125	471	0.875	0.875	
475	32	-30	4	-2	-1	6	275	0.375	0.375	4	0.375	1.000	142	0.500	0.875	65	0.500	0.500	99	0.625	1.125	
476	31	-11	4	-1	-2	5	44	0.250	0.250	37	0.375	1.250	374	0.479	1.375	388	0.500	0.500	67	0.625	1.000	
477	27	-13	4	-2	1	0	467	0.375	0.375	97	0.375	1.000	32	0.375	0.375	173	0.500	1.250	139	0.500	0.500	
478	24	-35	4	0	-1	0	355	0.250	1.250	236	0.500	0.500	223	0.500	0.500	229	0.625	0.625	347	0.625	0.625	
479	25	-13	4	-1	1	0	456	0.125	0.125	125	0.250	0.250	290	0.500	0.500	246	0.625	0.625	85	0.625	0.625	
480	32	-11	4	1	1	0	55	0.500	0.875	337	0.500	1.250	250	0.655	0.655	115	0.750	1.125	284	0.979	1.250	
481	25	-35	4	1	-1	0	223	0.125	0.125	439	0.354	1.405	126	0.479	1.530	216	0.500	0.500	396	0.604	1.405	
482	31	-33	4	-1	-2	0	66	0.250	0.250	428	0.479	1.155	233	0.479	1.375	470	0.625	0.625	230	0.625	0.625	
483	32	-34	4	1	-1	0	373	0.375	0.375	92	0.500	0.500	427	0.500	0.875	258	0.625	1.250	316	0.625	0.625	
484	31	-34	4	1	0	0	373	0.250	1.250	483	0.250	1.125	238	0.375	0.375	92	0.375	1.125	211	0.500	0.500	
485	29	-33	4	1	-2	0	393	0.250	0.250	247	0.375	1.125	366	0.479	1.280	122	0.479	1.500	54	0.500	1.000	
486	23	-36	4	1	1	0	356	0.125	0.125	481	0.604	1.589	240	0.625	1.125	109	0.625	0.625	347	0.854	1.155	
487	30	-11	4	-2	-1	1	107	0.125	0.125	388	0.375	0.375	374	0.500	0.500	134	0.500	0.500	451	0.604	1.375	
488	34	-11	4	1	-2	2	293	0.375	1.250	409	0.625	0.625	45	0.729	1.479	284	0.750	0.905	288	0.750	0.750	
489	33	-32	4	1	-1	0	281	0.250	0.250	194	0.500	1.375	1	0.500	0.500	83	0.625	1.250	371	0.625	1.250	
490	28	-36	4	1	-1	0	144	0.125	0.125	432	0.250	0.250	90	0.375	0.375	363	0.625	0.750	225	0.750	0.750	
491	34	-28	4	-1	1	0	285	0.125	0.125	69	0.250	0.250	64	0.500	0.500	186	0.500	1.000	79	0.530	0.530	
492	35	-16	4	0	1	0	259	0.125	0.125	294	0.125	0.125	399	0.375	1.250	255	0.604	1.839	58	0.604	1.589	
493	33	-11	4	-2	-1	2	243	0.479	1.500	325	0.500	0.500	293	0.655	0.655	337	0.750	0.750	284	0.750	1.000	
494	34	-34	4	1	-1	0	350	0.125	0.125	177	0.250	0.250	296	0.375	0.375	397	0.500	0.500	56	0.500	1.250	
495	32	-13	4	2	1	0	154	0.250	0.250	57	0.375	0.375	250	0.479	1.500	0	0.500	0.500	412	0.625	0.625	
496	28	-13	4	-2	1	0	301	0.125	0.125	330	0.125	0.125	467	0.375	1.250	166	0.479	1.500	454	0.479	1.280	
497	35	-36	4	1	-1	0	8	0.625	0.625	76	0.750	0.625	176	0.750	0.625	81	1.030	0.854	143	1.125	1.125	
498	22	-36	4	1	0	0	269	0.125	0.125	358	0.250	0.250	132	0.250	0.250	123	0.375	0.375	486	0.375	1.125	
499	33	-28	4	1	2	0	446	0.250	0.250	110	0.500	0.500	285	0.625	0.625	64	0.750	0.750	491	0.750	0.750	
