# states in shortest path from s to t
9

# shortest path from s to t
-26	-2	4	-2	-1
-28	-3	4	-2	-1
-30	-4	4	-1	-1
-31	-5	4	-1	-1
-32	-6	4	-1	-2
-33	-8	4	0	-1
-33	-9	4	1	-2
-32	-11	4	1	-2
-31	-13	4	1	-2

# cost of shortest path
3.752

# Line i represents a sample taken at time i. The sample corresponds to a discrete state.
# Line Format: [sample ID] [x] [y] [z] [x-component of yaw] [y-component of yaw] [U: marginal coverage]
#              [sample ID of nearest neighbor 1] [shortest path cost to nearest neighbor 1] [shortest path cost from nearest neighbor 1]
#              ...
#              [sample ID of nearest neighbor k] [shortest path cost to nearest neighbor k] [shortest path cost from nearest neighbor k]
0	-22	-3	4	-1	2	110	494	0.375	1.250	227	0.500	1.125	128	0.500	1.375	250	0.604	1.500	326	0.625	0.625	
1	-31	-1	4	-2	-1	36	158	0.500	0.875	483	0.625	0.625	135	0.625	1.000	132	0.625	0.625	41	0.729	1.604	
2	-34	2	4	1	2	11	72	0.250	0.250	325	0.479	1.155	212	0.604	1.280	87	0.655	0.655	106	0.875	1.280	
3	-32	2	4	-1	-2	11	278	0.250	0.250	314	0.375	0.375	167	0.375	1.250	7	0.500	1.125	213	0.500	0.875	
4	-21	-3	4	-1	-2	0	230	0.250	0.250	196	0.375	1.250	487	0.479	1.405	370	0.500	0.500	183	0.604	1.500	
5	-18	-4	4	-1	-1	4	414	0.250	0.250	234	0.500	0.500	235	0.655	0.655	226	0.750	0.750	340	0.905	0.729	
6	-36	-7	4	2	-1	27	29	0.500	0.500	462	0.625	1.125	396	0.729	1.589	137	0.729	1.589	454	0.750	0.655	
7	-32	1	4	-1	-2	5	213	0.250	0.250	167	0.375	0.375	15	0.375	0.375	184	0.479	1.375	430	0.500	1.125	
8	-34	-12	4	1	1	64	243	0.500	0.500	372	0.604	1.589	317	0.604	1.155	108	0.625	0.625	499	0.750	0.750	
9	-25	-1	4	-1	-2	0	348	0.125	0.125	482	0.479	1.375	109	0.500	0.500	444	0.559	1.589	32	0.729	1.714	
10	-33	-8	4	1	-2	16	52	0.729	1.604	137	0.839	0.839	217	0.854	1.655	392	0.854	1.589	210	0.875	0.500	
11	-36	-15	4	0	-1	0	165	0.375	0.375	495	0.750	0.750	244	0.750	0.905	277	0.905	0.905	144	0.979	1.625	
12	-21	3	4	-2	-1	23	166	0.375	1.250	378	0.479	1.500	422	0.479	1.280	47	0.625	0.625	302	0.684	1.714	
13	-34	1	4	1	2	9	382	0.250	0.250	72	0.500	1.375	2	0.500	1.125	325	0.684	1.714	87	0.750	0.750	
14	-24	2	4	1	-2	68	159	0.250	0.250	355	0.500	1.125	60	0.729	1.589	171	0.750	0.750	169	0.750	1.250	
15	-32	1	4	-1	0	15	213	0.125	0.125	7	0.375	0.375	314	0.375	0.375	33	0.375	0.375	184	0.625	1.030	
16	-33	-14	4	1	-1	1	119	0.375	0.375	358	0.530	0.530	152	0.625	0.625	45	0.625	1.250	401	0.625	0.625	
17	-30	1	4	1	-2	10	251	0.375	1.250	481	0.375	1.000	78	0.500	0.875	450	0.604	1.280	492	0.625	0.625	
18	-19	2	4	1	-2	7	215	0.125	0.125	389	0.500	1.375	387	0.625	0.625	141	0.979	1.229	480	1.000	1.839	
19	-30	-12	4	1	2	38	98	0.375	0.375	293	0.750	0.750	91	0.875	1.125	176	0.875	0.875	295	0.979	1.250	
20	-29	2	4	1	-1	10	27	0.500	0.500	249	0.729	1.714	70	0.854	1.250	489	0.854	1.832	373	0.875	0.875	
21	-22	3	4	1	-2	0	145	0.375	0.375	422	0.500	1.125	378	0.500	1.375	310	0.500	0.500	89	0.750	0.905	
22	-35	-1	4	-2	-1	10	463	0.479	1.405	162	0.500	0.500	170	0.625	1.000	94	0.875	1.250	115	0.875	0.875	
23	-31	-14	4	-1	0	21	48	0.125	0.125	37	0.250	0.250	71	0.500	1.000	168	0.500	0.500	324	0.500	0.500	
24	-16	-1	4	-1	-1	0	312	0.354	1.405	202	0.479	1.405	172	0.530	0.530	102	0.625	1.250	231	0.750	0.750	
25	-28	2	4	-2	1	27	224	0.250	0.250	27	0.375	1.250	129	0.375	0.375	335	0.500	0.875	416	0.750	1.280	
26	-35	-8	4	-2	1	0	333	0.375	0.375	305	0.479	1.155	462	0.625	1.125	137	0.875	1.125	142	0.875	1.000	
27	-29	2	4	-1	-1	5	70	0.354	1.280	20	0.500	0.500	51	0.500	0.875	17	0.604	1.155	214	0.604	1.714	
28	-34	-2	4	0	1	9	65	0.125	0.125	57	0.250	1.125	413	0.500	1.000	115	0.729	1.714	233	0.750	0.750	
29	-36	-6	4	1	0	40	454	0.250	1.125	95	0.375	0.375	6	0.500	0.500	79	0.500	1.250	311	0.604	1.839	
30	-36	2	4	1	-2	18	434	0.125	0.125	154	0.559	1.589	403	0.750	1.500	349	0.854	1.589	149	0.875	0.905	
31	-19	-1	4	2	-1	20	438	0.250	0.250	82	0.500	0.500	74	0.500	0.500	86	0.625	0.625	264	0.625	0.875	
32	-26	-3	4	-1	-1	2	444	0.375	0.375	153	0.479	1.155	163	0.479	1.405	283	0.604	1.714	225	0.604	1.155	
33	-32	1	4	-1	2	1	268	0.375	1.250	15	0.375	0.375	213	0.500	0.500	314	0.625	0.750	325	0.684	1.714	
34	-17	0	4	1	-2	11	172	0.375	0.375	346	0.500	0.875	408	0.500	0.500	480	0.625	0.625	59	0.625	0.625	
35	-33	-6	4	-1	1	13	173	0.354	1.280	265	0.625	0.625	63	0.625	0.625	456	0.655	0.655	76	0.729	1.030	
36	-26	-3	4	2	1	60	301	0.125	0.125	280	0.479	1.375	444	0.500	0.500	391	0.625	0.875	468	0.625	1.250	
37	-31	-14	4	-1	1	12	168	0.250	0.250	23	0.250	0.250	48	0.375	0.375	56	0.604	1.714	324	0.750	0.750	
38	-16	-2	4	-2	1	6	300	0.125	0.125	189	0.375	1.000	202	0.500	1.375	312	0.500	1.125	24	0.750	0.750	
39	-18	-1	4	-1	-2	0	284	0.479	1.280	340	0.559	1.589	438	0.625	0.625	74	0.625	0.625	264	0.875	1.030	
40	-35	-10	4	-1	2	0	421	0.625	0.625	289	0.625	1.250	142	0.684	1.464	161	0.729	1.479	343	0.750	0.750	
41	-33	0	4	-1	2	0	184	0.375	0.375	87	0.375	1.250	382	0.479	1.280	2	0.559	1.589	425	0.625	0.875	
42	-26	1	4	1	-2	0	276	0.375	1.250	489	0.500	0.500	9	0.559	1.589	348	0.684	1.714	261	0.750	0.750	
43	-32	-3	4	1	0	2	455	0.500	1.250	418	0.625	0.625	452	0.625	1.030	427	0.750	1.155	253	0.750	0.750	
44	-17	-4	4	0	1	12	226	0.604	1.375	178	0.604	1.589	105	0.625	1.030	354	0.750	0.905	234	0.750	0.625	
45	-33	-15	4	-1	-2	0	46	0.250	0.250	469	0.479	1.375	495	0.500	0.500	211	0.625	1.125	150	0.625	0.875	
46	-33	-15	4	1	-2	0	45	0.250	0.250	246	0.479	1.405	495	0.500	0.500	469	0.729	1.375	323	0.750	0.905	
47	-21	2	4	-2	-1	6	89	0.125	0.125	207	0.479	1.405	50	0.479	1.375	378	0.500	0.875	422	0.500	1.125	
48	-31	-14	4	-2	-1	4	23	0.125	0.125	37	0.375	0.375	324	0.375	0.375	71	0.625	1.125	168	0.625	0.625	
49	-29	-4	4	1	-2	0	291	0.125	0.125	193	0.500	0.500	292	0.655	0.655	90	0.750	0.875	338	0.875	0.750	
50	-22	1	4	0	-1	0	207	0.250	0.250	445	0.375	0.375	60	0.375	0.375	472	0.500	0.500	299	0.625	0.625	
51	-30	2	4	-1	-1	1	431	0.250	0.250	492	0.354	1.405	214	0.479	1.155	319	0.625	1.250	70	0.625	0.625	
52	-34	-10	4	-2	-1	1	392	0.250	0.250	275	0.375	0.375	329	0.479	1.280	40	0.500	1.125	255	0.500	0.500	
53	-30	-3	4	1	0	0	400	0.125	0.125	337	0.125	0.125	187	0.375	0.375	470	0.375	0.375	441	0.500	1.000	
54	-28	-2	4	1	-2	0	461	0.125	0.125	267	0.125	0.125	69	0.375	1.250	292	0.375	1.000	345	0.500	0.500	
55	-32	0	4	1	0	1	430	0.125	0.125	139	0.125	0.125	253	0.375	0.375	174	0.375	1.125	167	0.625	0.625	
56	-33	-13	4	-2	1	2	426	0.625	0.625	64	0.625	0.625	192	0.729	1.714	143	0.750	0.875	281	0.750	0.625	
57	-34	-1	4	-1	1	0	115	0.354	1.405	182	0.375	0.375	133	0.500	1.375	240	0.500	0.500	22	0.500	1.250	
58	-26	2	4	1	-1	4	489	0.750	0.750	42	0.750	1.000	412	0.750	0.750	381	0.875	0.875	443	0.979	1.125	
59	-16	0	4	-1	-2	3	24	0.375	1.000	363	0.500	0.500	231	0.500	0.500	34	0.625	0.625	172	0.750	0.750	
60	-22	1	4	2	-1	13	472	0.125	0.125	299	0.375	1.000	50	0.375	0.375	206	0.479	1.280	471	0.500	1.375	
61	-19	-3	4	1	2	25	361	0.375	1.250	486	0.500	1.375	354	0.625	0.625	114	0.625	0.875	82	0.625	0.750	
62	-34	-14	4	0	1	0	232	0.125	0.125	143	0.250	1.250	152	0.604	1.250	449	0.604	1.375	192	0.604	1.839	
63	-32	-6	4	0	1	3	456	0.375	1.000	35	0.625	0.625	263	0.625	0.625	221	0.729	1.405	116	0.809	2.082	
64	-33	-12	4	-2	1	0	243	0.375	1.000	124	0.500	1.375	179	0.500	0.500	329	0.559	1.589	56	0.625	0.625	
65	-34	-2	4	1	2	4	28	0.125	0.125	57	0.375	1.250	413	0.500	0.875	41	0.559	1.589	83	0.625	0.625	
66	-33	-5	4	0	-1	10	191	0.125	0.125	130	0.250	0.250	265	0.375	1.250	173	0.750	0.875	453	0.750	0.750	
67	-36	-12	4	-2	1	0	88	0.125	0.125	424	0.625	1.250	126	0.750	0.750	415	0.750	0.750	343	0.875	1.479	
68	-17	2	4	2	-1	19	228	0.375	0.375	181	0.500	1.125	485	0.500	0.500	138	0.625	1.250	440	0.729	1.280	
69	-28	-3	4	0	-1	3	292	0.250	0.250	338	0.375	1.000	90	0.500	1.000	405	0.604	1.250	225	0.625	1.155	
70	-30	1	4	-1	0	3	214	0.250	1.250	492	0.375	1.000	431	0.375	0.375	84	0.500	0.500	51	0.625	0.625	
71	-32	-14	4	-1	2	2	357	0.500	0.500	168	0.500	0.500	56	0.604	1.500	81	0.655	0.655	411	0.729	1.375	
72	-34	2	4	-1	2	0	2	0.250	0.250	106	0.604	1.500	104	0.875	1.030	268	0.875	0.875	87	0.905	0.854	
73	-28	0	4	1	2	4	85	0.375	1.250	428	0.375	1.000	117	0.500	0.500	466	0.500	0.500	125	0.684	1.714	
74	-19	-1	4	-1	-2	0	438	0.250	0.250	459	0.500	0.500	284	0.500	1.125	31	0.500	0.500	264	0.500	1.375	
75	-20	3	4	1	1	9	222	0.250	0.250	491	0.500	0.500	155	0.625	1.375	18	0.854	1.155	389	1.184	1.229	
76	-34	-5	4	1	1	9	418	0.604	1.589	201	0.625	0.625	265	0.979	1.125	237	0.979	1.214	220	1.000	1.155	
77	-16	3	4	-2	-1	22	498	0.375	0.375	384	0.375	1.250	303	0.625	0.625	181	0.750	1.250	440	0.750	0.750	
78	-30	0	4	2	-1	13	481	0.125	0.125	251	0.375	0.375	450	0.500	1.375	140	0.559	1.589	380	0.625	0.750	
79	-35	-6	4	2	-1	0	454	0.125	0.125	201	0.375	1.250	229	0.625	0.625	417	0.729	1.714	360	0.750	1.125	
80	-18	1	4	-1	1	2	121	0.125	0.125	387	0.354	1.280	313	0.500	1.000	331	0.750	0.625	432	0.875	1.250	
81	-33	-15	4	-1	1	0	175	0.125	0.125	232	0.354	1.405	272	0.375	0.375	62	0.479	1.280	281	0.625	0.875	
82	-19	-2	4	1	0	0	264	0.375	0.375	361	0.500	0.500	31	0.500	0.500	451	0.604	1.375	486	0.625	0.625	
83	-34	-2	4	1	-1	1	233	0.625	1.250	65	0.625	0.625	367	0.655	0.655	413	0.750	0.750	259	0.750	0.750	
84	-30	1	4	0	1	0	70	0.500	0.500	294	0.500	0.500	319	0.625	1.155	242	0.729	1.464	296	0.729	1.714	
85	-28	1	4	-1	1	0	335	0.354	1.405	428	0.500	0.500	239	0.530	0.530	51	0.604	1.589	294	0.625	0.750	
86	-19	0	4	2	-1	12	279	0.500	1.125	480	0.500	0.875	31	0.625	0.625	438	0.625	0.875	121	0.875	1.250	
87	-33	1	4	1	1	0	268	0.479	1.280	382	0.750	0.750	262	0.750	0.750	359	0.854	1.589	55	0.875	0.780	
88	-36	-12	4	-1	0	0	67	0.125	0.125	415	0.625	0.625	126	0.625	0.625	424	0.750	1.125	298	1.000	0.625	
89	-21	2	4	-1	-1	0	47	0.125	0.125	50	0.479	1.280	207	0.479	1.530	299	0.500	1.375	445	0.604	1.405	
90	-28	-4	4	2	-1	0	405	0.375	1.250	225	0.500	0.875	101	0.625	1.000	301	0.729	1.714	291	0.750	0.750	
91	-31	-12	4	-1	-1	5	188	0.125	0.125	241	0.530	0.530	56	0.604	1.714	176	0.625	0.625	293	0.750	0.750	
92	-29	3	4	0	-1	0	27	0.250	1.125	20	0.375	1.125	247	0.500	0.500	70	0.604	1.589	416	0.625	0.625	
93	-31	0	4	-1	2	0	132	0.250	0.250	174	0.375	0.375	33	0.479	1.280	15	0.479	1.375	214	0.500	0.875	
94	-36	0	4	1	2	0	257	0.375	1.250	218	0.500	1.125	115	0.625	0.625	307	0.625	1.000	403	0.750	0.750	
95	-36	-6	4	1	-2	3	29	0.375	0.375	6	0.500	0.875	305	0.625	1.000	79	0.625	0.875	454	0.750	0.750	
96	-26	-1	4	1	1	0	269	0.250	0.250	458	0.500	1.000	109	0.500	1.250	356	0.625	0.625	429	0.729	1.714	
97	-32	-10	4	-1	1	0	406	0.375	0.375	156	0.479	1.530	217	0.625	0.625	317	0.655	0.655	185	0.729	2.030	
98	-30	-12	4	-1	1	0	19	0.375	0.375	295	0.479	1.155	91	0.500	1.375	479	0.604	1.155	241	0.729	1.589	
99	-34	1	4	-1	-1	3	154	0.354	1.405	382	0.625	0.625	149	0.625	0.875	425	0.750	0.750	290	0.750	0.750	
100	-24	-1	4	-1	1	0	435	0.125	0.125	274	0.604	1.530	330	0.625	0.625	288	0.750	0.750	280	0.780	0.625	
101	-27	-4	4	0	1	0	153	0.375	0.375	118	0.375	0.375	160	0.375	1.125	405	0.500	0.500	256	0.500	0.500	
102	-16	-2	4	2	-1	14	375	0.625	0.625	312	0.875	0.875	300	0.875	0.875	474	1.000	1.155	363	1.000	1.000	
103	-33	-1	4	-2	1	0	240	0.375	1.250	57	0.375	1.000	425	0.479	1.280	182	0.500	1.375	184	0.500	0.500	
104	-35	3	4	2	1	0	212	0.750	1.750	106	0.750	0.750	385	0.875	1.375	278	0.979	1.707	30	1.030	0.979	
105	-16	-3	4	0	1	2	300	0.250	1.125	38	0.375	1.000	375	0.375	0.375	202	0.729	1.375	474	0.750	1.125	
106	-35	3	4	-2	1	1	374	0.375	1.000	104	0.750	0.750	218	0.839	0.839	371	0.875	0.655	30	1.000	1.250	
107	-26	3	4	1	-1	1	381	0.500	0.500	341	0.625	1.250	122	0.625	0.625	266	0.750	0.625	159	0.854	1.714	
108	-34	-12	4	1	-2	0	152	0.479	1.375	124	0.500	0.500	446	0.500	0.500	439	0.604	1.500	322	0.625	0.625	
109	-25	-1	4	2	-1	10	288	0.375	1.250	348	0.375	0.375	404	0.479	1.280	9	0.500	0.500	350	0.750	0.625	
110	-35	-4	4	1	-2	0	270	0.625	0.625	229	0.625	0.875	245	0.625	1.250	220	0.750	0.750	201	0.854	1.464	
111	-34	-3	4	-2	1	0	463	0.684	1.464	162	0.750	1.155	28	0.750	1.000	259	0.750	0.750	237	0.750	0.875	
112	-16	1	4	2	1	6	286	0.500	0.500	138	0.500	0.500	363	0.625	0.625	181	0.625	0.625	228	0.655	0.655	
113	-31	-2	4	-1	1	0	483	0.375	0.375	135	0.479	1.280	427	0.625	0.625	328	0.655	0.655	1	0.750	0.750	
114	-18	-3	4	2	1	0	354	0.250	0.250	203	0.479	1.155	451	0.500	0.500	102	0.729	1.589	178	0.750	1.000	
115	-35	0	4	-1	2	0	304	0.375	1.250	307	0.479	1.375	218	0.604	1.500	94	0.625	0.625	371	0.729	1.714	
116	-31	-3	4	-1	2	0	127	0.125	0.125	113	0.375	1.000	427	0.500	1.125	470	0.625	0.625	135	0.684	1.714	
117	-29	0	4	0	1	0	239	0.250	0.250	450	0.375	0.375	73	0.500	0.500	294	0.500	1.250	431	0.604	1.589	
118	-26	-4	4	0	1	0	256	0.125	0.125	101	0.375	0.375	301	0.375	1.125	36	0.500	1.000	468	0.604	1.250	
119	-33	-14	4	2	1	29	16	0.375	0.375	357	0.500	1.125	152	0.500	0.500	442	0.559	1.589	281	0.625	0.625	
120	-36	-14	4	-1	-1	0	436	0.250	0.250	11	0.625	1.125	165	0.750	0.750	244	0.964	0.964	420	1.000	1.000	
121	-18	1	4	-1	2	1	80	0.125	0.125	387	0.479	1.375	331	0.500	0.500	313	0.500	1.125	448	0.625	0.625	
122	-26	3	4	1	2	1	381	0.125	0.125	107	0.625	0.625	341	0.625	0.625	412	1.000	0.750	58	1.000	1.000	
123	-33	-10	4	2	1	0	406	0.500	0.875	217	0.500	1.125	156	0.625	1.250	351	0.750	0.655	396	0.839	0.839	
124	-34	-12	4	-2	-1	0	243	0.375	0.375	192	0.375	1.250	298	0.500	0.875	108	0.500	0.500	223	0.500	1.375	
125	-27	2	4	0	1	0	129	0.375	0.375	122	0.625	1.155	164	0.625	0.625	25	0.750	0.750	58	0.750	1.125	
126	-36	-12	4	1	-2	1	423	0.375	0.375	298	0.625	0.625	322	0.625	0.625	260	0.780	0.750	420	0.854	1.589	
127	-31	-3	4	-1	1	0	116	0.125	0.125	427	0.625	1.250	113	0.625	0.875	483	0.750	0.750	470	0.750	0.750	
128	-22	-2	4	1	2	1	494	0.125	0.125	227	0.250	0.250	327	0.500	1.125	258	0.625	0.625	496	0.750	1.155	
129	-28	2	4	0	1	0	125	0.375	0.375	25	0.375	0.375	335	0.500	0.500	416	0.604	1.375	224	0.625	0.625	
130	-33	-5	4	-1	-1	2	191	0.125	0.125	66	0.250	0.250	263	0.655	0.655	410	0.729	1.589	173	0.750	1.125	
131	-16	-4	4	2	-1	0	375	0.625	0.625	102	1.000	1.000	414	1.125	1.000	474	1.155	0.854	38	1.229	1.229	
132	-31	0	4	-2	1	0	93	0.250	0.250	33	0.479	1.500	1	0.625	0.625	174	0.625	0.625	214	0.625	0.625	
133	-34	0	4	1	1	0	13	0.500	1.000	262	0.500	1.250	304	0.530	0.530	87	0.604	1.530	167	0.604	1.589	
134	-35	-3	4	1	1	0	237	0.125	0.125	65	0.354	1.405	28	0.479	1.280	397	0.625	0.625	259	0.625	1.000	
135	-32	-1	4	0	1	0	139	0.500	1.000	253	0.500	0.500	41	0.625	1.155	174	0.625	1.280	184	0.729	1.250	
136	-20	0	4	2	-1	11	248	0.375	0.375	438	0.479	1.500	31	0.479	1.280	86	0.500	1.125	151	0.625	0.875	
137	-35	-9	4	1	-2	0	195	0.479	1.375	388	0.500	1.000	321	0.625	1.250	415	0.729	1.714	289	0.750	1.155	
138	-16	2	4	1	0	12	181	0.125	0.125	112	0.500	0.500	194	0.500	0.500	368	0.625	0.625	440	0.750	0.750	
139	-32	0	4	2	1	0	55	0.125	0.125	430	0.250	0.250	174	0.375	1.000	253	0.500	0.500	481	0.625	1.625	
140	-28	-1	4	2	1	0	208	0.500	1.125	318	0.500	1.125	466	0.604	1.375	254	0.625	0.625	73	0.625	0.875	
141	-21	1	4	-1	1	0	422	0.479	1.155	445	0.500	1.250	339	0.625	0.750	471	0.625	0.625	47	0.750	0.750	
142	-36	-8	4	1	1	0	462	0.354	1.405	311	0.604	1.589	333	0.625	0.625	6	0.750	0.750	137	0.854	1.155	
143	-34	-13	4	1	2	0	243	0.375	1.250	8	0.375	1.000	179	0.479	1.280	317	0.559	1.589	152	0.750	1.000	
144	-36	-17	4	-1	-2	0	386	0.500	0.500	365	0.875	0.875	315	1.250	1.000	165	1.250	0.875	277	1.280	0.604	
145	-22	3	4	1	0	1	21	0.375	0.375	491	0.500	1.500	166	0.750	0.750	89	0.750	1.250	472	0.750	0.750	
146	-30	-4	4	2	1	1	441	0.479	1.500	193	0.500	1.125	49	0.500	1.125	53	0.500	0.500	400	0.625	0.625	
147	-16	-3	4	-1	-2	3	131	0.500	1.125	474	0.750	0.750	312	0.780	0.750	234	0.854	1.479	38	0.875	0.875	
148	-36	-11	4	1	-1	0	322	0.354	1.405	424	0.500	0.500	415	0.500	0.500	126	0.500	1.000	388	0.530	0.530	
149	-35	1	4	-1	-1	4	218	0.500	1.250	403	0.604	1.155	154	0.625	1.000	307	0.625	1.125	349	0.625	1.250	
150	-34	-15	4	-2	-1	0	211	0.250	0.250	495	0.375	0.375	469	0.500	0.500	358	0.625	0.625	199	0.625	0.875	
151	-20	-1	4	1	-2	0	459	0.125	0.125	402	0.375	1.250	264	0.479	1.280	82	0.479	1.375	235	0.559	1.589	
152	-33	-13	4	1	0	0	439	0.125	0.125	119	0.500	0.500	426	0.500	0.500	478	0.500	1.250	324	0.604	1.589	
153	-27	-4	4	-2	1	0	163	0.250	0.250	101	0.375	0.375	252	0.375	1.000	338	0.500	1.375	283	0.500	1.125	
154	-35	0	4	-1	-2	5	349	0.500	0.500	22	0.500	0.875	403	0.625	0.625	463	0.729	1.714	240	0.750	0.655	
155	-19	3	4	1	-1	0	18	0.500	1.000	215	0.625	1.125	433	0.625	1.000	228	0.729	1.589	68	0.854	1.714	
156	-33	-9	4	-1	1	1	185	0.500	1.000	275	0.530	0.530	255	0.625	1.125	40	0.964	0.964	52	1.000	0.905	
157	-32	-2	4	-1	-1	1	399	0.354	1.280	111	0.604	1.714	43	0.750	1.125	308	0.854	1.839	452	0.854	1.354	
158	-32	-1	4	-1	-2	3	157	0.375	1.000	367	0.625	0.625	455	0.729	1.604	399	0.854	1.464	427	0.875	1.250	
159	-24	2	4	2	-1	0	14	0.250	0.250	273	0.479	1.405	169	0.625	1.125	50	0.854	1.464	472	0.854	1.714	
160	-27	-3	4	1	1	1	391	0.354	1.405	344	0.375	0.375	301	0.500	0.875	405	0.625	0.625	36	0.625	1.000	
161	-34	-8	4	1	0	0	210	0.125	0.125	396	0.125	0.125	10	0.375	1.000	488	0.604	1.250	417	0.625	0.780	
162	-35	-2	4	-1	0	0	463	0.250	1.125	22	0.500	0.500	170	0.604	1.250	464	0.625	1.030	57	0.780	0.780	
163	-27	-4	4	-2	-1	2	153	0.250	0.250	252	0.375	1.250	225	0.500	0.500	332	0.500	0.500	283	0.500	1.375	
164	-27	2	4	-2	-1	2	25	0.375	1.375	224	0.500	1.125	443	0.625	0.625	125	0.625	0.625	353	0.750	0.655	
165	-36	-15	4	-2	-1	0	11	0.375	0.375	120	0.750	0.625	244	0.780	0.750	277	0.979	1.250	473	1.000	0.625	
166	-22	3	4	-1	1	0	437	0.500	1.250	145	0.750	0.750	422	0.750	0.750	21	0.875	0.875	169	0.905	0.729	
167	-32	1	4	1	-1	1	7	0.375	0.375	393	0.530	0.530	78	0.604	1.714	55	0.625	0.625	213	0.625	0.625	
168	-31	-14	4	0	1	0	37	0.250	0.250	23	0.500	0.500	71	0.500	0.500	238	0.625	0.625	48	0.625	0.625	
169	-23	2	4	1	2	1	145	0.479	1.375	302	0.625	0.625	166	0.750	0.905	341	0.839	0.839	171	0.875	0.875	
170	-36	-1	4	0	1	0	94	0.250	1.250	115	0.750	0.905	349	0.854	1.375	304	0.854	1.839	65	0.964	0.964	
171	-24	2	4	-2	1	1	341	0.604	1.280	355	0.625	0.625	236	0.625	0.625	447	0.750	0.905	42	0.854	1.354	
172	-17	0	4	-1	-1	0	39	0.354	1.405	34	0.375	0.375	394	0.500	1.375	24	0.530	0.530	346	0.625	1.250	
173	-34	-5	4	-1	0	0	410	0.625	0.780	76	0.750	0.750	237	0.854	1.479	66	0.875	0.750	134	0.979	1.354	
174	-31	0	4	1	1	0	93	0.375	0.375	84	0.479	1.280	78	0.500	1.250	214	0.625	1.250	132	0.625	0.625	
175	-33	-15	4	-1	2	0	81	0.125	0.125	272	0.250	0.250	281	0.375	1.000	232	0.479	1.280	119	0.500	1.125	
176	-30	-12	4	0	-1	0	293	0.125	0.125	347	0.625	1.280	48	0.684	1.714	188	0.750	0.750	442	0.750	0.905	
177	-30	-2	4	-1	0	0	113	0.375	1.125	328	0.500	0.500	483	0.500	1.250	127	0.625	0.780	116	0.750	0.905	
178	-18	-2	4	0	1	0	361	0.375	0.375	486	0.500	0.500	189	0.625	0.625	408	0.729	1.714	346	0.729	1.375	
179	-33	-12	4	1	2	0	317	0.500	1.375	64	0.500	0.500	419	0.625	0.625	97	0.684	1.464	243	0.750	0.750	
180	-20	-4	4	-1	-2	1	409	0.125	0.125	352	0.500	0.500	204	0.500	0.500	198	0.625	0.625	196	0.750	0.750	
181	-16	2	4	2	-1	0	138	0.125	0.125	112	0.625	0.625	194	0.625	0.625	368	0.750	0.750	303	0.750	0.750	
182	-34	-1	4	-2	-1	0	240	0.125	0.125	57	0.375	0.375	22	0.500	1.125	425	0.625	0.625	290	0.625	0.625	
183	-22	-4	4	-2	-1	5	487	0.125	0.125	204	0.750	0.750	467	0.750	0.750	306	0.979	1.229	475	1.000	0.780	
184	-33	0	4	-1	0	0	425	0.250	1.250	41	0.375	0.375	103	0.500	0.500	290	0.500	1.250	99	0.625	0.780	
185	-33	-8	4	-1	2	0	488	0.500	1.250	35	0.750	1.375	396	0.875	0.750	201	0.934	1.375	76	0.934	1.979	
186	-31	-5	4	-2	1	0	383	0.125	0.125	456	0.375	1.125	320	0.655	0.655	265	0.854	1.604	452	0.875	1.125	
187	-30	-3	4	1	-2	0	400	0.250	0.250	53	0.375	0.375	291	0.479	1.155	337	0.500	0.500	193	0.604	1.280	
188	-31	-12	4	-2	-1	1	91	0.125	0.125	295	0.625	0.625	56	0.729	1.589	241	0.750	0.655	347	0.750	0.750	
189	-17	-2	4	-1	1	1	202	0.375	0.375	312	0.625	0.625	279	0.729	1.714	203	0.750	0.750	178	0.750	0.625	
190	-22	-4	4	0	1	0	0	0.500	1.250	326	0.625	1.155	467	0.625	0.625	183	0.625	0.625	250	0.729	1.714	
191	-33	-5	4	-1	-2	1	66	0.125	0.125	130	0.125	0.125	265	0.375	1.125	410	0.854	1.479	311	0.854	1.464	
192	-35	-12	4	-1	1	0	223	0.125	0.125	67	0.500	1.000	298	0.625	0.625	421	0.729	1.714	329	0.750	0.750	
193	-29	-4	4	2	1	0	90	0.500	1.375	49	0.500	0.500	344	0.559	1.589	441	0.625	0.875	160	0.729	1.714	
194	-16	3	4	2	1	2	368	0.125	0.125	440	0.250	0.250	138	0.500	0.500	181	0.625	0.625	498	1.000	0.625	
195	-34	-10	4	1	0	0	123	0.250	1.250	499	0.500	0.500	372	0.604	1.839	392	0.625	0.625	161	0.750	0.750	
196	-21	-4	4	1	-1	0	204	0.250	0.250	200	0.500	1.375	180	0.750	0.750	198	0.750	1.125	370	0.750	0.625	
197	-32	3	4	2	1	0	271	0.375	0.375	390	0.500	0.500	242	0.500	0.875	359	0.625	0.625	325	0.750	0.750	
198	-20	-4	4	1	0	0	200	0.250	0.250	362	0.375	0.375	61	0.729	1.375	114	0.729	1.714	354	0.729	1.714	
199	-34	-16	4	-1	-2	0	469	0.375	0.375	386	0.729	1.604	244	0.750	0.875	484	0.875	1.125	150	0.875	0.625	
200	-20	-4	4	1	1	0	198	0.250	0.250	61	0.354	1.405	362	0.625	0.625	352	0.625	0.625	361	0.729	1.839	
201	-34	-6	4	1	0	0	311	0.625	0.625	265	0.625	1.000	76	0.750	0.625	161	0.750	0.750	488	0.875	0.875	
202	-17	-2	4	-2	-1	5	312	0.250	0.250	189	0.375	0.375	474	0.750	0.750	235	0.854	1.589	226	0.875	1.030	
203	-17	-2	4	1	0	0	346	0.500	0.500	102	0.500	1.250	312	0.625	0.625	375	0.750	0.905	474	0.750	1.125	
204	-21	-4	4	0	-1	0	196	0.250	0.250	180	0.500	0.500	409	0.625	0.625	487	0.625	0.625	467	0.750	0.625	
205	-33	-7	4	0	-1	0	417	0.250	0.250	10	0.375	1.250	255	0.604	1.589	311	0.625	0.625	210	0.750	0.905	
206	-21	0	4	2	-1	10	248	0.375	1.250	151	0.479	1.500	136	0.500	1.125	459	0.604	1.375	471	0.625	0.625	
207	-22	1	4	-1	-1	0	445	0.125	0.125	50	0.250	0.250	339	0.625	0.625	60	0.625	0.625	299	0.875	0.875	
208	-27	-1	4	1	-2	0	457	0.500	1.375	318	0.500	0.500	32	0.684	1.464	379	0.750	0.875	461	0.750	0.905	
209	-30	-4	4	-2	-1	1	320	0.375	0.375	456	0.559	1.589	383	0.604	1.155	116	0.729	1.280	291	0.750	0.750	
210	-34	-8	4	2	-1	0	161	0.125	0.125	396	0.250	0.250	10	0.625	0.875	417	0.750	0.655	311	0.750	0.625	
211	-34	-15	4	-2	1	0	150	0.250	0.250	469	0.500	0.500	495	0.625	0.625	232	0.625	0.875	281	0.655	0.655	
212	-33	3	4	2	-1	16	271	0.375	1.000	385	0.375	0.375	278	0.479	1.500	197	0.500	1.375	390	0.500	0.875	
213	-32	1	4	-2	-1	0	15	0.125	0.125	7	0.250	0.250	33	0.500	0.500	314	0.500	0.500	425	0.559	1.589	
214	-31	1	4	-2	1	1	15	0.375	1.250	213	0.500	1.375	492	0.500	0.500	33	0.500	0.875	7	0.500	1.125	
215	-19	2	4	0	-1	0	18	0.125	0.125	387	0.500	0.500	389	0.500	1.250	459	0.854	2.125	39	0.934	2.000	
216	-22	-1	4	-2	-1	4	327	0.250	0.250	297	0.479	1.500	330	0.625	1.000	477	0.809	1.339	460	0.854	1.604	
217	-32	-10	4	2	1	0	406	0.250	0.250	97	0.625	0.625	351	0.750	0.625	372	0.750	0.750	241	0.875	1.125	
218	-36	1	4	-2	1	0	307	0.125	0.125	257	0.375	0.375	371	0.625	0.750	106	0.839	0.839	434	1.000	0.625	
219	-35	-14	4	2	1	2	420	0.250	0.250	143	0.479	1.500	439	0.559	1.589	16	0.625	1.625	62	0.625	0.750	
220	-35	-4	4	-2	1	0	464	0.479	1.155	237	0.625	1.125	407	0.625	0.750	270	0.625	1.125	497	0.729	1.604	
221	-31	-5	4	2	-1	0	309	0.125	0.125	452	0.500	0.500	146	0.750	1.030	400	0.839	0.839	383	0.875	0.875	
222	-20	3	4	1	0	0	75	0.250	0.250	155	0.250	1.125	491	0.250	0.250	433	0.625	1.625	18	0.750	1.375	
223	-35	-12	4	-2	1	0	192	0.125	0.125	67	0.500	1.125	298	0.500	0.500	449	0.625	0.625	329	0.625	0.625	
224	-28	2	4	-2	-1	2	25	0.250	0.250	27	0.375	1.000	395	0.479	1.155	129	0.625	0.625	335	0.625	1.125	
225	-27	-4	4	1	-2	0	405	0.375	0.375	163	0.500	0.500	153	0.750	0.750	444	0.780	0.750	476	0.875	0.750	
226	-18	-3	4	-2	1	1	361	0.479	1.375	235	0.500	1.125	354	0.500	0.500	486	0.604	1.500	189	0.655	0.655	
227	-22	-2	4	2	1	0	494	0.125	0.125	128	0.250	0.250	258	0.500	0.875	496	0.604	1.375	327	0.750	1.250	
228	-17	2	4	1	1	0	440	0.354	1.405	68	0.375	0.375	368	0.479	1.530	384	0.500	1.375	194	0.604	1.405	
229	-35	-5	4	2	-1	0	245	0.375	0.375	76	0.375	1.250	79	0.625	0.625	201	0.750	1.155	454	0.750	0.750	
230	-21	-3	4	1	-2	0	370	0.250	0.250	4	0.250	0.250	196	0.375	1.000	198	0.479	1.375	204	0.625	1.250	
231	-16	0	4	-2	1	3	172	0.375	1.250	448	0.479	1.500	59	0.500	0.500	286	0.625	0.875	316	0.625	0.750	
232	-34	-14	4	-1	2	0	62	0.125	0.125	143	0.500	1.375	449	0.604	1.500	243	0.625	1.375	179	0.729	1.589	
233	-33	-2	4	2	1	0	135	0.604	1.375	455	0.729	1.589	103	0.750	1.250	43	0.750	0.905	253	0.750	1.155	
234	-18	-4	4	-1	1	0	5	0.500	0.500	354	0.500	1.250	61	0.604	1.155	44	0.625	0.625	493	0.729	1.589	
235	-19	-3	4	-1	-2	2	340	0.250	0.250	409	0.479	1.405	352	0.604	1.280	451	0.625	0.625	402	0.655	0.655	
236	-24	1	4	-2	1	1	355	0.250	0.250	429	0.500	0.875	171	0.625	0.625	412	0.684	1.714	276	0.729	1.479	
237	-35	-3	4	1	2	0	134	0.125	0.125	28	0.479	1.155	259	0.625	0.875	57	0.729	1.464	170	0.729	1.464	
238	-31	-14	4	2	-1	16	324	0.375	0.375	411	0.500	0.500	442	0.625	0.625	168	0.625	0.625	48	0.750	0.750	
239	-29	0	4	-1	1	0	117	0.250	0.250	70	0.354	1.280	84	0.479	1.280	294	0.500	1.000	85	0.530	0.530	
240	-34	-1	4	-1	-1	2	182	0.125	0.125	162	0.354	1.280	83	0.500	1.375	57	0.500	0.500	22	0.500	1.000	
241	-32	-11	4	-1	-1	0	64	0.479	1.155	446	0.479	1.280	372	0.500	0.500	336	0.500	1.000	91	0.530	0.530	
242	-31	3	4	1	2	0	296	0.500	0.500	325	0.875	0.875	359	0.875	0.750	197	0.875	0.500	20	0.979	1.464	
243	-34	-12	4	-1	1	0	124	0.375	0.375	329	0.479	1.155	192	0.500	0.875	8	0.500	0.500	415	0.604	1.589	
244	-35	-16	4	-2	-1	0	144	0.479	1.500	473	0.625	1.000	386	0.875	1.030	165	0.875	0.780	199	0.875	0.625	
245	-35	-5	4	0	-1	2	229	0.375	0.375	454	0.375	1.125	79	0.500	1.000	398	0.500	0.500	305	0.604	1.589	
246	-32	-16	4	1	-1	0	323	0.500	0.500	238	0.964	0.964	45	1.155	0.729	119	1.214	0.979	37	1.229	1.104	
247	-28	3	4	-1	-2	1	353	0.125	0.125	27	0.479	1.405	224	0.500	0.875	92	0.500	0.500	266	0.625	0.625	
248	-20	0	4	1	1	0	136	0.375	0.375	331	0.479	1.280	86	0.500	1.250	471	0.655	0.655	438	0.854	1.155	
249	-28	0	4	-1	-2	0	380	0.500	0.500	239	0.625	1.250	328	0.729	1.604	140	0.750	1.125	318	0.875	1.250	
250	-23	-2	4	-2	1	0	435	0.479	1.280	297	0.500	0.500	477	0.500	0.875	330	0.750	1.000	366	0.750	0.750	
251	-30	0	4	0	-1	0	481	0.250	0.250	380	0.375	0.375	78	0.375	0.375	1	0.604	1.375	483	0.729	1.714	
252	-28	-4	4	-1	1	0	283	0.125	0.125	338	0.375	0.375	441	0.604	1.155	101	0.625	0.625	291	0.750	1.125	
253	-32	-1	4	1	0	0	55	0.375	0.375	135	0.500	0.500	139	0.500	0.500	430	0.500	0.500	377	0.604	1.839	
254	-28	-2	4	2	1	0	267	0.375	0.375	318	0.479	1.280	54	0.500	0.500	379	0.500	1.125	461	0.625	0.625	
255	-34	-9	4	-1	0	0	52	0.500	0.500	321	0.604	1.250	289	0.604	1.839	333	0.604	1.250	275	0.625	0.625	
256	-26	-4	4	-1	2	0	118	0.125	0.125	332	0.479	1.375	476	0.500	0.500	301	0.500	1.250	101	0.500	0.500	
257	-36	1	4	0	1	0	371	0.250	1.125	218	0.375	0.375	307	0.500	0.500	104	0.729	1.714	304	0.750	0.625	
258	-21	-2	4	1	2	0	496	0.375	1.250	128	0.625	0.625	248	0.729	1.714	31	0.729	1.604	494	0.750	0.625	
259	-34	-3	4	2	1	0	233	0.479	1.280	65	0.625	0.875	308	0.729	1.375	83	0.750	0.750	111	0.750	0.750	
260	-35	-11	4	1	-2	0	322	0.375	1.125	329	0.500	0.500	298	0.500	1.375	499	0.625	1.125	88	0.729	1.375	
261	-26	1	4	-2	1	0	369	0.500	0.500	443	0.500	1.125	412	0.500	0.500	224	0.559	1.589	125	0.604	1.375	
262	-33	0	4	2	-1	8	393	0.125	0.125	55	0.375	1.250	430	0.500	1.125	139	0.500	1.375	367	0.625	0.875	
263	-32	-6	4	-2	-1	0	35	0.375	1.250	265	0.500	0.875	205	0.604	1.405	63	0.625	0.625	456	0.625	0.625	
264	-19	-2	4	1	-2	0	284	0.250	0.250	82	0.375	0.375	451	0.479	1.280	235	0.500	1.375	340	0.500	1.125	
265	-33	-6	4	-1	-2	1	417	0.500	1.250	35	0.625	0.625	311	0.750	0.905	263	0.875	0.500	210	0.979	1.339	
266	-27	3	4	1	-2	0	58	0.479	1.405	164	0.500	1.125	247	0.625	0.625	353	0.750	0.750	107	0.750	0.750	
267	-28	-2	4	1	-1	0	54	0.125	0.125	461	0.250	0.250	254	0.375	0.375	344	0.479	1.405	292	0.500	0.875	
268	-32	2	4	0	1	0	359	0.250	1.125	314	0.500	0.500	197	0.500	1.000	319	0.500	0.500	242	0.625	1.155	
269	-26	-1	4	0	1	0	96	0.250	0.250	458	0.250	1.250	356	0.375	0.375	274	0.625	0.780	443	0.729	1.714	
270	-36	-4	4	-1	-2	5	398	0.500	1.125	110	0.625	0.625	454	0.729	1.714	464	0.750	0.750	95	0.750	1.750	
271	-32	3	4	1	-1	1	390	0.125	0.125	197	0.375	0.375	3	0.500	1.250	278	0.500	1.000	242	0.625	1.250	
272	-33	-15	4	1	2	26	175	0.250	0.250	81	0.375	0.375	281	0.375	1.250	357	0.604	1.500	119	0.625	0.875	
273	-23	1	4	1	-1	0	60	0.500	1.000	206	0.604	1.714	50	0.625	0.625	472	0.750	1.125	339	0.875	1.125	
274	-25	0	4	-1	1	0	261	0.479	1.405	429	0.500	1.000	369	0.604	1.155	236	0.655	0.655	269	0.780	0.625	
275	-34	-10	4	-1	1	0	52	0.375	0.375	156	0.530	0.530	40	0.625	0.750	255	0.625	0.625	392	0.625	0.625	
276	-26	0	4	0	-1	0	350	0.625	0.625	348	0.625	1.030	457	0.729	1.714	9	0.750	0.905	208	0.750	0.905	
277	-37	-16	4	2	-1	3	342	0.250	0.250	315	0.375	1.250	287	0.500	0.500	144	0.604	1.280	365	0.854	0.905	
278	-32	2	4	1	-2	0	3	0.250	0.250	167	0.375	1.000	7	0.500	1.375	213	0.500	1.125	314	0.625	0.625	
279	-18	0	4	1	2	0	394	0.375	0.375	80	0.375	1.250	485	0.479	1.375	121	0.500	1.375	316	0.500	0.500	
280	-25	-2	4	0	1	0	477	0.500	0.500	391	0.500	0.500	288	0.604	1.250	356	0.604	1.375	306	0.625	0.625	
281	-33	-14	4	-1	1	0	143	0.604	1.155	232	0.625	0.750	119	0.625	0.625	56	0.750	0.750	62	0.750	0.625	
282	-20	-1	4	0	1	0	496	0.375	0.375	248	0.375	1.125	141	0.604	1.839	86	0.729	1.375	445	0.854	1.479	
283	-28	-4	4	-2	1	0	252	0.125	0.125	338	0.250	0.250	291	0.625	1.000	320	0.625	1.375	101	0.750	0.750	
284	-19	-2	4	-1	-2	0	264	0.250	0.250	235	0.500	1.125	340	0.500	1.375	82	0.625	0.625	402	0.625	0.750	
285	-35	-3	4	0	-1	2	110	0.250	1.250	220	0.625	1.000	270	0.625	1.155	398	0.729	1.714	134	0.750	0.750	
286	-16	1	4	-1	2	0	112	0.500	0.500	368	0.625	1.625	448	0.625	0.625	384	0.729	1.714	228	0.750	0.905	
287	-37	-16	4	1	2	8	342	0.250	0.250	473	0.500	0.500	277	0.500	0.500	365	0.655	0.655	315	0.750	0.750	
288	-24	-1	4	1	0	0	404	0.500	0.500	366	0.604	1.375	306	0.625	0.625	100	0.750	0.750	206	0.809	2.000	
289	-36	-10	4	-1	-1	0	376	0.125	0.125	415	0.500	0.875	321	0.625	0.625	148	0.625	1.375	329	0.655	0.655	
290	-34	0	4	-2	-1	0	425	0.250	0.250	22	0.479	1.280	115	0.500	1.125	154	0.500	0.875	182	0.625	0.625	
291	-29	-4	4	0	-1	0	49	0.125	0.125	193	0.625	0.625	209	0.750	0.750	338	0.750	0.625	292	0.780	0.780	
292	-28	-3	4	1	-1	0	69	0.250	0.250	225	0.354	1.405	405	0.354	1.280	344	0.500	1.000	160	0.625	1.375	
293	-30	-12	4	1	-2	0	176	0.125	0.125	19	0.750	0.750	347	0.750	1.155	48	0.809	1.604	188	0.875	0.875	
294	-29	1	4	-1	2	0	395	0.375	0.375	431	0.479	1.375	84	0.500	0.500	335	0.500	1.125	373	0.625	1.625	
295	-31	-11	4	-2	-1	1	241	0.500	1.000	334	0.604	1.280	188	0.625	0.625	91	0.750	0.750	479	0.750	0.750	
296	-31	3	4	-2	1	1	359	0.375	1.000	242	0.500	0.500	314	0.750	0.905	390	0.750	1.125	385	0.875	1.375	
297	-23	-2	4	-1	-2	0	366	0.250	0.250	465	0.375	1.250	475	0.500	1.125	250	0.500	0.500	460	0.500	1.375	
298	-35	-12	4	-1	-2	0	322	0.250	0.250	223	0.500	0.500	126	0.625	0.625	192	0.625	0.625	108	0.625	0.625	
299	-21	1	4	1	-1	0	471	0.375	0.375	136	0.479	1.405	86	0.604	1.714	50	0.625	0.625	206	0.750	0.750	
300	-16	-2	4	-1	1	1	38	0.125	0.125	189	0.500	0.875	202	0.500	1.250	316	0.854	1.839	474	0.875	1.030	
301	-26	-3	4	1	1	0	36	0.125	0.125	280	0.479	1.280	391	0.500	1.000	404	0.604	1.714	444	0.625	0.625	
302	-23	2	4	-1	0	3	171	0.250	1.250	437	0.500	0.500	355	0.625	1.155	169	0.625	0.625	236	0.750	0.905	
303	-16	2	4	-2	-1	15	77	0.625	0.625	181	0.750	0.750	432	0.854	1.714	384	0.854	1.155	34	0.854	1.604	
304	-35	1	4	1	1	0	2	0.354	1.405	133	0.530	0.530	72	0.604	1.155	13	0.625	0.750	257	0.625	0.625	
305	-36	-7	4	-1	0	0	410	0.780	0.780	6	0.875	0.875	360	1.000	0.625	95	1.000	0.625	462	1.000	0.875	
306	-24	-2	4	1	1	0	404	0.375	0.375	477	0.375	0.375	330	0.479	1.280	100	0.500	1.375	435	0.625	1.250	
307	-36	1	4	-1	0	0	218	0.125	0.125	257	0.500	0.500	371	0.625	0.625	403	0.750	1.000	434	0.875	0.500	
308	-33	-4	4	0	-1	0	130	0.250	1.125	66	0.375	1.375	191	0.500	1.250	173	0.604	1.250	418	0.625	0.625	
309	-31	-5	4	1	-1	0	221	0.125	0.125	452	0.625	0.625	383	0.750	0.750	263	0.854	1.155	186	0.875	0.875	
310	-23	3	4	0	-1	0	437	0.375	0.375	364	0.500	0.500	21	0.500	0.500	60	0.729	1.714	355	0.729	1.714	
311	-34	-7	4	1	-1	0	10	0.354	1.405	161	0.625	0.625	205	0.625	0.625	201	0.625	0.625	360	0.750	0.750	
312	-17	-2	4	-1	-2	0	202	0.250	0.250	474	0.375	1.000	226	0.604	1.280	203	0.625	0.625	189	0.625	0.625	
313	-18	2	4	-1	2	0	432	0.500	1.000	228	0.750	0.750	384	0.750	0.655	387	0.750	1.000	433	0.750	1.125	
314	-32	2	4	-1	0	1	3	0.375	0.375	15	0.375	0.375	213	0.500	0.500	268	0.500	0.500	325	0.604	1.250	
315	-36	-16	4	1	1	2	473	0.250	0.250	358	0.604	1.589	219	0.684	1.464	484	0.750	0.625	365	0.875	0.500	
316	-17	0	4	0	1	0	408	0.375	0.375	279	0.500	0.500	448	0.500	1.250	121	0.625	1.155	313	0.729	1.714	
317	-33	-11	4	-1	2	0	275	0.479	1.405	336	0.500	0.500	52	0.604	1.280	123	0.625	1.125	243	0.655	0.655	
318	-27	-1	4	2	1	0	96	0.375	1.000	458	0.479	1.500	208	0.500	0.500	379	0.625	0.625	269	0.625	0.750	
319	-31	2	4	-1	2	0	359	0.479	1.405	268	0.500	0.500	242	0.500	1.375	296	0.625	0.875	314	0.750	1.000	
320	-30	-4	4	-1	1	0	116	0.354	1.405	209	0.375	0.375	127	0.479	1.530	146	0.625	0.625	337	0.625	1.250	
321	-35	-10	4	0	-1	0	388	0.250	0.250	260	0.250	1.250	329	0.375	1.000	376	0.500	0.500	392	0.500	0.500	
322	-35	-12	4	1	-2	0	298	0.250	0.250	126	0.625	0.625	108	0.625	0.625	120	0.729	1.714	152	0.729	1.714	
323	-32	-16	4	-1	-1	0	246	0.500	0.500	45	0.655	0.655	46	0.905	0.729	211	0.979	1.464	272	0.979	1.125	
324	-31	-14	4	0	-1	0	48	0.375	0.375	401	0.375	0.375	238	0.375	0.375	323	0.604	1.839	246	0.854	1.339	
325	-33	3	4	0	1	0	359	0.625	0.625	212	0.625	0.625	271	0.750	1.125	390	0.875	1.125	197	0.875	0.750	
326	-23	-3	4	-1	2	0	477	0.479	1.280	250	0.500	0.875	0	0.625	0.625	100	0.729	1.714	475	0.750	0.750	
327	-22	-1	4	-2	1	1	216	0.250	0.250	330	0.625	0.750	496	0.750	0.750	297	0.854	1.280	366	0.854	1.250	
328	-30	-1	4	-2	1	2	93	0.479	1.500	132	0.479	1.280	177	0.500	0.500	1	0.500	1.375	239	0.655	0.655	
329	-35	-11	4	-2	-1	0	88	0.479	1.155	260	0.500	0.500	415	0.500	1.000	126	0.604	1.280	298	0.625	0.875	
330	-23	-1	4	0	1	0	236	0.729	1.714	327	0.750	0.625	100	0.750	0.625	496	0.750	0.750	494	0.780	0.780	
331	-19	1	4	0	1	0	121	0.500	0.500	80	0.625	0.625	68	0.854	1.479	47	0.854	1.479	448	0.875	0.875	
332	-27	-3	4	-1	0	0	69	0.500	0.875	163	0.500	0.500	153	0.500	0.500	291	0.604	1.589	252	0.625	0.780	
333	-35	-8	4	0	1	0	462	0.250	1.250	26	0.375	0.375	142	0.625	0.625	210	0.750	1.000	417	0.854	1.354	
334	-32	-12	4	1	-2	0	411	0.479	1.375	478	0.500	0.875	446	0.500	0.500	442	0.604	1.500	324	0.684	1.714	
335	-29	2	4	-1	2	0	373	0.375	1.250	129	0.500	0.500	416	0.625	0.875	27	0.625	0.625	296	0.729	1.589	
336	-33	-11	4	-2	-1	0	124	0.479	1.280	317	0.500	0.500	223	0.559	1.589	64	0.625	0.625	419	0.625	1.250	
337	-30	-3	4	2	1	0	53	0.125	0.125	470	0.250	0.250	400	0.250	0.250	187	0.500	0.500	441	0.625	0.875	
338	-28	-4	4	-2	-1	2	283	0.250	0.250	252	0.375	0.375	291	0.625	0.750	320	0.625	1.625	90	0.750	0.750	
339	-22	1	4	-1	2	0	302	0.479	1.375	445	0.500	0.500	472	0.625	0.625	207	0.625	0.625	171	0.729	1.589	
340	-19	-3	4	1	-2	0	235	0.250	0.250	414	0.479	1.155	114	0.625	1.125	451	0.625	0.625	5	0.750	0.905	
341	-25	3	4	1	2	0	122	0.625	0.625	381	0.750	0.625	169	0.839	0.839	447	0.875	0.875	159	1.000	1.030	
342	-37	-16	4	2	1	1	287	0.250	0.250	277	0.250	0.250	315	0.375	1.000	473	0.625	0.750	365	0.655	0.655	
343	-36	-10	4	1	1	0	421	0.125	0.125	40	0.750	0.750	260	0.854	1.155	333	0.854	1.839	376	0.875	0.875	
344	-27	-3	4	2	-1	0	160	0.375	0.375	301	0.375	1.250	444	0.500	0.875	405	0.500	0.500	36	0.500	1.375	
345	-28	-2	4	-2	-1	0	461	0.375	0.375	54	0.500	0.500	267	0.625	0.625	292	0.625	1.250	328	0.729	1.589	
346	-17	-1	4	2	-1	10	102	0.479	1.280	203	0.500	0.500	408	0.625	0.625	202	0.750	1.250	147	0.854	1.604	
347	-31	-13	4	-1	-1	0	401	0.479	1.280	281	0.604	1.589	442	0.625	0.625	23	0.625	0.625	324	0.625	1.125	
348	-25	-1	4	0	-1	0	9	0.125	0.125	109	0.375	0.375	32	0.604	1.839	444	0.729	1.464	482	0.729	1.250	
349	-35	0	4	2	-1	8	133	0.375	1.250	154	0.500	0.500	393	0.625	1.375	87	0.729	1.714	22	0.750	1.250	
350	-25	0	4	1	-1	0	288	0.354	1.280	9	0.625	1.250	276	0.625	0.625	109	0.750	0.750	348	0.750	1.125	
351	-32	-11	4	1	1	0	406	0.500	1.000	97	0.500	1.375	372	0.500	0.500	123	0.655	0.655	317	0.750	0.750	
352	-20	-4	4	-2	1	1	409	0.375	0.375	180	0.500	0.500	204	0.625	1.000	200	0.625	0.625	493	0.750	0.750	
353	-28	3	4	-1	-1	0	247	0.125	0.125	27	0.479	1.530	416	0.625	1.250	164	0.655	0.655	431	0.729	1.839	
354	-18	-3	4	1	2	0	114	0.250	0.250	178	0.375	1.250	203	0.479	1.375	226	0.500	0.500	61	0.625	0.625	
355	-24	1	4	-2	-1	1	236	0.250	0.250	429	0.500	1.125	171	0.625	0.625	274	0.750	0.905	350	0.875	1.155	
356	-26	-1	4	-2	1	0	269	0.375	0.375	482	0.500	0.500	466	0.604	1.375	96	0.625	0.625	274	0.655	0.655	
357	-32	-14	4	2	1	0	71	0.500	0.500	238	0.500	1.375	324	0.625	1.000	168	0.625	0.750	478	0.625	0.625	
358	-34	-15	4	1	-1	0	495	0.250	0.250	199	0.500	1.250	16	0.530	0.530	272	0.625	1.250	150	0.625	0.625	
359	-32	3	4	-1	1	0	197	0.625	0.625	314	0.625	0.625	242	0.750	0.750	325	0.750	0.625	390	0.875	0.875	
360	-35	-7	4	-1	-2	0	311	0.750	0.750	26	0.750	0.875	396	0.875	1.250	205	0.875	0.875	6	0.875	0.750	
361	-19	-2	4	0	1	0	486	0.125	0.125	178	0.375	0.375	82	0.500	0.500	402	0.750	1.125	346	0.854	1.479	
362	-20	-3	4	1	0	0	340	0.375	1.000	198	0.375	0.375	61	0.500	1.000	414	0.604	1.589	361	0.604	1.250	
363	-16	0	4	2	-1	0	59	0.500	0.500	24	0.625	1.250	112	0.625	0.625	346	0.780	0.750	138	0.875	0.875	
364	-24	3	4	-1	-2	1	14	0.375	1.375	310	0.500	0.500	159	0.625	1.125	447	0.750	0.750	171	0.750	0.875	
365	-36	-17	4	1	1	17	484	0.479	1.280	473	0.625	1.125	386	0.625	0.625	315	0.625	0.875	342	0.655	0.655	
366	-23	-2	4	1	-2	0	297	0.250	0.250	465	0.375	1.000	475	0.500	1.375	460	0.500	1.125	494	0.625	1.250	
367	-33	-1	4	1	-2	0	158	0.625	0.625	103	0.750	0.750	233	0.750	0.875	157	0.750	0.905	83	0.750	0.655	
368	-16	3	4	1	1	0	194	0.125	0.125	440	0.125	0.125	138	0.625	0.625	498	0.750	0.750	181	0.750	0.750	
369	-26	1	4	1	2	0	489	0.250	0.250	261	0.500	0.500	429	0.625	0.625	381	0.625	1.375	159	0.729	1.604	
370	-21	-3	4	2	-1	0	230	0.250	0.250	362	0.375	1.250	4	0.500	0.500	180	0.604	1.280	361	0.729	1.479	
371	-36	2	4	-1	1	0	374	0.500	0.875	490	0.625	1.250	307	0.625	0.625	106	0.655	0.655	434	0.750	0.750	
372	-32	-11	4	1	-1	0	351	0.500	0.500	241	0.500	0.500	334	0.500	1.000	419	0.530	0.530	479	0.625	1.250	
373	-29	3	4	1	1	0	416	0.625	0.625	92	0.750	0.750	129	0.780	0.625	20	0.875	0.875	247	1.000	1.125	
374	-36	3	4	-1	1	0	490	0.625	0.625	307	1.000	1.000	30	1.000	1.125	106	1.000	0.375	434	1.125	1.125	
375	-16	-3	4	2	1	2	105	0.375	0.375	131	0.625	0.625	102	0.625	0.625	300	0.750	1.250	38	0.875	1.250	
376	-36	-10	4	-1	-2	1	289	0.125	0.125	148	0.375	1.250	415	0.375	1.000	321	0.500	0.500	388	0.750	0.750	
377	-30	-2	4	1	-1	0	53	0.625	0.625	187	0.625	1.000	455	0.655	0.655	337	0.750	0.750	400	0.750	0.750	
378	-22	2	4	-1	-2	1	422	0.250	0.250	50	0.375	1.250	207	0.375	1.000	60	0.500	1.125	445	0.500	0.875	
379	-27	-2	4	2	1	0	391	0.500	0.875	109	0.559	1.589	269	0.604	1.375	344	0.625	0.625	318	0.625	0.625	
380	-29	0	4	0	-1	0	251	0.375	0.375	249	0.500	0.500	177	0.604	1.589	450	0.625	0.625	481	0.625	0.625	
381	-26	3	4	1	1	0	122	0.125	0.125	107	0.500	0.500	341	0.750	0.750	58	0.875	0.875	14	1.104	1.479	
382	-34	1	4	-1	2	0	13	0.250	0.250	72	0.500	1.125	2	0.500	1.375	99	0.625	0.625	149	0.625	1.250	
383	-31	-5	4	-1	0	0	186	0.125	0.125	456	0.250	1.250	263	0.729	1.155	265	0.729	1.714	309	0.750	0.750	
384	-17	3	4	-1	1	0	432	0.500	0.875	313	0.655	0.655	440	0.750	0.750	368	1.000	0.875	498	1.125	0.750	
385	-33	3	4	0	-1	1	212	0.375	0.375	390	0.500	0.500	99	0.604	1.839	271	0.625	0.625	3	0.750	0.905	
386	-36	-17	4	-2	1	9	144	0.500	0.500	287	0.604	1.280	365	0.625	0.625	315	0.625	1.250	473	0.875	1.000	
387	-19	2	4	-1	0	4	215	0.500	0.500	18	0.625	0.625	432	0.780	0.780	141	0.854	1.339	207	0.854	1.957	
388	-35	-10	4	1	-1	0	321	0.250	0.250	499	0.479	1.155	148	0.530	0.530	329	0.750	1.250	392	0.750	0.750	
389	-19	1	4	-1	-2	1	86	0.500	1.125	151	0.559	1.589	459	0.684	1.714	387	0.750	0.750	480	0.875	1.030	
390	-32	3	4	1	-2	0	271	0.125	0.125	278	0.375	1.125	3	0.500	1.375	197	0.500	0.500	385	0.500	0.500	
391	-26	-2	4	1	2	0	269	0.375	1.250	96	0.375	1.000	356	0.500	1.125	280	0.500	0.500	109	0.604	1.280	
392	-34	-10	4	-1	-2	0	52	0.250	0.250	321	0.500	0.500	322	0.559	1.589	329	0.604	1.500	195	0.625	0.625	
393	-33	0	4	1	-1	0	262	0.125	0.125	253	0.354	1.280	430	0.500	1.000	167	0.530	0.530	158	0.604	1.155	
394	-18	0	4	-1	1	0	279	0.375	0.375	331	0.479	1.280	121	0.500	1.000	80	0.625	0.875	316	0.625	0.625	
395	-29	1	4	-1	0	2	70	0.375	1.375	294	0.375	0.375	431	0.625	1.030	27	0.625	0.625	51	0.625	0.780	
396	-34	-8	4	2	1	1	161	0.125	0.125	210	0.250	0.250	488	0.479	1.375	10	0.625	1.125	333	0.750	0.750	
397	-35	-2	4	1	0	0	83	0.250	1.125	65	0.500	1.000	134	0.625	0.625	237	0.750	0.625	259	0.750	0.905	
398	-36	-5	4	-1	-2	3	245	0.500	0.500	95	0.500	1.375	29	0.625	1.000	6	0.750	1.500	360	0.854	1.339	
399	-33	-3	4	-1	0	0	111	0.250	1.250	28	0.604	1.250	65	0.729	1.375	162	0.875	1.589	220	0.875	1.464	
400	-30	-3	4	2	-1	0	53	0.125	0.125	187	0.250	0.250	337	0.250	0.250	49	0.479	1.500	470	0.500	0.500	
401	-32	-14	4	0	-1	0	324	0.375	0.375	16	0.625	0.625	45	0.625	1.155	357	0.625	0.625	281	0.750	1.125	
402	-20	-2	4	-1	-1	0	4	0.354	1.405	493	0.500	0.875	230	0.604	1.155	264	0.750	0.750	0	0.854	1.464	
403	-36	0	4	1	-2	0	154	0.625	0.625	349	0.625	0.875	94	0.750	0.750	413	0.854	1.604	22	0.875	1.030	
404	-24	-2	4	2	-1	11	306	0.375	0.375	460	0.479	1.500	366	0.500	0.875	288	0.500	0.500	297	0.750	0.875	
405	-27	-4	4	1	0	1	225	0.375	0.375	344	0.500	0.500	101	0.500	0.500	36	0.625	1.155	160	0.625	0.625	
406	-32	-10	4	1	2	0	217	0.250	0.250	97	0.375	0.375	156	0.750	1.155	479	0.780	0.750	123	0.875	0.500	
407	-36	-4	4	0	1	1	464	0.500	0.875	497	0.750	1.625	220	0.750	0.625	237	0.750	1.155	397	0.854	1.589	
408	-17	0	4	2	1	1	316	0.375	0.375	112	0.479	1.280	363	0.500	1.375	34	0.500	0.500	485	0.500	0.500	
409	-20	-4	4	-1	-1	0	180	0.125	0.125	352	0.375	0.375	204	0.625	0.625	4	0.655	0.655	198	0.750	0.750	
410	-35	-6	4	-1	1	0	173	0.780	0.625	407	0.854	1.839	76	0.875	1.030	79	0.875	0.875	220	0.884	1.125	
411	-31	-13	4	1	0	0	442	0.125	0.125	238	0.500	0.500	19	0.604	1.375	324	0.750	0.875	347	0.750	0.750	
412	-26	2	4	-1	0	3	261	0.500	0.500	164	0.500	1.250	443	0.750	0.905	42	0.750	1.000	122	0.750	1.000	
413	-34	-1	4	2	1	0	367	0.500	1.125	430	0.559	1.589	57	0.625	0.625	55	0.684	1.714	425	0.750	1.250	
414	-18	-4	4	0	-1	0	5	0.250	0.250	234	0.750	0.750	235	0.905	0.729	226	1.000	0.875	114	1.000	0.875	
415	-36	-11	4	-1	-1	0	148	0.500	0.500	126	0.500	1.250	260	0.750	0.750	88	0.750	0.625	423	0.875	1.125	
416	-29	3	4	-2	1	2	373	0.625	0.625	27	0.750	0.750	431	0.750	0.905	335	0.875	0.500	395	0.875	0.875	
417	-33	-7	4	1	-1	0	205	0.250	0.250	10	0.625	1.000	210	0.655	0.655	488	0.750	0.750	161	0.780	0.625	
418	-32	-4	4	1	-1	0	309	0.479	1.530	221	0.604	1.405	308	0.625	0.625	452	0.625	1.125	43	0.625	0.625	
419	-33	-12	4	1	-1	0	446	0.250	0.250	478	0.479	1.405	372	0.530	0.530	442	0.604	1.714	152	0.625	0.625	
420	-35	-14	4	2	-1	16	219	0.250	0.250	495	0.604	1.375	16	0.625	1.375	143	0.729	1.280	152	0.729	1.464	
421	-36	-10	4	1	2	0	343	0.125	0.125	40	0.625	0.625	388	0.625	1.250	142	0.625	1.375	333	0.684	1.714	
422	-22	2	4	-2	-1	8	378	0.250	0.250	445	0.625	0.625	302	0.625	1.250	236	0.729	1.589	166	0.750	0.750	
423	-36	-12	4	1	0	0	126	0.375	0.375	322	0.375	1.000	424	0.625	0.625	148	0.625	0.625	260	0.750	0.905	
424	-36	-11	4	1	1	0	148	0.500	0.500	421	0.500	1.000	195	0.604	1.839	40	0.604	1.155	423	0.625	0.625	
425	-34	0	4	-2	1	0	290	0.250	0.250	115	0.500	0.875	154	0.500	1.125	182	0.625	0.625	133	0.625	0.625	
426	-33	-13	4	0	-1	0	439	0.375	0.375	16	0.375	1.125	152	0.500	0.500	495	0.604	1.589	56	0.625	0.625	
427	-31	-2	4	2	1	0	377	0.375	1.250	455	0.625	0.625	113	0.625	0.625	53	0.750	0.905	139	0.839	0.839	
428	-28	1	4	1	1	0	125	0.479	1.280	85	0.500	0.500	58	0.604	1.589	25	0.625	1.250	129	0.750	1.125	
429	-25	1	4	-1	2	0	412	0.479	1.375	122	0.559	1.589	261	0.625	0.875	369	0.625	0.625	381	0.684	1.464	
430	-32	0	4	2	-1	7	55	0.125	0.125	139	0.250	0.250	174	0.375	1.250	253	0.500	0.500	481	0.625	1.375	
431	-30	2	4	-1	0	1	51	0.250	0.250	70	0.375	0.375	319	0.500	1.000	492	0.604	1.375	15	0.604	1.589	
432	-18	3	4	-1	1	0	215	0.854	1.250	433	0.875	0.875	18	0.979	1.125	313	1.000	0.375	387	1.000	0.780	
433	-18	3	4	2	-1	12	68	0.479	1.280	138	0.684	1.714	181	0.854	1.839	228	0.875	0.905	498	0.875	1.125	
434	-36	2	4	0	-1	0	30	0.125	0.125	307	0.500	0.875	218	0.625	1.000	154	0.684	1.464	349	0.729	1.714	
435	-24	-1	4	-2	1	0	100	0.125	0.125	9	0.500	1.125	330	0.750	0.750	274	0.875	1.405	288	0.875	0.875	
436	-36	-14	4	0	-1	0	120	0.250	0.250	11	0.375	1.375	165	0.375	1.000	219	0.875	1.000	420	0.875	0.750	
437	-23	3	4	-2	-1	2	310	0.375	0.375	364	0.500	0.875	302	0.500	0.500	447	0.625	1.375	171	0.750	1.030	
438	-19	-1	4	1	-2	0	31	0.250	0.250	74	0.250	0.250	459	0.500	0.500	284	0.500	1.375	264	0.500	1.125	
439	-33	-13	4	2	-1	15	152	0.125	0.125	426	0.375	0.375	478	0.500	1.125	401	0.604	1.375	119	0.625	0.625	
440	-16	3	4	1	2	0	368	0.125	0.125	194	0.250	0.250	77	0.750	0.750	138	0.750	0.750	181	0.875	0.875	
441	-29	-3	4	1	2	0	254	0.604	1.500	470	0.625	0.625	328	0.729	1.604	177	0.729	1.375	337	0.875	0.500	
442	-31	-13	4	2	-1	14	411	0.125	0.125	324	0.625	1.000	347	0.625	0.625	19	0.729	1.280	48	0.750	1.250	
443	-27	1	4	-2	1	1	85	0.375	1.000	25	0.479	1.280	129	0.604	1.375	164	0.625	0.625	27	0.684	1.464	
444	-26	-3	4	1	-2	0	32	0.375	0.375	36	0.500	0.500	301	0.625	0.625	476	0.625	1.125	468	0.750	1.000	
445	-22	1	4	-2	-1	15	207	0.125	0.125	50	0.375	0.375	339	0.500	0.500	422	0.625	0.625	171	0.729	1.589	
446	-33	-12	4	0	-1	0	419	0.250	0.250	426	0.375	1.375	439	0.500	1.000	334	0.500	0.500	108	0.500	0.500	
447	-25	3	4	-1	-1	0	412	0.354	1.280	58	0.729	1.030	42	0.729	1.714	364	0.750	0.625	164	0.854	1.714	
448	-17	1	4	-1	2	0	228	0.375	1.250	313	0.479	1.280	485	0.625	0.625	286	0.625	0.625	121	0.625	0.625	
449	-35	-13	4	-2	1	0	88	0.479	1.155	223	0.625	0.625	243	0.655	0.655	192	0.750	0.750	67	0.750	1.280	
450	-29	0	4	2	1	0	117	0.375	0.375	73	0.500	0.875	380	0.625	0.625	239	0.625	0.625	208	0.729	1.604	
451	-18	-3	4	1	-2	0	114	0.500	0.500	5	0.500	1.250	235	0.625	0.625	340	0.625	0.625	414	0.625	1.250	
452	-31	-4	4	1	0	0	146	0.250	1.250	455	0.500	0.500	221	0.500	0.500	309	0.625	0.625	441	0.729	1.714	
453	-32	-5	4	2	-1	0	221	0.375	1.125	309	0.500	1.000	263	0.750	1.250	418	0.750	0.625	66	0.750	0.750	
454	-35	-6	4	1	-1	0	79	0.125	0.125	311	0.479	1.530	360	0.500	1.250	417	0.604	1.589	6	0.655	0.655	
455	-31	-3	4	2	-1	0	53	0.375	1.250	452	0.500	0.500	400	0.500	1.125	187	0.500	0.875	470	0.500	1.125	
456	-32	-5	4	-2	1	0	130	0.375	1.250	191	0.500	1.125	263	0.625	0.625	66	0.625	1.000	35	0.750	0.655	
457	-27	-2	4	-1	-2	0	461	0.500	0.500	344	0.500	1.125	332	0.625	0.750	54	0.625	0.625	292	0.750	0.905	
458	-26	0	4	1	2	0	466	0.500	0.500	489	0.500	0.875	261	0.500	1.125	369	0.500	1.125	350	0.625	1.250	
459	-20	-1	4	0	-1	0	151	0.125	0.125	402	0.250	1.125	438	0.500	0.500	74	0.500	0.500	82	0.604	1.250	
460	-23	-3	4	1	-2	0	465	0.125	0.125	475	0.250	0.250	467	0.604	1.500	196	0.729	1.464	487	0.750	0.905	
461	-28	-2	4	0	-1	0	54	0.125	0.125	267	0.250	0.250	345	0.375	0.375	69	0.375	1.375	292	0.375	1.125	
462	-35	-7	4	1	2	1	410	0.375	1.250	201	0.479	1.375	79	0.875	0.875	76	0.979	1.714	407	0.979	2.000	
463	-36	-2	4	-1	-1	3	464	0.750	0.625	497	0.875	0.875	285	1.000	0.780	170	1.000	1.125	162	1.125	0.250	
464	-36	-3	4	-1	0	0	463	0.625	0.625	270	0.750	0.750	285	0.875	0.750	497	0.875	1.000	407	0.875	0.500	
465	-23	-3	4	1	-1	0	460	0.125	0.125	475	0.375	0.375	467	0.479	1.405	196	0.604	1.589	128	0.854	1.155	
466	-27	0	4	0	1	0	443	0.375	1.000	458	0.500	0.500	73	0.500	0.500	129	0.604	1.589	428	0.625	0.780	
467	-22	-4	4	2	-1	0	196	0.375	1.000	487	0.625	0.625	204	0.625	0.750	200	0.625	1.625	362	0.729	1.464	
468	-25	-3	4	1	0	0	306	0.625	1.280	477	0.729	1.375	404	0.750	0.905	128	0.809	1.832	227	0.809	2.082	
469	-34	-16	4	-1	0	0	199	0.375	0.375	150	0.500	0.500	211	0.500	0.500	244	0.500	1.250	165	0.684	1.464	
470	-30	-3	4	1	2	0	337	0.250	0.250	53	0.375	0.375	400	0.500	0.500	116	0.625	0.625	441	0.625	0.625	
471	-21	1	4	2	1	0	299	0.375	0.375	206	0.625	0.625	141	0.625	0.625	248	0.750	0.655	18	0.809	1.339	
472	-22	1	4	1	0	0	60	0.125	0.125	471	0.250	1.250	299	0.250	1.125	50	0.500	0.500	339	0.625	0.625	
473	-36	-16	4	0	1	0	315	0.250	0.250	484	0.375	0.375	287	0.500	0.500	165	0.625	1.000	342	0.750	0.625	
474	-17	-3	4	-1	-1	0	414	0.479	1.280	226	0.500	1.250	5	0.604	1.530	451	0.750	0.750	284	0.964	0.964	
475	-23	-3	4	-1	-2	0	460	0.250	0.250	465	0.375	0.375	487	0.750	0.655	326	0.750	0.750	250	0.875	0.875	
476	-26	-4	4	-2	-1	3	256	0.500	0.500	153	0.500	1.375	163	0.500	1.125	101	0.625	1.000	252	0.625	1.625	
477	-24	-2	4	-1	2	1	306	0.375	0.375	100	0.375	1.000	280	0.500	0.500	435	0.500	0.875	288	0.625	1.000	
478	-32	-13	4	2	-1	1	442	0.375	1.125	324	0.479	1.375	357	0.625	0.625	411	0.625	1.250	16	0.655	0.655	
479	-31	-11	4	1	2	0	351	0.750	0.625	295	0.750	0.750	19	0.780	0.750	97	0.875	1.155	217	0.875	0.780	
480	-18	0	4	1	-2	0	39	0.500	1.375	312	0.559	1.589	346	0.604	1.500	34	0.625	0.625	408	0.625	1.125	
481	-30	0	4	1	-1	0	78	0.125	0.125	251	0.250	0.250	140	0.604	1.714	450	0.625	1.250	380	0.625	0.625	
482	-26	-2	4	-1	0	0	457	0.375	1.000	356	0.500	0.500	69	0.604	1.589	332	0.625	1.030	391	0.625	0.625	
483	-31	-2	4	-2	-1	1	113	0.375	0.375	157	0.375	1.000	1	0.625	0.625	399	0.684	1.714	103	0.729	1.589	
484	-35	-16	4	0	1	0	473	0.375	0.375	315	0.625	0.625	211	0.750	0.905	62	0.854	1.589	469	0.875	0.500	
485	-17	1	4	1	0	0	112	0.250	1.250	68	0.500	0.500	408	0.500	0.500	228	0.625	0.625	138	0.625	1.030	
486	-19	-2	4	-1	2	1	361	0.125	0.125	178	0.500	0.500	402	0.625	1.250	248	0.684	1.464	279	0.729	1.589	
487	-22	-4	4	-1	-1	0	183	0.125	0.125	467	0.625	0.625	204	0.625	0.625	475	0.655	0.655	190	0.750	0.750	
488	-33	-7	4	0	1	0	35	0.250	1.125	63	0.729	1.030	417	0.750	0.750	173	0.854	1.589	76	0.875	1.339	
489	-26	1	4	2	1	0	369	0.250	0.250	42	0.500	0.500	159	0.559	1.589	429	0.750	0.875	261	0.750	0.750	
490	-36	3	4	2	1	0	104	0.500	1.125	374	0.625	0.625	106	1.000	1.000	99	1.104	1.229	304	1.125	0.964	
491	-20	3	4	1	-1	0	222	0.250	0.250	18	0.354	1.405	215	0.479	1.280	75	0.500	0.500	155	0.500	0.875	
492	-31	1	4	-1	-2	1	214	0.500	0.500	7	0.625	0.625	17	0.625	0.625	213	0.625	0.875	167	0.750	0.750	
493	-20	-3	4	-1	-1	0	204	0.479	1.280	409	0.500	0.875	487	0.604	1.589	180	0.625	1.000	198	0.750	1.125	
494	-22	-2	4	1	1	0	227	0.125	0.125	128	0.125	0.125	496	0.479	1.280	327	0.625	1.250	258	0.625	0.750	
495	-34	-15	4	0	-1	0	358	0.250	0.250	150	0.375	0.375	46	0.500	0.500	45	0.500	0.500	199	0.500	1.250	
496	-21	-1	4	0	1	0	282	0.375	0.375	248	0.625	1.280	339	0.729	1.714	136	0.729	1.375	330	0.750	0.750	
497	-36	-2	4	1	2	0	170	0.375	1.250	115	0.559	1.589	134	0.655	0.655	397	0.750	1.000	94	0.750	1.500	
498	-16	3	4	0	-1	0	77	0.375	0.375	303	0.375	1.000	181	0.500	1.000	194	0.625	0.625	68	0.750	0.905	
499	-34	-11	4	2	1	0	123	0.479	1.280	195	0.500	0.500	275	0.625	1.250	351	0.625	1.375	334	0.729	1.604	
