# states in shortest path from s to t
19

# shortest path from s to t
-1	0	4	-1	-1
-2	-1	4	-1	0
-3	-1	4	-1	0
-4	-1	4	-1	0
-5	-1	4	-1	0
-6	-1	4	-1	0
-7	-1	4	-1	0
-8	-1	4	-1	0
-9	-1	4	-1	0
-10	-1	4	-1	0
-11	-1	4	-1	0
-12	-1	4	-1	0
-13	-1	4	-1	0
-14	-1	4	-1	0
-15	-1	4	-1	0
-16	-1	4	-1	0
-17	-1	4	-1	0
-18	-1	4	-1	0
-19	-1	4	-1	0

# cost of shortest path
4.604

# Line i represents a sample taken at time i. The sample corresponds to a discrete state.
# Line Format: [sample ID] [x] [y] [z] [x-component of yaw] [y-component of yaw] [U: marginal coverage]
#              [sample ID of nearest neighbor 1] [shortest path cost to nearest neighbor 1] [shortest path cost from nearest neighbor 1]
#              ...
#              [sample ID of nearest neighbor k] [shortest path cost to nearest neighbor k] [shortest path cost from nearest neighbor k]
0	-18	-1	4	1	1	133	2	0.500	0.875	363	0.500	0.500	167	0.625	0.625	215	0.625	1.125	341	0.625	0.875	
1	7	-5	4	2	-1	47	390	0.375	0.375	110	0.750	0.750	405	1.000	1.000	361	1.125	0.875	18	1.155	0.604	
2	-17	-1	4	1	1	15	267	0.479	1.280	38	0.500	0.500	95	0.500	1.250	341	0.530	0.530	466	0.604	1.155	
3	-7	-4	4	-2	-1	26	359	0.375	0.375	497	0.500	0.500	249	0.625	0.875	105	0.750	0.655	355	0.875	0.905	
4	-6	-2	4	-1	1	57	455	0.125	0.125	56	0.250	0.250	46	0.500	0.500	243	0.854	1.839	45	0.905	0.729	
5	-13	1	4	-1	-1	90	386	0.125	0.125	329	0.125	0.125	372	0.479	1.405	244	0.500	0.500	335	0.625	1.250	
6	-14	1	4	1	1	6	335	0.375	0.375	238	0.479	1.405	218	0.625	0.625	142	0.854	1.839	199	0.875	0.780	
7	4	-1	4	1	-2	95	216	0.375	1.250	49	0.375	0.375	87	0.375	1.000	130	0.625	0.625	325	0.729	1.479	
8	-3	3	4	1	2	0	426	0.500	0.500	219	0.500	0.500	433	0.875	1.000	62	0.875	0.625	148	0.979	1.229	
9	-19	-2	4	1	-2	26	186	0.559	1.589	280	0.625	0.625	302	0.750	1.250	276	0.809	1.339	226	0.875	1.000	
10	6	-2	4	-1	-1	43	383	0.500	1.000	51	0.625	1.250	255	0.625	0.625	224	0.750	1.250	474	0.750	0.750	
11	-3	0	4	0	-1	11	257	0.500	1.000	256	0.500	0.500	17	0.604	1.589	319	0.625	0.780	467	0.625	1.280	
12	-10	-2	4	-2	-1	11	440	0.375	0.375	174	0.750	0.750	263	0.750	0.750	125	0.875	1.405	318	0.875	0.780	
13	-8	3	4	0	-1	30	401	0.125	0.125	29	0.125	0.125	409	0.604	1.589	296	0.625	0.780	334	0.625	0.625	
14	6	-1	4	-2	-1	21	170	0.125	0.125	383	0.479	1.280	61	0.500	0.500	322	0.500	0.500	240	0.625	0.625	
15	0	3	4	1	0	56	185	0.125	0.125	52	0.604	1.589	327	0.729	1.714	66	0.750	0.905	408	0.875	0.875	
16	-12	-1	4	-2	-1	6	273	0.375	1.250	392	0.479	1.500	164	0.479	1.280	473	0.500	0.500	301	0.625	0.625	
17	-4	-2	4	-1	0	17	282	0.250	1.125	127	0.604	1.589	24	0.604	1.375	213	0.729	1.375	45	0.750	0.905	
18	6	-4	4	1	0	71	270	0.125	0.125	458	0.500	0.500	361	0.625	0.780	390	0.625	0.780	1	0.625	1.155	
19	-2	-3	4	2	1	75	312	0.125	0.125	360	0.250	0.250	143	0.500	1.000	246	0.655	0.655	427	0.750	1.280	
20	-8	-1	4	-1	2	8	259	0.250	0.250	243	0.375	0.375	345	0.500	0.500	447	0.625	0.625	158	0.729	1.604	
21	7	3	4	2	1	19	404	0.375	0.375	144	0.625	1.000	397	0.729	1.464	123	0.750	0.750	323	0.875	0.500	
22	-8	2	4	-1	2	0	82	0.125	0.125	495	0.250	0.250	470	0.375	1.250	338	0.479	1.155	53	0.604	1.500	
23	0	-3	4	2	1	16	347	0.479	1.405	333	0.479	1.155	449	0.750	1.125	422	0.750	1.000	287	0.750	0.750	
24	-5	-3	4	-1	-2	23	191	0.479	1.280	127	0.500	0.500	32	0.500	1.125	317	0.500	0.500	290	0.604	1.500	
25	1	-2	4	-2	1	33	365	0.625	0.625	347	0.625	0.625	422	0.625	0.750	195	0.750	0.750	287	0.875	0.780	
26	-4	2	4	-1	-1	17	169	0.125	0.125	370	0.250	0.250	411	0.479	1.155	34	0.479	1.280	284	0.604	1.405	
27	6	2	4	0	1	0	381	0.250	0.250	69	0.375	0.375	323	0.500	0.500	21	0.729	1.375	123	0.750	0.905	
28	-12	-2	4	1	2	1	101	0.125	0.125	343	0.250	0.250	429	0.375	1.000	211	0.479	1.375	301	0.500	0.500	
29	-8	3	4	1	-2	27	13	0.125	0.125	401	0.250	0.250	470	0.625	0.625	409	0.729	1.464	296	0.750	0.905	
30	-4	-6	4	1	-2	22	486	0.500	0.500	315	0.655	0.655	330	0.875	0.875	265	0.979	1.250	431	1.000	1.000	
31	9	-1	4	-2	-1	38	103	0.375	1.250	67	0.479	1.280	138	0.625	0.750	135	0.729	1.589	81	0.750	0.625	
32	-5	-4	4	2	-1	3	415	0.125	0.125	104	0.500	0.500	339	0.684	1.714	315	0.729	1.714	184	0.750	0.750	
33	-15	-4	4	0	-1	0	236	0.500	0.500	462	0.500	0.500	297	0.500	0.500	140	0.750	0.875	42	0.780	0.780	
34	-5	1	4	0	-1	1	157	0.250	1.125	284	0.375	0.375	307	0.375	1.000	99	0.625	1.155	154	0.625	0.625	
35	-15	-3	4	1	1	0	481	0.500	0.500	253	0.625	0.750	403	0.625	0.625	100	0.875	1.250	128	0.884	1.125	
36	1	-4	4	-1	0	12	272	0.125	0.125	281	0.375	1.375	369	0.375	0.375	365	0.500	0.500	287	0.625	1.155	
37	-6	-4	4	1	1	0	32	0.500	1.250	124	0.530	0.530	104	0.625	0.750	165	0.625	0.625	430	0.750	0.750	
38	-17	-1	4	-1	1	5	187	0.125	0.125	215	0.479	1.280	363	0.500	0.875	2	0.500	0.500	116	0.604	1.530	
39	3	-2	4	1	-2	0	491	0.250	0.250	366	0.375	1.250	85	0.375	0.375	450	0.729	1.375	153	0.750	1.155	
40	-12	-3	4	-2	-1	7	473	0.500	0.500	424	0.604	1.500	301	0.625	0.625	391	0.655	0.655	128	0.750	1.125	
41	9	-2	4	-1	1	7	103	0.354	1.280	362	0.500	1.375	67	0.500	1.250	209	0.530	0.530	31	0.750	0.750	
42	-16	-3	4	-1	-1	1	324	0.375	0.375	274	0.479	1.155	346	0.604	1.530	462	0.625	1.000	181	0.625	0.625	
43	-5	-5	4	-1	1	7	436	0.125	0.125	290	0.479	1.155	124	0.500	0.500	384	0.500	1.000	104	0.500	1.250	
44	-4	-3	4	0	1	0	246	0.625	1.280	213	0.729	1.464	230	0.750	0.625	234	0.875	1.589	289	0.875	0.500	
45	-5	-1	4	-2	-1	7	307	0.625	0.625	157	0.750	0.625	303	0.750	1.250	4	0.750	0.905	282	0.750	0.750	
46	-6	-2	4	1	1	0	56	0.250	0.250	213	0.354	1.405	4	0.500	0.500	303	0.500	1.250	455	0.625	0.625	
47	-10	0	4	-2	1	13	223	0.375	0.375	108	0.684	1.714	16	0.729	1.589	146	0.750	0.750	263	0.750	0.625	
48	-17	3	4	2	1	0	469	0.250	0.250	109	0.250	0.250	126	0.750	0.625	476	0.750	1.125	93	0.750	1.500	
49	4	-1	4	1	0	17	7	0.375	0.375	133	0.500	0.500	306	0.604	1.250	375	0.625	0.625	352	0.729	1.714	
50	-5	-6	4	-1	0	5	439	0.500	1.000	265	0.500	0.500	43	0.625	0.625	431	0.625	1.000	308	0.750	1.125	
51	5	-2	4	-1	2	0	224	0.250	0.250	383	0.500	0.500	216	0.625	1.250	375	0.684	1.464	352	0.729	1.589	
52	2	2	4	1	0	14	327	0.125	0.125	192	0.604	1.589	479	0.625	0.780	156	0.729	1.250	353	0.729	1.714	
53	-9	3	4	-2	1	2	338	0.375	0.375	443	0.375	1.250	387	0.375	1.000	179	0.375	1.250	446	0.500	1.125	
54	-8	-3	4	0	1	0	393	0.125	0.125	355	0.500	0.500	438	0.625	1.280	447	0.729	1.714	105	0.750	0.750	
55	-6	-6	4	1	1	0	439	0.375	0.375	124	0.479	1.530	308	0.500	0.500	137	0.500	1.000	98	0.500	1.000	
56	-6	-2	4	0	1	0	46	0.250	0.250	4	0.250	0.250	455	0.375	0.375	291	0.500	0.500	438	0.625	0.625	
57	2	-1	4	2	1	0	389	0.479	1.500	130	0.500	1.125	96	0.500	0.500	133	0.559	1.589	492	0.655	0.655	
58	-4	3	4	1	-1	0	207	0.125	0.125	336	0.250	0.250	64	0.250	0.250	421	0.375	0.375	62	0.479	1.155	
59	-1	-3	4	-2	1	1	298	0.375	0.375	74	0.375	1.250	143	0.625	0.625	310	0.729	1.589	465	0.875	0.750	
60	-5	2	4	2	1	0	426	0.479	1.375	70	0.500	0.875	316	0.729	1.589	58	0.750	0.905	176	0.750	0.750	
61	6	-1	4	-1	2	0	245	0.375	1.250	498	0.500	0.500	14	0.500	0.500	352	0.500	1.375	161	0.625	0.625	
62	-3	2	4	2	1	0	219	0.479	1.375	316	0.625	0.625	344	0.625	0.625	8	0.625	0.875	328	0.854	1.464	
63	-4	-3	4	-1	-2	5	24	0.625	0.625	282	0.655	0.655	184	0.684	1.464	290	0.729	1.589	17	0.750	0.750	
64	-4	3	4	1	0	0	207	0.125	0.125	58	0.250	0.250	8	0.375	1.000	426	0.500	0.500	70	0.750	0.625	
65	-17	-2	4	1	0	0	76	0.250	0.250	136	0.500	0.500	324	0.604	1.375	481	0.604	1.839	2	0.625	0.625	
66	1	2	4	1	2	0	327	0.625	1.125	229	0.625	0.625	468	0.750	0.750	52	0.750	1.000	178	0.750	0.750	
67	8	-2	4	-2	-1	16	103	0.500	0.500	483	0.625	0.625	10	0.625	1.375	428	0.684	1.464	61	0.729	1.604	
68	-16	1	4	-2	1	0	145	0.125	0.125	484	0.375	1.250	478	0.479	1.280	71	0.625	0.625	388	0.625	0.625	
69	7	2	4	0	1	0	323	0.125	0.125	123	0.375	1.000	27	0.375	0.375	21	0.500	1.000	381	0.625	0.625	
70	-4	2	4	1	2	0	64	0.625	0.750	370	0.625	0.625	426	0.625	1.250	371	0.729	1.375	207	0.750	0.875	
71	-16	1	4	1	1	0	126	0.530	0.530	410	0.604	1.589	75	0.604	1.155	68	0.625	0.625	145	0.750	0.750	
72	-11	-2	4	1	1	0	106	0.354	1.405	429	0.530	0.530	211	0.625	0.625	101	0.625	0.625	402	0.655	0.655	
73	7	-2	4	1	1	11	442	0.125	0.125	396	0.500	0.500	161	0.500	1.000	474	0.625	0.625	498	0.655	0.655	
74	-2	-3	4	-1	-1	0	250	0.479	1.155	230	0.625	1.250	212	0.750	1.250	289	0.750	1.125	17	0.854	1.339	
75	-15	2	4	-1	2	0	388	0.625	1.125	434	0.625	0.875	6	0.905	0.854	93	1.000	1.000	68	1.000	0.780	
76	-17	-2	4	1	-1	0	65	0.250	0.250	324	0.354	1.405	462	0.729	1.714	35	0.729	1.589	136	0.750	0.750	
77	-15	0	4	-1	-2	3	119	0.375	1.250	86	0.729	1.714	187	0.729	1.604	466	0.750	1.250	117	0.750	0.655	
78	7	0	4	2	1	1	342	0.250	0.250	206	0.500	0.500	435	0.604	1.375	91	0.625	0.875	247	0.684	1.714	
79	-10	-4	4	1	-2	1	378	0.125	0.125	412	0.750	0.625	266	0.875	0.875	125	0.905	0.854	54	0.979	1.229	
80	5	1	4	2	-1	5	394	0.125	0.125	173	0.375	0.375	189	0.500	1.125	78	0.559	1.589	159	0.625	1.250	
81	9	0	4	-1	-1	0	103	0.354	1.280	138	0.479	1.280	377	0.500	1.000	31	0.625	0.750	203	0.854	1.354	
82	-8	2	4	-1	1	0	22	0.125	0.125	495	0.375	0.375	338	0.479	1.280	470	0.500	1.375	387	0.604	1.589	
83	3	3	4	-1	-2	7	479	0.375	0.375	445	0.500	1.125	304	0.625	0.625	353	0.854	1.604	192	0.854	1.464	
84	-17	-3	4	-1	2	7	311	0.375	1.000	38	0.625	1.375	141	0.625	0.750	0	0.684	1.464	363	0.729	1.714	
85	3	-2	4	1	0	0	491	0.125	0.125	87	0.250	1.125	39	0.375	0.375	49	0.625	1.030	172	0.750	0.625	
86	-16	-2	4	-1	-1	0	181	0.250	0.250	311	0.500	1.375	42	0.500	0.875	141	0.625	1.125	324	0.625	1.250	
87	4	-2	4	1	-1	1	216	0.500	0.500	49	0.625	0.625	464	0.729	1.714	122	0.854	1.589	471	0.854	1.464	
88	9	-4	4	-1	-1	5	350	0.250	0.250	456	0.625	1.250	483	0.875	0.905	67	0.964	0.964	379	0.979	1.354	
89	-5	-7	4	0	1	1	265	0.375	0.375	193	0.375	0.375	50	0.500	0.875	98	0.500	1.000	439	0.604	1.155	
90	-19	-1	4	-1	2	0	129	0.250	0.250	0	0.750	0.750	214	0.750	0.875	441	0.750	0.750	363	0.750	0.625	
91	7	1	4	1	2	0	203	0.125	0.125	452	0.125	0.125	69	0.375	1.250	206	0.375	0.375	323	0.500	1.125	
92	4	-3	4	-1	2	0	172	0.625	0.625	418	0.750	0.750	162	0.875	1.405	366	0.875	1.125	216	0.875	1.000	
93	-15	3	4	1	-2	0	356	0.125	0.125	410	0.479	1.405	476	0.625	0.625	145	0.729	1.479	238	0.729	1.604	
94	-14	-3	4	-1	1	0	253	0.375	0.375	198	0.655	0.655	364	0.655	0.655	86	0.729	1.589	181	0.729	1.839	
95	-16	-1	4	2	-1	2	119	0.375	1.000	100	0.375	1.250	86	0.625	1.250	76	0.655	0.655	136	0.839	0.839	
96	2	0	4	1	0	0	389	0.500	1.000	57	0.500	0.500	130	0.604	1.375	49	0.604	1.589	208	0.604	1.250	
97	-7	0	4	-2	-1	5	175	0.750	0.905	243	0.750	1.155	447	0.809	1.339	259	0.875	1.030	210	0.875	1.280	
98	-5	-6	4	2	1	0	231	0.125	0.125	30	0.625	1.125	193	0.625	0.625	43	0.625	1.250	330	0.750	0.750	
99	-6	0	4	-1	-2	1	414	0.375	1.250	97	0.625	0.875	254	0.729	1.589	303	0.729	1.604	259	0.729	1.604	
100	-15	-1	4	1	1	0	119	0.500	0.500	335	0.729	1.714	145	0.854	1.354	199	0.854	1.839	238	0.913	2.229	
101	-12	-2	4	0	1	0	28	0.125	0.125	301	0.375	0.375	343	0.375	0.375	429	0.375	1.125	402	0.500	1.000	
102	4	3	4	-2	1	1	304	0.375	1.000	83	0.500	1.125	320	0.625	0.625	260	0.750	0.655	496	0.875	0.780	
103	8	-1	4	-1	0	1	67	0.500	0.500	377	0.500	0.500	138	0.500	0.500	10	0.604	1.839	205	0.750	0.750	
104	-5	-4	4	1	2	0	384	0.250	0.250	415	0.375	0.375	32	0.500	0.500	317	0.500	1.125	455	0.729	1.604	
105	-8	-3	4	-1	-1	2	251	0.125	0.125	355	0.250	0.250	340	0.354	1.280	121	0.479	1.155	393	0.625	0.625	
106	-10	-1	4	1	2	0	263	0.375	0.375	223	0.375	1.250	477	0.479	1.280	47	0.500	1.125	166	0.604	1.280	
107	0	-4	4	0	1	0	287	0.375	1.000	23	0.500	1.000	281	0.500	0.500	369	0.500	0.500	59	0.604	1.375	
108	-12	1	4	-1	0	0	5	0.250	1.125	295	0.375	0.375	329	0.375	1.000	244	0.375	1.125	220	0.500	0.500	
109	-17	3	4	2	-1	3	48	0.250	0.250	469	0.500	0.500	258	0.750	1.000	476	0.750	0.875	314	0.750	0.750	
110	6	-5	4	0	-1	1	458	0.625	0.625	1	0.750	0.750	122	0.780	0.780	390	0.875	1.125	18	0.875	0.750	
111	-19	2	4	1	-2	0	489	0.375	1.250	197	0.500	0.500	194	0.625	0.625	180	0.750	1.000	314	0.905	0.625	
112	-10	2	4	-2	1	0	382	0.500	1.375	443	0.500	0.500	228	0.604	1.280	446	0.625	0.625	326	0.684	1.464	
113	-13	-3	4	1	1	0	128	0.125	0.125	28	0.354	1.405	331	0.375	0.375	376	0.479	1.155	101	0.479	1.280	
114	-18	3	4	1	0	0	469	0.375	1.000	180	0.375	0.375	109	0.375	1.250	48	0.375	1.250	126	0.625	0.780	
115	8	3	4	-2	1	1	123	0.500	1.125	404	0.875	1.125	416	0.875	1.280	144	1.000	0.625	475	1.000	1.375	
116	-18	0	4	-1	1	0	215	0.250	0.250	341	0.500	0.500	214	0.625	1.250	204	0.625	0.625	90	0.655	0.655	
117	-14	-1	4	-1	-1	0	164	0.655	0.655	77	0.655	0.655	403	0.729	1.714	481	0.854	1.589	267	0.854	1.354	
118	-17	1	4	2	-1	11	155	0.375	0.375	71	0.375	1.250	126	0.750	0.750	109	1.000	1.000	68	1.000	1.000	
119	-15	-1	4	1	-1	0	100	0.500	0.500	199	0.854	1.339	42	0.854	1.589	424	0.913	1.979	324	0.979	1.214	
120	-3	1	4	-2	-1	6	256	0.500	0.500	305	0.500	1.125	147	0.500	0.500	453	0.625	1.000	157	0.729	1.714	
121	-9	-4	4	-2	1	1	340	0.125	0.125	309	0.375	0.375	378	0.625	1.000	266	0.625	0.750	125	0.684	1.464	
122	5	-4	4	-1	-1	2	464	0.125	0.125	448	0.250	0.250	425	0.375	0.375	418	0.500	1.125	172	0.979	1.229	
123	7	3	4	-2	1	1	399	0.625	1.625	21	0.750	0.750	151	0.750	1.500	27	1.000	0.750	102	1.125	1.875	
124	-5	-5	4	1	1	0	436	0.375	0.375	43	0.500	0.500	184	0.500	0.500	104	0.500	1.000	37	0.530	0.530	
125	-11	-3	4	-1	-1	1	391	0.500	0.875	412	0.500	1.375	40	0.500	1.000	301	0.875	0.905	237	0.875	0.875	
126	-17	2	4	1	1	0	71	0.530	0.530	469	0.625	1.000	478	0.625	0.625	118	0.750	0.750	109	0.750	0.750	
127	-6	-3	4	0	-1	6	165	0.250	1.250	290	0.375	1.000	191	0.500	1.250	24	0.500	0.500	3	0.604	1.375	
128	-13	-3	4	1	2	0	113	0.125	0.125	28	0.479	1.280	364	0.500	1.125	331	0.500	0.500	376	0.604	1.280	
129	-19	-1	4	1	2	0	90	0.250	0.250	204	0.479	1.500	116	0.750	0.905	215	0.750	1.155	0	0.750	0.750	
130	3	-1	4	1	-2	2	491	0.500	0.875	39	0.500	1.125	217	0.625	0.625	7	0.625	0.625	85	0.625	0.750	
131	-6	2	4	1	0	0	60	0.250	1.250	176	0.625	0.780	34	0.729	1.250	154	0.750	0.625	313	0.750	0.905	
132	-9	-3	4	-1	-2	5	378	0.479	1.155	279	0.625	0.625	251	0.625	0.625	340	0.750	0.750	105	0.750	0.625	
133	4	0	4	2	-1	0	375	0.375	0.375	49	0.500	0.500	498	0.559	1.589	306	0.625	1.000	353	0.625	0.625	
134	-5	0	4	2	1	0	316	0.559	1.589	453	0.604	1.375	313	0.625	0.875	257	0.729	1.589	411	0.750	1.250	
135	7	0	4	-2	1	0	240	0.500	1.375	159	0.625	1.625	196	0.625	0.625	452	0.625	1.250	245	0.625	0.750	
136	-17	-3	4	2	-1	0	324	0.500	0.875	65	0.500	0.500	297	0.604	1.500	462	0.604	1.280	346	0.625	1.250	
137	-6	-5	4	1	2	0	37	0.375	1.000	104	0.479	1.280	415	0.479	1.375	32	0.604	1.280	436	0.625	0.625	
138	8	-1	4	0	-1	1	205	0.250	0.250	67	0.375	1.000	261	0.375	0.375	103	0.500	0.500	396	0.625	0.780	
139	-8	-2	4	-1	-1	0	132	0.354	1.405	105	0.500	0.875	243	0.625	0.625	251	0.625	1.000	174	0.625	0.625	
140	-14	-4	4	1	0	0	331	0.625	0.905	424	0.625	1.000	128	0.729	1.375	94	0.750	1.125	253	0.750	0.750	
141	-17	-2	4	-1	0	0	311	0.250	0.250	187	0.500	0.500	38	0.625	0.625	363	0.625	1.280	2	0.750	1.125	
142	-12	2	4	1	0	0	321	0.375	0.375	499	0.500	1.250	227	0.604	1.375	222	0.729	1.714	228	0.750	1.375	
143	-1	-3	4	1	1	0	422	0.479	1.280	59	0.625	0.625	23	0.625	1.000	333	0.729	1.839	427	0.750	0.750	
144	8	3	4	0	-1	2	171	0.375	1.375	397	0.604	1.250	416	0.625	1.155	404	0.625	0.625	115	0.625	0.625	
145	-16	1	4	-1	0	0	68	0.125	0.125	484	0.375	1.375	388	0.500	0.500	466	0.750	0.625	71	0.750	0.750	
146	-10	1	4	-1	1	0	382	0.479	1.155	228	0.729	1.714	112	0.750	0.750	338	0.854	1.339	358	0.875	1.125	
147	-3	1	4	1	-2	0	316	0.250	0.250	11	0.375	1.250	225	0.479	1.375	120	0.500	0.500	344	0.500	0.500	
148	-1	2	4	0	-1	0	293	0.125	0.125	408	0.729	1.375	221	0.750	0.750	202	0.809	2.125	467	0.854	1.875	
149	-12	-4	4	0	1	0	113	0.625	0.780	364	0.729	1.714	128	0.750	0.905	412	0.750	1.125	400	0.750	1.375	
150	-13	-1	4	1	1	0	407	0.375	0.375	429	0.500	0.875	273	0.500	0.500	402	0.625	1.000	199	0.625	0.625	
151	5	3	4	-1	-2	12	399	0.125	0.125	420	0.500	0.875	320	0.604	1.280	177	0.625	0.625	416	0.839	0.839	
152	-2	0	4	-2	1	2	256	0.375	1.250	454	0.625	0.750	305	0.854	1.589	467	0.875	1.125	225	0.875	0.875	
153	2	-3	4	-1	-1	0	277	0.125	0.125	354	0.250	0.250	450	0.250	0.250	36	0.354	1.280	272	0.479	1.155	
154	-6	1	4	1	-1	0	134	0.479	1.155	131	0.625	0.625	313	0.625	1.250	99	0.625	1.250	34	0.625	0.625	
155	-17	1	4	1	1	0	118	0.375	0.375	71	0.500	0.875	478	0.625	1.250	126	0.625	0.875	484	0.750	0.750	
156	3	1	4	0	-1	1	192	0.375	0.375	160	0.604	1.375	413	0.625	0.625	217	0.729	1.714	348	0.750	0.750	
157	-5	0	4	-1	-1	1	307	0.125	0.125	45	0.625	0.750	411	0.750	0.750	99	0.750	0.750	235	0.854	1.354	
158	-7	1	4	2	1	0	154	0.375	1.250	451	0.625	1.125	131	0.750	1.155	210	0.875	0.875	374	0.905	0.854	
159	5	0	4	-1	-1	0	170	0.530	0.530	7	0.604	1.155	300	0.604	1.714	14	0.655	0.655	192	0.780	0.625	
160	2	0	4	-2	-1	1	269	0.500	0.500	217	0.625	0.875	294	0.750	0.655	492	0.875	1.125	348	0.905	0.854	
161	7	-1	4	1	2	0	78	0.500	0.875	135	0.500	1.125	61	0.625	0.625	205	0.625	1.250	435	0.684	1.714	
162	3	-2	4	-1	1	0	200	0.500	0.875	488	0.530	0.530	195	0.604	1.589	300	0.750	0.750	85	0.750	0.750	
163	-13	2	4	0	-1	1	278	0.250	0.250	5	0.250	1.125	386	0.375	1.000	329	0.500	1.250	321	0.604	1.250	
164	-13	-2	4	-2	-1	1	392	0.250	0.250	364	0.250	0.250	331	0.750	1.250	117	0.750	0.655	94	0.750	0.905	
165	-6	-4	4	1	-2	4	191	0.250	0.250	184	0.479	1.405	290	0.500	0.500	37	0.625	0.625	497	0.625	0.625	
166	-9	0	4	2	-1	13	444	0.250	0.250	242	0.250	0.250	374	0.375	1.000	477	0.500	0.500	487	0.625	0.875	
167	-18	-1	4	-2	1	0	363	0.125	0.125	90	0.500	0.875	0	0.625	0.625	441	0.625	1.125	215	0.750	1.000	
168	0	-1	4	2	-1	0	202	0.375	0.375	283	0.750	0.625	333	0.750	1.155	347	0.750	0.905	449	0.854	1.604	
169	-4	2	4	-2	-1	1	370	0.125	0.125	26	0.125	0.125	34	0.479	1.375	433	0.500	0.500	398	0.729	1.589	
170	6	-1	4	-1	-1	0	14	0.125	0.125	322	0.375	0.375	224	0.479	1.155	383	0.479	1.405	10	0.500	0.875	
171	8	2	4	0	-1	1	475	0.375	0.375	416	0.500	0.500	247	0.604	1.250	380	0.625	1.155	196	0.729	1.375	
172	3	-3	4	1	2	3	162	0.375	1.250	92	0.625	0.625	85	0.625	0.750	491	0.750	0.875	232	0.839	0.839	
173	5	1	4	1	1	0	80	0.375	0.375	27	0.479	1.280	394	0.500	0.500	381	0.604	1.530	189	0.625	0.750	
174	-9	-2	4	0	-1	0	440	0.375	0.375	132	0.500	1.250	378	0.604	1.589	105	0.625	0.780	139	0.625	0.625	
175	-8	1	4	-1	0	0	337	0.125	0.125	210	0.375	0.375	241	0.500	0.500	472	0.500	1.250	82	0.625	0.625	
176	-5	3	4	1	-1	0	58	0.500	0.875	62	0.604	1.714	336	0.625	0.625	207	0.625	1.000	421	0.750	0.750	
177	5	3	4	1	0	0	404	0.500	1.500	475	0.604	1.589	381	0.625	0.780	416	0.729	1.464	380	0.854	1.479	
178	1	1	4	1	0	0	96	0.625	1.030	52	0.625	1.030	492	0.625	0.625	327	0.750	0.905	294	0.750	0.750	
179	-10	3	4	-1	-1	0	443	0.250	0.250	446	0.375	0.375	387	0.500	0.500	382	0.604	1.405	227	0.729	1.714	
180	-18	2	4	1	0	0	114	0.375	0.375	126	0.375	1.125	197	0.500	0.500	194	0.625	0.625	118	0.625	1.155	
181	-16	-2	4	-1	0	0	86	0.250	0.250	141	0.375	1.375	311	0.375	1.125	38	0.625	1.280	84	0.750	0.905	
182	7	-3	4	1	1	1	379	0.250	0.250	367	0.354	1.280	405	0.375	0.375	361	0.500	0.500	325	0.530	0.530	
183	-8	-1	4	1	0	0	345	0.125	0.125	20	0.625	0.625	374	0.625	0.625	438	0.625	0.780	291	0.750	0.905	
184	-5	-5	4	1	-1	0	30	0.354	1.405	124	0.500	0.500	308	0.530	0.530	415	0.625	0.625	231	0.625	0.625	
185	0	3	4	2	-1	1	15	0.125	0.125	52	0.684	1.714	327	0.854	1.839	294	0.979	1.479	293	1.000	0.780	
186	-18	-4	4	-1	-2	0	276	0.250	0.250	346	0.750	0.625	462	1.000	1.000	324	1.089	1.059	274	1.125	0.500	
187	-17	-1	4	-2	1	0	38	0.125	0.125	363	0.375	1.000	141	0.500	0.500	167	0.500	1.125	214	0.559	1.589	
188	-6	3	4	-2	-1	0	299	0.375	1.250	262	0.500	1.375	82	0.684	1.464	401	0.750	1.250	332	0.750	0.750	
189	6	1	4	1	2	0	27	0.375	1.250	381	0.375	1.000	323	0.479	1.280	203	0.500	0.500	91	0.625	0.625	
190	-1	0	4	-1	-2	0	368	0.684	1.714	283	0.750	0.750	202	0.750	0.905	467	0.750	0.905	319	0.875	1.405	
191	-6	-4	4	-1	-2	3	290	0.250	0.250	165	0.250	0.250	3	0.625	0.875	497	0.625	0.625	231	0.729	1.479	
192	4	1	4	0	-1	0	156	0.375	0.375	353	0.375	0.375	133	0.500	1.000	394	0.625	0.625	159	0.625	0.780	
193	-5	-7	4	2	1	0	89	0.375	0.375	330	0.479	1.375	231	0.500	0.500	55	0.655	0.655	265	0.750	0.750	
194	-18	2	4	-1	-2	1	197	0.125	0.125	258	0.500	0.500	111	0.625	0.625	233	0.625	0.625	489	1.000	1.155	
195	1	-1	4	-1	-1	2	202	0.625	0.625	333	0.750	1.125	354	0.854	1.339	277	0.964	0.964	190	0.964	0.964	
196	7	1	4	-2	-1	15	380	0.250	0.250	240	0.479	1.280	373	0.500	0.500	135	0.625	0.625	159	0.729	1.714	
197	-18	2	4	0	-1	0	194	0.125	0.125	258	0.375	0.375	111	0.500	0.500	180	0.500	0.500	214	0.729	1.714	
198	-15	-4	4	-1	2	0	236	0.375	0.375	35	0.500	1.250	94	0.750	0.655	462	0.750	1.250	181	0.854	1.464	
199	-13	0	4	1	0	0	407	0.500	0.500	211	0.604	1.589	321	0.625	1.030	150	0.625	0.625	429	0.625	0.780	
200	2	-2	4	-1	1	0	25	0.625	1.000	450	0.625	0.625	57	0.625	1.250	300	0.655	0.655	277	0.750	0.750	
201	-7	-5	4	2	1	0	459	0.500	0.500	32	0.559	1.589	137	0.625	0.875	357	0.625	0.875	359	0.625	1.250	
202	0	-1	4	0	-1	0	168	0.375	0.375	333	0.604	1.250	298	0.604	1.839	465	0.625	1.155	195	0.625	0.625	
203	7	1	4	0	1	0	91	0.125	0.125	452	0.250	0.250	323	0.250	1.250	435	0.375	0.375	69	0.375	1.375	
204	-18	0	4	2	1	0	341	0.125	0.125	215	0.375	0.375	116	0.625	0.625	71	0.729	1.714	2	0.750	0.655	
205	8	-1	4	1	-1	4	138	0.250	0.250	362	0.500	1.375	396	0.530	0.530	67	0.625	1.250	367	0.625	0.625	
206	7	1	4	1	0	0	452	0.250	0.250	373	0.375	0.375	91	0.375	0.375	203	0.500	0.500	342	0.500	0.500	
207	-4	3	4	2	-1	0	64	0.125	0.125	58	0.125	0.125	336	0.375	0.375	421	0.500	0.500	8	0.500	1.125	
208	3	1	4	0	1	0	260	0.250	1.125	348	0.250	0.250	413	0.375	0.375	496	0.500	1.250	485	0.729	1.375	
209	8	-3	4	-1	1	0	483	0.125	0.125	292	0.250	0.250	41	0.530	0.530	10	0.604	1.589	494	0.625	0.625	
210	-8	1	4	-1	2	0	82	0.375	1.000	175	0.375	0.375	22	0.500	1.125	337	0.500	0.500	495	0.500	1.375	
211	-11	-1	4	1	0	0	106	0.500	1.000	174	0.604	1.589	223	0.604	1.250	72	0.625	0.625	477	0.729	1.714	
212	-2	-4	4	1	-2	0	482	0.625	0.625	19	0.875	0.875	250	0.875	1.125	315	0.875	0.655	63	1.089	1.059	
213	-5	-1	4	1	2	0	134	0.500	0.875	305	0.559	1.589	453	0.684	1.714	398	0.729	1.604	45	0.750	0.750	
214	-19	0	4	-2	-1	0	441	0.750	0.875	463	0.750	1.125	90	0.875	0.750	280	0.979	1.339	489	1.000	0.375	
215	-18	0	4	0	1	0	341	0.250	0.250	116	0.250	0.250	204	0.375	0.375	155	0.625	1.280	118	0.729	1.375	
216	4	-2	4	-1	-1	0	366	0.479	1.280	162	0.500	1.375	87	0.500	0.500	277	0.604	1.714	488	0.729	1.589	
217	2	-1	4	-1	-2	0	25	0.604	1.280	153	0.625	1.375	130	0.625	0.625	195	0.750	0.750	491	0.875	1.280	
218	-14	1	4	1	-2	0	199	0.479	1.375	372	0.500	1.125	6	0.625	0.625	117	0.625	1.625	329	0.625	0.625	
219	-2	3	4	0	1	0	328	0.375	0.375	8	0.500	0.500	426	0.750	0.750	493	0.750	0.625	370	1.104	1.339	
220	-12	0	4	-2	1	0	239	0.375	1.250	108	0.500	0.500	16	0.625	0.625	273	0.750	0.655	5	0.750	0.905	
221	-1	2	4	-1	1	0	219	0.479	1.280	328	0.750	1.125	493	0.750	0.750	15	0.854	1.250	152	0.964	0.964	
222	-10	1	4	2	-1	0	444	0.479	1.500	166	0.479	1.280	409	0.625	0.750	358	0.625	0.625	374	0.729	1.714	
223	-10	0	4	0	1	0	146	0.250	1.125	47	0.375	0.375	477	0.500	0.500	242	0.750	0.750	444	0.875	1.125	
224	5	-2	4	-2	1	0	51	0.250	0.250	383	0.250	0.250	216	0.375	1.250	448	0.875	0.875	92	0.875	0.780	
225	-2	0	4	1	0	0	252	0.500	0.500	202	0.604	1.589	467	0.750	0.625	319	0.750	1.125	152	0.875	0.875	
226	-19	-3	4	1	1	0	302	0.354	1.405	65	0.604	1.839	406	0.750	0.625	76	0.854	1.589	363	0.854	1.589	
227	-11	1	4	1	-2	0	295	0.625	0.625	222	0.625	0.875	16	0.729	1.604	166	0.729	1.589	242	0.854	1.604	
228	-11	3	4	1	2	0	248	0.250	0.250	423	0.625	0.625	387	0.750	0.750	446	0.875	0.750	326	0.875	1.125	
229	0	2	4	-1	2	0	328	0.479	1.155	493	0.604	1.500	15	0.625	1.000	66	0.625	0.625	221	0.750	0.750	
230	-3	-3	4	-2	1	0	289	0.125	0.125	63	0.500	1.125	490	0.500	0.500	250	0.625	0.625	44	0.625	0.750	
231	-5	-6	4	1	0	2	98	0.125	0.125	30	0.375	1.000	193	0.500	0.500	124	0.625	0.625	184	0.625	0.625	
232	5	-4	4	1	2	0	417	0.125	0.125	471	0.479	1.280	425	0.500	0.500	325	0.729	1.714	405	0.729	1.604	
233	-18	2	4	-1	1	0	461	0.604	1.405	194	0.625	0.625	180	0.750	0.750	197	0.750	0.750	48	0.854	1.155	
234	-3	-1	4	0	1	0	351	0.125	0.125	454	0.375	1.375	225	0.604	1.250	453	0.604	1.589	257	0.625	0.625	
235	-4	-2	4	1	0	0	246	0.375	1.125	234	0.604	1.250	257	0.750	0.905	143	0.854	1.875	19	0.875	1.464	
236	-15	-4	4	-1	0	1	198	0.375	0.375	462	0.375	1.000	297	0.625	1.000	84	0.729	1.714	274	0.750	1.625	
237	-11	-3	4	1	2	0	400	0.250	0.250	72	0.375	1.000	263	0.684	1.464	473	0.729	1.375	101	0.750	0.905	
238	-13	2	4	2	1	0	278	0.375	0.375	142	0.375	1.250	288	0.500	0.500	321	0.750	0.905	248	0.854	1.839	
239	-13	0	4	-1	0	0	386	0.500	0.500	372	0.500	1.250	244	0.625	0.625	273	0.625	0.625	5	0.625	0.625	
240	6	0	4	-2	-1	0	159	0.375	1.000	14	0.625	0.625	306	0.625	1.000	170	0.750	0.750	420	0.839	0.839	
241	-8	1	4	0	-1	0	337	0.375	0.375	409	0.375	0.375	374	0.375	1.125	175	0.500	0.500	487	0.729	1.464	
242	-9	0	4	2	1	0	477	0.250	0.250	166	0.250	0.250	374	0.375	1.250	444	0.500	0.500	183	0.750	0.905	
243	-8	-1	4	-1	0	0	259	0.125	0.125	20	0.375	0.375	447	0.500	1.000	440	0.604	1.589	174	0.729	1.250	
244	-13	1	4	-1	1	0	386	0.375	0.375	285	0.479	1.155	5	0.500	0.500	329	0.625	0.625	335	0.625	0.750	
245	6	0	4	0	1	0	352	0.125	0.125	189	0.250	1.250	306	0.375	0.375	206	0.604	1.250	452	0.625	1.280	
246	-3	-2	4	1	1	0	252	0.479	1.405	351	0.500	1.000	312	0.530	0.530	360	0.655	0.655	257	0.750	0.750	
247	9	1	4	1	0	14	397	0.375	0.375	271	0.625	0.625	81	0.750	1.125	268	0.750	0.750	435	0.875	0.750	
248	-11	3	4	2	1	0	228	0.250	0.250	499	0.625	0.625	358	0.875	1.030	387	0.875	1.000	179	0.875	1.125	
249	-7	-5	4	-1	-2	6	201	0.750	0.750	308	0.750	1.155	431	0.875	1.030	98	0.979	1.354	359	1.000	1.000	
250	-3	-4	4	-2	1	1	289	0.500	0.500	44	0.604	1.375	230	0.625	0.625	24	0.809	1.339	63	0.875	1.030	
251	-8	-3	4	-1	-2	3	105	0.125	0.125	355	0.375	0.375	340	0.479	1.375	121	0.604	1.280	132	0.625	0.625	
252	-2	-1	4	2	1	0	467	0.375	0.375	225	0.500	0.500	283	0.684	1.464	152	0.750	1.250	234	0.750	0.750	
253	-14	-3	4	1	2	0	94	0.375	0.375	128	0.625	0.625	331	0.625	1.125	273	0.684	1.464	150	0.729	1.714	
254	-5	-2	4	1	-2	0	303	0.250	0.250	282	0.375	0.375	24	0.500	1.375	191	0.729	1.589	290	0.729	1.604	
255	6	-2	4	2	-1	0	325	0.375	0.375	396	0.375	1.000	73	0.375	1.250	405	0.479	1.280	474	0.500	0.875	
256	-3	0	4	-1	0	3	286	0.375	1.375	454	0.500	0.500	120	0.500	0.500	11	0.500	0.500	453	0.604	1.250	
257	-3	-1	4	2	-1	2	467	0.375	1.000	351	0.500	0.500	252	0.500	1.375	427	0.559	1.589	368	0.604	1.375	
258	-17	2	4	0	-1	0	197	0.375	0.375	118	0.500	1.000	194	0.500	0.500	478	0.625	0.625	126	0.750	0.750	
259	-8	-1	4	-2	1	1	243	0.125	0.125	20	0.250	0.250	447	0.500	0.875	12	0.729	1.589	174	0.729	1.375	
260	3	2	4	-1	1	0	496	0.125	0.125	304	0.500	0.875	445	0.625	0.625	468	0.625	0.875	102	0.655	0.655	
261	7	-1	4	0	-1	9	474	0.250	1.250	138	0.375	0.375	396	0.375	1.125	322	0.500	0.500	367	0.604	1.250	
262	-7	3	4	-2	1	2	299	0.125	0.125	401	0.500	1.125	334	0.500	1.125	13	0.625	1.000	296	0.750	0.750	
263	-10	-1	4	-1	1	0	106	0.375	0.375	318	0.500	1.250	223	0.625	1.125	12	0.750	0.750	47	0.750	0.750	
264	-8	2	4	1	0	0	495	0.375	0.375	154	0.604	1.839	470	0.625	0.625	22	0.625	0.625	158	0.750	0.905	
265	-5	-7	4	-2	1	0	89	0.375	0.375	50	0.500	0.500	439	0.604	1.500	137	0.729	1.604	98	0.750	1.250	
266	-10	-4	4	0	1	0	309	0.375	0.375	279	0.604	1.250	237	0.750	0.905	149	0.750	0.750	391	0.750	1.125	
267	-16	0	4	0	1	0	466	0.125	0.125	68	0.375	1.000	71	0.375	1.125	155	0.625	0.780	484	0.729	1.250	
268	9	3	4	1	0	2	397	0.375	0.375	271	0.625	0.625	247	0.750	0.750	171	1.030	1.030	144	1.250	0.750	
269	2	0	4	-1	2	0	160	0.500	0.500	66	0.559	1.589	468	0.625	1.375	389	0.625	0.625	208	0.750	0.905	
270	6	-4	4	2	-1	0	18	0.125	0.125	1	0.479	1.280	458	0.625	0.625	292	0.729	1.479	361	0.750	0.655	
271	9	2	4	1	1	0	397	0.250	0.250	268	0.625	0.625	247	0.625	0.625	69	1.000	1.000	115	1.000	1.155	
272	1	-4	4	-2	1	2	36	0.125	0.125	369	0.250	0.250	281	0.375	1.250	287	0.479	1.280	365	0.625	0.625	
273	-13	-1	4	-1	1	0	372	0.479	1.155	150	0.500	0.500	239	0.625	0.625	220	0.655	0.655	164	0.750	0.750	
274	-17	-4	4	-2	1	0	346	0.375	0.375	276	0.500	1.375	186	0.500	1.125	84	0.625	0.875	302	0.854	1.604	
275	-13	3	4	-2	-1	0	437	0.375	1.250	419	0.375	0.375	285	0.479	1.280	278	0.625	1.250	75	0.809	1.339	
276	-18	-4	4	-2	-1	0	186	0.250	0.250	226	0.875	1.125	406	1.000	1.000	84	1.030	0.979	302	1.229	1.479	
277	2	-3	4	-2	-1	2	450	0.125	0.125	153	0.125	0.125	488	0.375	0.375	354	0.375	0.375	449	0.500	0.875	
278	-13	2	4	1	-1	0	163	0.250	0.250	321	0.354	1.280	238	0.375	0.375	329	0.500	1.250	295	0.604	1.155	
279	-9	-3	4	1	0	0	459	0.604	1.589	132	0.625	0.625	291	0.729	1.714	497	0.729	1.714	20	0.854	1.479	
280	-18	-2	4	1	-2	0	136	0.604	1.500	9	0.625	0.625	346	0.729	1.464	76	0.750	0.750	65	0.750	1.000	
281	0	-4	4	-1	0	1	482	0.375	1.000	107	0.500	0.500	287	0.500	0.500	59	0.625	1.155	298	0.750	0.780	
282	-5	-2	4	-1	-1	0	254	0.375	0.375	127	0.479	1.280	4	0.500	1.375	455	0.625	1.250	303	0.625	0.625	
283	0	0	4	1	-1	0	492	0.500	1.375	57	0.604	1.714	408	0.750	0.750	168	0.750	0.750	202	0.750	1.125	
284	-5	1	4	-2	-1	3	411	0.250	0.250	34	0.375	0.375	99	0.479	1.500	385	0.500	0.500	398	0.500	1.375	
285	-14	2	4	-2	-1	0	437	0.500	0.500	410	0.625	0.625	75	0.625	1.125	5	0.655	0.655	68	0.729	1.589	
286	-4	0	4	-1	0	1	157	0.250	1.125	307	0.500	1.250	313	0.729	1.375	284	0.750	0.905	17	0.750	0.750	
287	0	-3	4	-2	1	0	298	0.375	1.250	59	0.375	1.125	281	0.500	0.500	422	0.750	1.000	23	0.750	0.750	
288	-13	3	4	1	0	0	238	0.500	0.500	278	0.625	0.625	499	0.729	1.714	326	0.750	1.125	460	0.750	1.250	
289	-3	-3	4	-1	0	1	230	0.125	0.125	63	0.375	1.000	490	0.375	0.375	250	0.500	0.500	310	0.500	0.500	
290	-6	-4	4	-2	-1	2	191	0.250	0.250	359	0.375	1.250	3	0.375	1.125	165	0.500	0.500	249	0.604	1.500	
291	-7	-2	4	1	2	0	438	0.125	0.125	56	0.500	0.500	243	0.729	1.375	4	0.750	0.750	46	0.750	0.750	
292	8	-3	4	0	1	0	209	0.250	0.250	483	0.375	0.375	379	0.375	0.375	494	0.375	0.375	41	0.625	0.780	
293	-1	2	4	1	-2	0	148	0.125	0.125	408	0.604	1.280	283	0.729	1.714	147	0.839	0.839	221	0.875	0.875	
294	1	1	4	-1	-1	0	160	0.655	0.655	202	0.854	1.839	221	0.854	1.589	283	0.875	1.030	168	0.979	1.464	
295	-12	1	4	-1	-2	1	108	0.375	0.375	239	0.479	1.375	329	0.625	0.625	227	0.625	0.625	244	0.625	1.250	
296	-7	2	4	-1	-1	0	175	0.354	1.280	241	0.479	1.280	82	0.500	1.375	337	0.604	1.405	299	0.625	0.625	
297	-16	-4	4	1	-2	0	462	0.250	0.250	33	0.500	0.500	481	0.655	0.655	403	0.780	0.750	236	1.000	0.625	
298	-1	-3	4	-1	-1	1	59	0.375	0.375	250	0.604	1.714	212	0.604	1.155	482	0.625	1.000	74	0.625	0.875	
299	-7	3	4	-1	0	1	262	0.125	0.125	401	0.375	1.000	334	0.375	1.250	13	0.500	0.875	82	0.625	0.780	
300	3	-1	4	-2	1	0	269	0.479	1.500	217	0.500	1.125	195	0.625	1.625	130	0.750	0.750	200	0.750	0.655	
301	-12	-2	4	-2	1	0	473	0.125	0.125	101	0.375	0.375	164	0.500	1.375	28	0.500	0.500	392	0.500	1.125	
302	-18	-2	4	1	2	0	363	0.375	1.250	2	0.479	1.405	167	0.500	1.125	0	0.500	1.000	38	0.750	0.905	
303	-5	-2	4	2	-1	0	254	0.250	0.250	235	0.375	1.250	282	0.625	0.625	351	0.729	1.604	234	0.854	1.479	
304	3	3	4	-1	1	0	468	0.530	0.530	83	0.625	0.625	260	0.875	0.500	496	1.000	0.375	479	1.000	1.000	
305	-4	1	4	-1	2	0	453	0.125	0.125	70	0.500	1.375	370	0.625	0.750	411	0.625	0.875	385	0.625	0.625	
306	5	0	4	0	1	0	245	0.375	0.375	173	0.375	1.125	352	0.500	0.500	375	0.625	0.625	320	0.729	1.714	
307	-5	0	4	-2	-1	3	157	0.125	0.125	99	0.500	0.875	45	0.625	0.625	284	0.625	0.625	411	0.625	0.625	
308	-6	-6	4	1	-1	0	431	0.125	0.125	193	0.479	1.155	55	0.500	0.500	98	0.500	1.250	184	0.530	0.530	
309	-9	-4	4	0	1	0	121	0.375	0.375	266	0.375	0.375	340	0.500	0.500	54	0.750	1.030	345	0.809	1.832	
310	-3	-2	4	-2	-1	4	490	0.125	0.125	17	0.375	1.250	63	0.479	1.500	289	0.500	0.500	317	0.559	1.589	
311	-17	-2	4	-1	1	0	141	0.250	0.250	167	0.479	1.405	2	0.500	1.375	363	0.604	1.530	38	0.625	0.875	
312	-2	-3	4	1	1	0	19	0.125	0.125	360	0.125	0.125	143	0.500	0.875	246	0.530	0.530	427	0.604	1.405	
313	-5	1	4	1	2	0	385	0.250	0.250	70	0.479	1.280	411	0.500	0.500	60	0.500	0.875	453	0.500	0.500	
314	-18	3	4	0	-1	0	197	0.375	1.375	194	0.500	1.250	114	0.500	0.500	489	0.604	1.589	461	0.750	1.000	
315	-3	-5	4	1	-1	0	339	0.250	0.250	212	0.655	0.655	486	0.854	1.155	30	0.875	0.655	50	1.229	1.354	
316	-3	1	4	2	-1	14	147	0.250	0.250	344	0.250	0.250	62	0.625	0.625	120	0.750	0.750	225	0.750	1.155	
317	-5	-3	4	-2	1	0	455	0.479	1.280	24	0.500	0.500	56	0.604	1.375	3	0.729	1.589	282	0.750	0.750	
318	-11	-1	4	-2	-1	1	16	0.500	1.125	364	0.559	1.589	473	0.750	1.155	12	0.780	0.750	392	0.854	1.589	
319	-2	-1	4	-1	-1	0	490	0.354	1.280	310	0.479	1.405	467	0.500	0.500	152	0.750	0.750	234	0.750	1.125	
320	4	2	4	-2	1	1	260	0.375	1.000	304	0.479	1.405	445	0.500	1.125	496	0.500	0.875	102	0.625	0.625	
321	-12	1	4	1	0	0	227	0.375	1.000	142	0.375	0.375	295	0.625	0.625	499	0.750	0.905	402	0.875	0.875	
322	6	-1	4	1	-2	0	170	0.375	0.375	10	0.375	1.250	474	0.479	1.280	14	0.500	0.500	255	0.500	0.875	
323	7	2	4	1	2	0	69	0.125	0.125	21	0.500	0.875	27	0.500	0.500	123	0.625	1.125	381	0.750	0.625	
324	-16	-3	4	1	-2	0	42	0.375	0.375	462	0.375	1.375	33	0.479	1.155	297	0.500	1.125	403	0.625	0.625	
325	6	-2	4	1	1	0	161	0.354	1.405	255	0.375	0.375	73	0.500	0.875	182	0.530	0.530	205	0.604	1.589	
326	-12	3	4	-1	-1	0	163	0.479	1.280	460	0.625	0.625	275	0.625	1.000	382	0.655	0.655	278	0.729	1.030	
327	2	2	4	2	-1	13	52	0.125	0.125	156	0.479	1.375	445	0.750	0.875	479	0.750	0.655	192	0.854	1.464	
328	-1	3	4	0	1	0	493	0.375	0.375	219	0.375	0.375	15	0.750	0.875	8	0.875	0.875	185	0.875	1.000	
329	-13	1	4	-1	-2	1	5	0.125	0.125	386	0.250	0.250	372	0.604	1.500	218	0.625	0.625	199	0.625	1.000	
330	-4	-6	4	0	1	0	339	0.604	1.530	436	0.625	1.155	124	0.625	0.780	486	0.625	0.625	104	0.729	1.464	
331	-13	-3	4	2	-1	0	113	0.375	0.375	395	0.375	1.250	128	0.500	0.500	412	0.729	1.714	72	0.729	1.714	
332	-6	2	4	-1	-1	0	154	0.500	1.375	296	0.500	0.875	451	0.625	1.250	284	0.655	0.655	175	0.729	1.839	
333	1	-2	4	1	0	0	347	0.250	0.250	366	0.604	1.589	354	0.729	1.250	457	0.750	0.905	269	0.854	1.479	
334	-8	3	4	-2	1	1	401	0.500	0.500	53	0.500	1.125	470	0.625	0.625	179	0.625	1.625	338	0.625	0.750	
335	-14	1	4	-1	2	0	6	0.375	0.375	75	0.479	1.280	388	0.729	1.604	285	0.750	0.875	244	0.750	0.625	
336	-4	3	4	0	-1	1	421	0.125	0.125	58	0.250	0.250	26	0.250	1.125	169	0.375	1.000	207	0.375	0.375	
337	-8	1	4	-2	-1	0	175	0.125	0.125	241	0.375	0.375	472	0.500	1.125	210	0.500	0.500	47	0.559	1.589	
338	-9	3	4	0	1	0	53	0.375	0.375	470	0.625	0.625	387	0.625	0.625	179	0.750	1.125	446	0.750	0.750	
339	-3	-5	4	1	0	0	315	0.250	0.250	212	0.875	0.905	250	1.000	1.125	427	1.163	1.994	104	1.214	0.979	
340	-9	-4	4	-1	0	2	121	0.125	0.125	309	0.500	0.500	378	0.500	0.875	79	0.625	1.000	132	0.750	0.625	
341	-18	0	4	1	1	0	204	0.125	0.125	215	0.250	0.250	118	0.479	1.155	155	0.479	1.530	116	0.500	0.500	
342	7	0	4	2	-1	0	78	0.250	0.250	206	0.500	0.500	138	0.604	1.375	362	0.684	1.464	261	0.750	1.000	
343	-12	-2	4	2	1	0	28	0.250	0.250	376	0.250	0.250	101	0.375	0.375	72	0.375	1.000	395	0.500	0.500	
344	-3	1	4	2	1	0	316	0.250	0.250	147	0.500	0.500	62	0.625	0.625	225	0.750	0.905	453	0.750	0.750	
345	-8	-1	4	2	1	0	183	0.125	0.125	20	0.500	0.500	414	0.625	1.625	374	0.750	0.750	259	0.750	0.750	
346	-17	-4	4	-1	-1	0	274	0.375	0.375	276	0.500	1.000	297	0.750	0.750	186	0.750	0.750	33	1.000	1.000	
347	1	-2	4	1	1	0	333	0.250	0.250	57	0.479	1.405	25	0.625	0.625	422	0.625	0.625	269	0.729	1.714	
348	3	1	4	-1	1	0	208	0.250	0.250	496	0.500	1.000	468	0.604	1.530	260	0.625	0.875	413	0.625	0.625	
349	2	-4	4	0	1	0	488	0.250	1.125	457	0.500	1.000	369	0.500	0.500	365	0.604	1.375	25	0.729	1.714	
350	9	-4	4	0	-1	0	88	0.250	0.250	456	0.750	1.000	432	0.875	0.750	292	1.104	1.104	1	1.125	1.229	
351	-3	-1	4	1	2	0	234	0.125	0.125	454	0.375	1.250	225	0.479	1.375	257	0.500	0.500	467	0.625	1.250	
352	6	0	4	1	2	0	245	0.125	0.125	91	0.479	1.280	206	0.479	1.375	306	0.500	0.500	189	0.500	1.125	
353	4	1	4	2	-1	0	394	0.375	1.000	192	0.375	0.375	173	0.375	1.250	80	0.500	1.125	133	0.625	0.625	
354	2	-3	4	0	-1	0	153	0.250	0.250	366	0.375	0.375	277	0.375	0.375	450	0.500	0.500	449	0.500	0.500	
355	-8	-3	4	-1	0	1	105	0.250	0.250	251	0.375	0.375	132	0.375	1.000	393	0.375	0.375	54	0.500	0.500	
356	-15	3	4	0	-1	1	93	0.125	0.125	476	0.500	0.500	145	0.604	1.589	388	0.604	1.375	434	0.625	0.625	
357	-7	-4	4	1	2	0	359	0.375	0.375	459	0.375	0.375	430	0.604	1.500	4	0.684	1.464	56	0.684	1.714	
358	-10	2	4	2	-1	10	409	0.479	1.375	222	0.625	0.625	470	0.854	1.714	241	0.854	1.464	227	1.000	0.780	
359	-7	-4	4	-1	1	0	393	0.354	1.405	355	0.354	1.280	3	0.375	0.375	357	0.375	0.375	54	0.479	1.280	
360	-2	-3	4	1	2	0	312	0.125	0.125	19	0.250	0.250	427	0.604	1.500	490	0.729	1.375	234	0.729	1.464	
361	7	-3	4	1	-1	0	405	0.125	0.125	182	0.500	0.500	494	0.625	1.250	270	0.655	0.655	442	0.750	0.750	
362	9	-1	4	1	1	0	435	0.854	1.339	432	1.000	1.000	377	1.000	1.125	247	1.000	1.000	452	1.061	1.061	
363	-18	-1	4	-1	1	0	167	0.125	0.125	214	0.479	1.155	0	0.500	0.500	116	0.500	0.875	341	0.500	1.375	
364	-13	-2	4	-2	1	0	164	0.250	0.250	392	0.500	0.500	150	0.625	1.250	94	0.750	0.655	117	0.750	0.905	
365	1	-3	4	-2	1	0	287	0.375	1.125	422	0.479	1.375	449	0.500	0.500	36	0.500	0.500	25	0.625	0.625	
366	3	-3	4	0	-1	0	354	0.375	0.375	153	0.625	0.625	277	0.750	0.750	87	0.780	0.780	450	0.875	0.875	
367	8	-2	4	1	0	1	494	0.500	0.500	432	0.625	1.030	205	0.625	0.625	362	0.625	1.280	361	0.780	0.780	
368	-2	-2	4	0	-1	0	74	0.250	1.125	465	0.500	0.500	289	0.604	1.250	298	0.625	0.780	230	0.729	1.375	
369	1	-4	4	-1	2	0	272	0.250	0.250	36	0.375	0.375	365	0.500	0.875	349	0.500	0.500	107	0.500	0.500	
370	-4	2	4	-1	0	1	169	0.125	0.125	26	0.250	0.250	433	0.375	0.375	284	0.625	1.155	371	0.625	1.030	
371	-5	3	4	-1	0	3	188	0.375	1.250	296	0.604	1.839	26	0.780	0.780	82	0.854	1.875	411	0.875	0.875	
372	-14	0	4	-2	-1	0	77	0.500	0.875	68	0.729	1.589	117	0.750	0.750	164	0.839	0.839	119	0.875	1.155	
373	7	1	4	1	-2	0	380	0.250	0.250	206	0.375	0.375	196	0.500	0.500	342	0.500	0.875	452	0.625	0.625	
374	-8	0	4	1	-1	0	183	0.625	0.625	243	0.750	1.125	345	0.750	0.750	174	0.854	1.339	158	0.875	0.905	
375	4	0	4	1	1	0	133	0.375	0.375	80	0.479	1.155	173	0.604	1.530	49	0.625	0.625	413	0.655	0.655	
376	-12	-2	4	2	-1	0	343	0.250	0.250	72	0.375	1.250	395	0.500	0.500	28	0.500	0.500	101	0.625	0.625	
377	8	0	4	-2	-1	12	103	0.500	0.500	135	0.500	1.375	261	0.604	1.375	205	0.625	1.250	170	0.729	1.714	
378	-10	-4	4	0	-1	0	79	0.125	0.125	391	0.625	0.625	412	0.625	0.625	125	0.780	0.780	340	0.875	0.500	
379	7	-3	4	0	1	0	182	0.250	0.250	292	0.375	0.375	73	0.375	1.125	442	0.500	1.000	471	0.500	0.500	
380	7	1	4	-1	-2	1	196	0.250	0.250	373	0.250	0.250	342	0.500	1.125	322	0.559	1.589	240	0.604	1.500	
381	6	2	4	1	1	0	27	0.250	0.250	452	0.530	0.530	21	0.604	1.405	69	0.625	0.625	91	0.655	0.655	
382	-11	2	4	-2	-1	0	108	0.479	1.155	423	0.500	0.500	295	0.604	1.500	5	0.729	1.714	326	0.750	0.655	
383	5	-2	4	-2	-1	5	224	0.250	0.250	216	0.375	1.000	51	0.500	0.500	300	0.729	1.589	92	0.875	1.030	
384	-5	-4	4	-1	2	0	104	0.250	0.250	317	0.500	0.875	56	0.684	1.714	46	0.684	1.464	4	0.729	1.714	
385	-5	1	4	-1	2	0	411	0.250	0.250	313	0.250	0.250	60	0.500	1.125	284	0.500	0.500	453	0.500	0.500	
386	-13	1	4	-2	-1	0	5	0.125	0.125	329	0.250	0.250	244	0.375	0.375	372	0.479	1.280	239	0.500	0.500	
387	-10	3	4	-1	1	0	446	0.125	0.125	443	0.250	0.250	179	0.500	0.500	338	0.625	0.625	423	0.750	1.125	
388	-16	2	4	-2	-1	0	478	0.375	1.375	484	0.479	1.155	145	0.500	0.500	68	0.625	0.625	258	0.625	0.750	
389	3	0	4	1	2	0	208	0.375	1.250	348	0.375	1.250	413	0.500	0.875	353	0.604	1.280	269	0.625	0.625	
390	7	-5	4	1	1	0	1	0.375	0.375	18	0.780	0.625	209	0.854	1.589	350	0.854	1.500	456	0.854	1.155	
391	-11	-4	4	-1	-1	0	412	0.500	0.500	378	0.625	0.625	79	0.750	0.750	125	0.875	0.500	40	0.875	0.655	
392	-13	-2	4	-1	-2	0	164	0.250	0.250	331	0.500	1.125	364	0.500	0.500	117	0.655	0.655	395	0.729	1.375	
393	-8	-3	4	-1	2	0	54	0.125	0.125	355	0.375	0.375	105	0.625	0.625	12	0.729	1.604	251	0.750	0.750	
394	5	1	4	1	-1	0	80	0.125	0.125	159	0.500	1.375	173	0.500	0.500	78	0.604	1.714	342	0.604	1.714	
395	-12	-3	4	1	0	0	400	0.250	1.250	237	0.500	1.000	343	0.500	0.500	376	0.500	0.500	378	0.604	1.589	
396	7	-2	4	1	-1	0	474	0.125	0.125	442	0.375	0.375	494	0.479	1.155	73	0.500	0.500	361	0.500	0.875	
397	9	2	4	1	0	0	271	0.250	0.250	268	0.375	0.375	247	0.375	0.375	171	0.875	0.750	373	1.214	0.979	
398	-6	1	4	-2	1	0	451	0.479	1.500	82	0.729	1.714	332	0.750	0.750	296	0.750	0.905	22	0.854	1.589	
399	5	3	4	-1	-1	0	151	0.125	0.125	320	0.479	1.155	102	0.625	1.250	260	0.729	1.589	420	0.750	0.750	
400	-11	-3	4	2	1	0	237	0.250	0.250	106	0.729	1.589	412	0.750	0.750	72	0.750	0.750	343	0.780	0.750	
401	-8	3	4	-1	-2	5	13	0.125	0.125	29	0.250	0.250	334	0.500	0.500	112	0.729	1.604	296	0.750	0.655	
402	-12	-1	4	2	1	0	429	0.125	0.125	211	0.375	1.250	376	0.625	0.625	343	0.625	0.625	220	0.750	1.250	
403	-15	-3	4	1	-2	0	481	0.125	0.125	140	0.479	1.375	35	0.625	0.625	324	0.625	0.625	33	0.625	1.250	
404	7	3	4	1	-1	0	21	0.375	0.375	171	0.479	1.280	416	0.500	1.250	144	0.625	0.625	475	0.625	1.125	
405	7	-3	4	2	-1	0	361	0.125	0.125	182	0.375	0.375	494	0.500	1.375	379	0.625	0.625	442	0.625	0.625	
406	-19	-4	4	2	1	0	136	0.559	1.589	302	0.729	1.589	186	0.750	1.125	226	0.750	0.750	84	0.979	1.339	
407	-13	-1	4	2	-1	10	150	0.375	0.375	429	0.375	1.250	376	0.479	1.280	402	0.500	1.375	199	0.500	0.500	
408	0	1	4	2	1	0	178	0.375	1.250	66	0.479	1.500	327	0.559	1.589	229	0.625	1.125	52	0.684	1.714	
409	-9	1	4	0	-1	0	444	0.250	1.250	472	0.375	0.375	241	0.375	0.375	166	0.500	1.000	374	0.625	1.280	
410	-14	2	4	1	-1	0	329	0.604	1.155	321	0.604	1.839	285	0.625	0.625	238	0.625	1.250	163	0.625	0.625	
411	-5	1	4	-2	1	0	385	0.250	0.250	284	0.250	0.250	313	0.500	0.500	398	0.500	1.125	307	0.625	0.625	
412	-11	-4	4	1	-1	0	391	0.500	0.500	378	0.625	0.625	79	0.750	0.750	400	0.750	0.750	279	0.854	1.339	
413	3	1	4	2	1	0	208	0.375	0.375	480	0.479	1.280	353	0.500	1.375	156	0.625	0.625	348	0.625	0.625	
414	-6	-1	4	1	-1	0	254	0.354	1.405	303	0.479	1.405	213	0.625	1.250	24	0.729	1.714	134	0.875	0.905	
415	-5	-4	4	1	0	0	32	0.125	0.125	104	0.375	0.375	339	0.604	1.589	315	0.604	1.839	44	0.604	1.250	
416	7	2	4	-1	-2	2	475	0.125	0.125	380	0.500	1.125	196	0.500	0.875	171	0.500	0.500	373	0.500	1.375	
417	5	-4	4	0	1	0	232	0.125	0.125	425	0.375	0.375	448	0.500	0.500	428	0.625	0.780	471	0.625	1.155	
418	4	-4	4	-1	0	1	277	0.684	1.464	172	0.729	1.375	417	0.875	0.750	224	0.964	0.964	216	1.000	0.884	
419	-13	3	4	0	-1	6	275	0.375	0.375	163	0.375	1.375	278	0.375	1.125	288	0.500	0.500	285	0.604	1.375	
420	5	2	4	-2	-1	12	320	0.375	1.375	192	0.479	1.375	394	0.625	1.250	80	0.750	1.250	399	0.750	0.625	
421	-4	3	4	-1	-2	9	336	0.125	0.125	58	0.375	0.375	26	0.375	1.000	433	0.375	0.375	207	0.500	0.500	
422	0	-2	4	0	1	0	347	0.625	0.625	25	0.750	0.625	427	0.750	0.625	152	0.854	1.729	333	0.875	0.875	
423	-11	3	4	-1	0	1	326	0.250	1.125	382	0.500	0.500	163	0.604	1.589	275	0.625	1.625	228	0.625	0.625	
424	-13	-4	4	-1	-2	1	198	1.000	1.354	140	1.000	0.625	33	1.009	0.875	391	1.125	0.875	149	1.125	0.875	
425	5	-4	4	-2	1	2	448	0.125	0.125	122	0.375	0.375	418	0.375	1.250	417	0.375	0.375	92	0.479	1.500	
426	-4	3	4	0	1	0	64	0.500	0.500	433	0.500	0.500	8	0.500	0.500	207	0.625	0.625	58	0.750	0.750	
427	-1	-2	4	2	1	0	422	0.625	0.750	143	0.750	0.625	465	0.750	0.750	252	0.780	0.750	23	0.875	0.780	
428	6	-3	4	-1	1	0	51	0.354	1.405	471	0.375	0.375	383	0.479	1.155	325	0.500	1.375	224	0.604	1.405	
429	-12	-1	4	1	1	0	402	0.125	0.125	72	0.530	0.530	220	0.625	1.250	376	0.750	0.750	211	0.750	1.125	
430	-6	-3	4	2	1	0	127	0.625	0.625	4	0.625	1.250	438	0.655	0.655	235	0.684	1.714	455	0.750	1.250	
431	-6	-6	4	1	-2	2	308	0.125	0.125	55	0.625	0.625	184	0.655	0.655	193	0.729	1.280	98	0.750	1.125	
432	9	-3	4	1	0	6	41	0.750	1.125	292	0.875	0.750	367	1.030	0.604	103	1.104	1.104	209	1.125	1.000	
433	-4	3	4	-1	0	0	371	0.250	1.375	370	0.375	0.375	421	0.375	0.375	169	0.500	0.500	426	0.500	0.500	
434	-15	3	4	-2	1	0	476	0.500	1.125	258	0.729	1.479	68	0.839	0.839	388	0.875	1.030	75	0.875	0.500	
435	8	1	4	0	1	0	203	0.375	0.375	91	0.500	0.500	397	0.604	1.250	452	0.625	0.625	271	0.625	1.280	
436	-5	-5	4	-1	2	0	43	0.125	0.125	124	0.375	0.375	104	0.375	1.375	384	0.500	1.125	290	0.604	1.280	
437	-14	3	4	-1	0	0	434	0.375	1.250	285	0.500	0.500	356	0.500	0.875	476	0.625	1.375	93	0.625	1.000	
438	-7	-2	4	1	1	0	291	0.125	0.125	46	0.500	0.875	345	0.655	0.655	56	0.750	0.625	183	0.780	0.625	
439	-6	-6	4	-1	2	0	55	0.375	0.375	137	0.375	1.375	357	0.559	1.589	43	0.750	0.655	359	0.854	1.714	
440	-10	-2	4	0	-1	0	12	0.375	0.375	174	0.375	0.375	279	0.604	1.250	391	0.604	1.839	132	0.875	0.905	
441	-19	-1	4	-1	-2	0	463	0.250	0.250	9	0.500	1.375	280	0.750	1.030	90	0.750	0.750	129	1.000	1.000	
442	7	-2	4	2	1	0	73	0.125	0.125	396	0.375	0.375	367	0.375	1.250	474	0.500	0.500	405	0.625	0.625	
443	-10	3	4	-1	0	2	446	0.125	0.125	387	0.250	0.250	423	0.250	1.375	179	0.250	0.250	112	0.500	0.500	
444	-9	0	4	1	-2	0	166	0.250	0.250	183	0.479	1.375	242	0.500	0.500	487	0.500	1.125	345	0.604	1.280	
445	3	2	4	-1	-2	1	156	0.375	1.250	260	0.625	0.625	468	0.625	1.250	496	0.750	0.750	192	0.750	0.905	
446	-10	3	4	-2	1	2	443	0.125	0.125	387	0.125	0.125	179	0.375	0.375	423	0.375	1.250	460	0.625	1.000	
447	-9	-1	4	-1	2	0	242	0.500	1.125	477	0.500	1.375	47	0.604	1.500	106	0.625	0.625	20	0.625	0.625	
448	5	-4	4	-1	0	2	425	0.125	0.125	122	0.250	0.250	464	0.375	0.375	418	0.375	1.375	417	0.500	0.500	
449	1	-3	4	-1	-2	0	281	0.479	1.375	365	0.500	0.500	354	0.500	0.500	153	0.750	0.625	465	0.839	0.839	
450	2	-3	4	-1	0	0	277	0.125	0.125	488	0.250	0.250	365	0.250	1.250	153	0.250	0.250	449	0.375	1.000	
451	-7	2	4	-1	2	0	334	0.604	1.500	262	0.625	0.875	495	0.625	0.625	296	0.625	0.625	22	0.625	0.625	
452	7	1	4	1	1	0	91	0.125	0.125	203	0.250	0.250	206	0.250	0.250	323	0.500	1.000	381	0.530	0.530	
453	-4	1	4	0	1	0	305	0.125	0.125	70	0.250	1.250	385	0.500	0.500	313	0.500	0.500	344	0.750	0.750	
454	-3	0	4	0	1	0	344	0.500	1.000	256	0.500	0.500	370	0.604	1.589	305	0.625	1.155	70	0.729	1.464	
455	-6	-2	4	-2	1	0	4	0.125	0.125	56	0.375	0.375	139	0.625	1.625	46	0.625	0.625	243	0.684	1.714	
456	8	-4	4	-2	1	0	379	0.604	1.375	483	0.625	0.625	209	0.750	0.750	292	0.750	1.000	494	0.750	1.250	
457	2	-3	4	2	1	0	85	0.479	1.155	366	0.625	1.000	488	0.625	0.625	172	0.625	0.875	347	0.655	0.655	
458	6	-5	4	2	1	0	390	0.375	1.000	1	0.500	1.375	18	0.500	0.500	110	0.625	0.625	270	0.625	0.625	
459	-7	-4	4	1	0	0	497	0.375	0.375	165	0.375	1.000	357	0.375	0.375	37	0.375	1.125	201	0.500	0.500	
460	-11	3	4	0	-1	0	382	0.375	1.000	499	0.500	1.000	423	0.500	0.500	108	0.604	1.589	248	0.625	0.625	
461	-19	3	4	-2	1	0	111	0.875	1.125	314	1.000	0.750	180	1.229	1.104	194	1.250	0.979	197	1.375	1.104	
462	-16	-4	4	-1	-2	0	297	0.250	0.250	33	0.500	0.500	274	0.750	1.125	346	0.875	0.750	481	0.905	0.854	
463	-19	-1	4	1	-2	0	441	0.250	0.250	280	0.479	1.280	9	0.500	1.125	0	0.625	1.250	129	0.750	0.750	
464	5	-4	4	-1	-2	0	122	0.125	0.125	448	0.375	0.375	425	0.500	0.500	418	0.625	1.000	270	0.875	0.875	
465	-1	-2	4	-1	-2	0	298	0.375	1.000	368	0.500	0.500	212	0.559	1.589	319	0.655	0.655	230	0.729	1.604	
466	-16	0	4	-1	2	0	267	0.125	0.125	71	0.375	1.250	484	0.479	1.375	68	0.500	0.875	145	0.625	0.750	
467	-2	-1	4	1	-1	0	252	0.375	0.375	427	0.479	1.155	319	0.500	0.500	465	0.604	1.155	225	0.625	0.625	
468	2	2	4	-1	1	0	304	0.530	0.530	66	0.750	0.750	52	0.750	0.750	327	0.875	0.875	294	1.000	1.030	
469	-17	3	4	1	2	0	48	0.250	0.250	109	0.500	0.500	233	0.905	0.854	476	1.000	1.000	126	1.000	0.500	
470	-8	3	4	1	1	0	334	0.625	0.625	29	0.625	0.625	264	0.625	0.625	338	0.625	0.625	13	0.750	0.750	
471	6	-3	4	1	2	0	428	0.375	0.375	325	0.375	1.000	379	0.500	0.500	442	0.604	1.500	405	0.625	1.125	
472	-9	1	4	-2	-1	1	409	0.375	0.375	146	0.375	1.250	166	0.750	1.250	241	0.750	0.750	47	0.875	1.030	
473	-12	-2	4	-1	0	2	301	0.125	0.125	364	0.250	1.250	392	0.375	1.000	101	0.500	0.500	40	0.500	0.500	
474	7	-2	4	1	-2	0	396	0.125	0.125	361	0.375	1.000	405	0.500	0.875	442	0.500	0.500	494	0.604	1.280	
475	7	2	4	0	-1	0	416	0.125	0.125	373	0.250	1.250	196	0.375	1.000	171	0.375	0.375	380	0.500	1.250	
476	-16	3	4	-1	-2	1	258	0.479	1.155	388	0.500	0.875	356	0.500	0.500	478	0.604	1.280	93	0.625	0.625	
477	-9	0	4	1	2	0	242	0.250	0.250	223	0.500	0.500	166	0.500	0.500	22	0.559	1.589	374	0.625	1.250	
478	-17	2	4	-2	1	0	233	0.375	1.000	194	0.500	1.125	484	0.500	0.500	197	0.625	1.000	126	0.625	0.625	
479	3	3	4	1	-1	0	83	0.375	0.375	480	0.479	1.155	445	0.500	1.250	485	0.604	1.405	327	0.655	0.655	
480	4	2	4	2	1	0	485	0.250	0.250	353	0.625	0.625	173	0.750	0.655	102	0.750	1.250	320	0.750	0.750	
481	-15	-3	4	1	-1	0	403	0.125	0.125	140	0.354	1.280	35	0.500	0.500	33	0.750	1.125	236	0.750	1.125	
482	-1	-4	4	-1	-2	0	212	0.625	0.625	74	0.655	0.655	59	0.875	0.875	230	0.979	1.339	298	1.000	0.500	
483	8	-3	4	-2	1	0	209	0.125	0.125	292	0.375	0.375	456	0.625	0.625	379	0.625	0.750	67	0.625	0.625	
484	-17	1	4	-1	0	0	478	0.500	0.500	233	0.625	1.280	116	0.625	0.780	126	0.750	1.125	155	0.750	0.750	
485	4	2	4	2	-1	13	480	0.250	0.250	394	0.479	1.405	353	0.625	0.625	159	0.729	1.479	80	0.750	1.280	
486	-4	-6	4	-2	-1	7	50	0.375	1.250	30	0.500	0.500	439	0.750	1.500	43	0.875	1.155	124	0.875	1.125	
487	-9	-1	4	1	-2	0	174	0.375	1.250	251	0.559	1.589	345	0.625	1.125	374	0.655	0.655	105	0.684	1.464	
488	2	-3	4	-1	1	0	450	0.250	0.250	277	0.375	0.375	153	0.500	0.500	162	0.530	0.530	25	0.604	1.405	
489	-19	1	4	0	-1	0	214	0.375	1.000	463	0.750	1.625	204	0.854	1.375	441	0.979	1.625	197	1.030	0.604	
490	-3	-2	4	-1	0	0	310	0.125	0.125	17	0.375	1.375	289	0.375	0.375	230	0.500	0.500	63	0.604	1.375	
491	3	-2	4	2	-1	0	85	0.125	0.125	39	0.250	0.250	87	0.375	1.000	49	0.750	0.905	366	0.750	1.000	
492	1	0	4	1	1	0	178	0.625	0.625	408	0.655	0.655	96	0.750	1.125	468	0.854	1.589	389	0.884	1.125	
493	-1	3	4	-2	1	2	328	0.375	0.375	219	0.625	0.750	221	0.750	0.625	147	0.979	1.354	26	1.104	1.832	
494	8	-3	4	2	1	0	292	0.375	0.375	367	0.500	0.500	209	0.625	0.625	432	0.625	1.250	73	0.655	0.655	
495	-8	2	4	1	2	0	22	0.250	0.250	82	0.375	0.375	470	0.375	1.000	264	0.375	0.375	334	0.625	1.125	
496	3	2	4	-1	2	0	260	0.125	0.125	304	0.500	1.000	468	0.750	0.750	445	0.750	0.750	480	0.875	0.875	
497	-7	-4	4	1	-2	0	249	0.375	1.375	459	0.375	0.375	3	0.500	0.500	191	0.625	0.625	165	0.625	0.625	
498	6	-1	4	2	1	0	78	0.479	1.280	322	0.500	0.500	161	0.500	0.875	61	0.500	0.500	255	0.625	0.625	
499	-11	2	4	2	-1	11	358	0.500	1.125	248	0.625	0.625	227	0.625	0.875	222	0.750	1.280	382	0.750	0.750	
