# states in shortest path from s to t
12

# shortest path from s to t
30	-10	4	1	-2
31	-12	4	0	-1
31	-13	4	0	-1
31	-14	4	0	-1
31	-15	4	0	-1
31	-16	4	0	-1
31	-17	4	1	-2
32	-19	4	1	-2
33	-21	4	1	-2
34	-23	4	0	-1
34	-24	4	0	-1
34	-25	4	0	-1

# cost of shortest path
3.986

# Line i represents a sample taken at time i. The sample corresponds to a discrete state.
# Line Format: [sample ID] [x] [y] [z] [x-component of yaw] [y-component of yaw] [U: marginal coverage]
#              [sample ID of nearest neighbor 1] [shortest path cost to nearest neighbor 1] [shortest path cost from nearest neighbor 1]
#              ...
#              [sample ID of nearest neighbor k] [shortest path cost to nearest neighbor k] [shortest path cost from nearest neighbor k]
0	31	-8	4	1	0	17	175	0.125	0.125	131	0.250	0.250	167	0.500	1.250	339	0.604	1.839	66	0.604	1.250	
1	35	-1	4	-1	2	38	365	0.125	0.125	287	0.375	0.375	122	0.500	1.125	7	0.625	1.250	285	0.625	0.625	
2	32	-15	4	1	-2	50	289	0.375	1.250	393	0.500	0.500	401	0.625	0.625	168	0.729	1.589	259	0.729	1.589	
3	23	-3	4	1	0	38	426	0.375	1.375	293	0.500	0.500	428	0.500	0.500	357	0.625	0.780	16	0.729	1.714	
4	34	-8	4	0	-1	17	111	0.250	1.250	247	0.250	0.250	17	0.500	0.500	425	0.625	0.625	339	0.625	0.780	
5	28	-4	4	1	-2	7	146	0.125	0.125	174	0.375	0.375	12	0.604	1.280	229	0.625	0.625	213	0.625	0.625	
6	29	-6	4	-2	-1	33	56	0.375	0.375	498	0.479	1.500	127	0.625	1.625	78	0.684	1.464	493	0.750	0.750	
7	34	-1	4	-1	-1	17	178	0.250	0.250	104	0.354	1.280	460	0.625	1.125	306	0.729	1.589	465	0.729	1.030	
8	34	-18	4	1	2	1	360	0.500	1.375	42	0.604	1.500	283	0.625	0.625	436	0.625	1.250	483	0.750	0.750	
9	32	-12	4	-1	0	17	367	0.375	0.375	378	0.375	0.375	255	0.375	1.125	185	0.500	0.500	459	0.500	0.500	
10	24	-2	4	0	-1	11	357	0.250	0.250	422	0.375	0.375	275	0.500	0.500	362	0.500	0.500	70	0.625	0.780	
11	35	-17	4	-1	2	34	331	0.250	0.250	64	0.500	1.125	42	0.500	0.500	360	0.625	0.625	102	0.934	2.104	
12	29	-5	4	2	1	16	95	0.479	1.500	464	0.625	0.625	141	0.750	0.750	51	0.750	0.905	164	0.809	1.339	
13	27	-14	4	1	1	0	47	0.125	0.125	485	0.354	1.280	15	0.500	1.000	172	0.530	0.530	274	0.625	0.625	
14	24	-4	4	-1	-2	11	217	0.375	0.375	390	0.625	0.625	450	0.625	0.625	476	0.750	0.750	335	0.750	1.250	
15	27	-13	4	1	2	2	68	0.625	0.625	197	0.729	1.589	25	0.750	1.280	385	0.875	1.280	157	0.875	0.875	
16	25	-2	4	1	2	0	30	0.375	1.250	303	0.479	1.280	479	0.500	1.125	99	0.625	0.875	315	0.684	1.714	
17	34	-8	4	-1	0	3	247	0.250	0.250	380	0.375	0.375	4	0.500	0.500	497	0.604	1.589	280	0.625	0.625	
18	33	-3	4	0	1	9	87	0.125	0.125	370	0.625	1.280	243	0.729	1.714	192	0.750	0.625	190	0.750	0.750	
19	29	-2	4	-1	-2	9	23	0.479	1.375	154	0.500	0.500	5	0.559	1.589	146	0.684	1.464	174	0.729	1.714	
20	30	-15	4	-2	1	94	73	0.125	0.125	467	0.375	1.375	223	0.625	1.125	319	0.625	0.875	343	0.625	0.625	
21	33	-11	4	1	-2	16	54	0.375	1.000	118	0.604	1.500	496	0.625	0.750	9	0.729	1.375	182	0.729	1.464	
22	29	-12	4	-1	-2	18	145	0.500	0.500	492	0.500	1.375	355	0.625	0.625	267	0.625	1.375	86	0.750	1.125	
23	28	-3	4	-1	0	9	457	0.604	1.250	270	0.625	0.625	173	0.625	0.780	174	0.750	0.625	5	0.750	1.000	
24	33	-17	4	1	-2	23	283	0.479	1.405	108	0.500	0.500	325	0.625	0.875	253	0.729	1.714	436	0.729	1.464	
25	28	-12	4	1	2	0	197	0.375	1.375	126	0.479	1.405	323	0.479	1.375	31	0.604	1.280	169	0.750	1.155	
26	35	-18	4	-1	-1	39	424	0.375	0.375	436	0.500	0.500	358	0.604	1.405	301	0.625	0.625	253	0.750	0.750	
27	34	-23	4	-2	1	77	216	0.250	0.250	332	0.500	0.500	359	0.625	0.625	286	0.750	0.750	478	0.750	0.750	
28	26	-6	4	1	-1	1	113	0.250	0.250	103	0.375	0.375	144	0.625	0.625	40	0.750	0.750	125	0.913	2.479	
29	28	-15	4	-2	-1	74	305	0.375	1.250	262	0.500	1.125	76	0.625	0.750	482	0.625	1.625	106	0.854	1.589	
30	25	-1	4	0	1	13	479	0.375	0.375	303	0.500	0.500	163	0.500	1.250	356	0.604	1.250	152	0.625	0.625	
31	29	-11	4	2	-1	24	323	0.125	0.125	126	0.375	0.375	62	0.375	1.000	33	0.625	0.750	474	0.625	1.375	
32	34	-25	4	-2	1	6	179	0.125	0.125	116	0.125	0.125	121	0.375	0.375	284	0.625	0.625	233	0.750	1.000	
33	30	-11	4	0	-1	15	62	0.250	0.250	22	0.625	1.155	474	0.625	0.625	342	0.625	0.625	492	0.729	1.464	
34	35	-22	4	-1	-1	23	221	0.375	0.375	27	0.479	1.155	478	0.500	0.875	216	0.604	1.405	494	0.625	1.250	
35	32	-9	4	2	1	0	486	0.250	0.250	339	0.375	1.250	409	0.479	1.500	381	0.500	0.875	109	0.500	0.500	
36	22	-2	4	0	1	8	371	0.375	0.375	489	0.500	0.500	250	0.604	1.589	442	0.625	1.155	403	0.625	0.625	
37	34	-11	4	-1	-1	4	249	0.500	1.375	413	0.625	1.250	118	0.625	1.250	389	0.625	1.125	54	0.729	1.030	
38	31	-2	4	1	2	6	232	0.125	0.125	236	0.250	0.250	227	0.375	1.250	330	0.500	0.500	374	0.500	1.125	
39	32	0	4	0	-1	1	276	0.250	0.250	451	0.500	0.500	361	0.750	0.750	353	0.750	1.000	395	0.854	1.339	
40	26	-6	4	-1	0	17	103	0.375	0.375	113	0.500	0.500	256	0.750	1.030	28	0.750	0.750	321	0.854	1.375	
41	21	-1	4	0	-1	15	452	0.250	1.250	183	0.250	1.125	124	0.375	0.375	218	0.604	1.839	176	0.750	0.625	
42	35	-17	4	2	1	0	11	0.500	0.500	253	0.500	0.500	64	0.625	0.625	331	0.750	0.750	26	0.875	1.125	
43	32	-18	4	-1	0	17	165	0.500	0.500	481	0.625	0.625	168	0.750	0.905	58	0.854	1.479	108	0.875	0.500	
44	22	0	4	-1	2	6	138	0.625	0.625	83	0.625	0.875	453	0.750	1.250	299	0.750	0.750	442	0.780	0.750	
45	23	0	4	1	-2	0	204	0.125	0.125	345	0.500	0.500	349	0.625	0.625	448	0.625	0.625	10	0.684	1.714	
46	20	-4	4	-2	1	12	107	0.250	0.250	218	0.750	0.750	340	0.780	0.750	273	0.839	0.839	328	1.125	1.000	
47	27	-14	4	2	1	0	13	0.125	0.125	485	0.479	1.155	274	0.500	0.500	15	0.625	0.875	25	0.729	1.589	
48	34	-11	4	1	2	0	429	0.250	0.250	413	0.625	0.625	128	0.684	1.714	455	0.750	1.280	166	0.839	0.839	
49	31	-15	4	-2	-1	18	73	0.375	1.250	20	0.500	1.375	222	0.604	1.500	336	0.625	0.875	160	0.625	0.625	
50	34	-23	4	1	0	0	286	0.125	0.125	359	0.250	0.250	191	0.375	1.125	494	0.500	1.250	410	0.625	1.280	
51	30	-4	4	1	-1	1	57	0.250	0.250	135	0.375	0.375	95	0.625	0.625	164	0.750	0.750	67	0.854	1.839	
52	30	-10	4	-1	-2	4	155	0.125	0.125	33	0.375	1.250	62	0.375	1.250	81	0.500	0.500	342	0.750	0.875	
53	31	-3	4	1	1	6	417	0.125	0.125	38	0.500	1.000	465	0.604	1.589	192	0.625	1.000	366	0.655	0.655	
54	33	-12	4	1	-1	1	496	0.250	0.250	118	0.500	1.000	268	0.530	0.530	249	0.625	0.875	389	0.625	0.625	
55	32	-8	4	0	-1	0	497	0.375	1.375	167	0.375	0.375	209	0.500	0.500	339	0.625	1.280	406	0.625	0.780	
56	29	-6	4	0	-1	2	147	0.250	1.250	6	0.375	0.375	84	0.500	1.000	207	0.625	0.625	313	0.625	1.280	
57	30	-4	4	0	-1	4	135	0.125	0.125	51	0.250	0.250	164	0.500	0.500	213	0.500	0.500	186	0.500	0.500	
58	31	-16	4	1	2	1	298	0.250	0.250	338	0.375	1.000	348	0.500	1.125	319	0.729	1.589	61	0.750	1.155	
59	35	-3	4	-1	-2	5	272	0.125	0.125	199	0.375	0.375	198	0.479	1.280	226	0.500	0.875	334	0.500	0.500	
60	34	-19	4	1	-1	9	427	0.250	0.250	149	0.354	1.405	436	0.530	0.530	358	0.625	0.625	424	0.655	0.655	
61	32	-15	4	0	1	0	215	0.250	1.250	348	0.500	0.500	401	0.500	0.500	404	0.625	0.780	338	0.625	0.625	
62	30	-11	4	1	-1	0	33	0.250	0.250	92	0.530	0.530	474	0.625	0.875	282	0.750	1.125	271	0.854	1.589	
63	34	-9	4	2	1	0	101	0.479	1.155	111	0.500	0.500	128	0.625	0.750	380	0.625	1.125	291	0.625	0.625	
64	35	-16	4	2	1	0	42	0.625	0.625	253	0.875	0.875	405	1.000	1.500	325	1.030	0.729	153	1.030	0.604	
65	29	-10	4	0	1	1	317	0.250	0.250	316	0.625	1.000	94	0.750	1.375	318	0.750	1.250	72	0.750	0.625	
66	32	-7	4	0	1	0	351	0.500	0.500	350	0.625	0.780	402	0.729	1.714	445	0.750	0.750	466	0.750	0.750	
67	31	-6	4	0	-1	2	398	0.375	1.375	466	0.625	0.780	207	0.625	0.625	313	0.625	0.780	167	0.729	1.714	
68	27	-13	4	-1	0	13	488	0.250	1.125	157	0.250	0.250	98	0.375	0.375	130	0.500	0.500	385	0.625	1.155	
69	20	-1	4	1	0	4	257	0.500	0.500	124	0.500	0.500	452	0.604	1.375	299	0.625	1.280	489	0.750	0.905	
70	25	-3	4	-1	-1	4	14	0.354	1.405	217	0.354	1.280	419	0.375	0.375	450	0.500	1.000	10	0.780	0.625	
71	33	-20	4	0	-1	16	230	0.375	0.375	119	0.375	0.375	310	0.500	0.500	394	0.625	1.000	440	0.750	1.125	
72	28	-10	4	2	1	0	317	0.500	1.000	33	0.729	1.479	62	0.729	1.714	126	0.750	0.655	65	0.750	0.750	
73	30	-15	4	-1	1	0	20	0.125	0.125	443	0.479	1.155	223	0.625	1.250	319	0.625	1.000	467	0.625	1.250	
74	32	-13	4	-1	2	1	459	0.250	0.250	475	0.375	0.375	9	0.625	0.750	184	0.625	1.000	271	0.625	1.250	
75	20	-13	4	1	0	2	382	0.375	1.000	170	0.625	0.625	234	0.625	1.375	386	0.875	1.280	251	0.875	0.875	
76	27	-15	4	0	-1	14	305	0.500	0.500	172	0.750	1.125	29	0.750	0.625	223	0.875	0.875	383	0.875	0.500	
77	33	-3	4	-1	-2	20	134	0.500	1.125	334	0.500	0.500	148	0.500	1.375	346	0.625	0.625	110	0.625	1.000	
78	27	-7	4	-1	1	0	80	0.250	0.250	40	0.354	1.280	127	0.625	0.875	321	0.957	1.686	431	1.000	0.375	
79	21	-13	4	-1	2	16	382	0.250	0.250	238	0.875	1.125	388	0.875	0.625	251	0.875	0.875	75	1.000	0.625	
80	27	-7	4	0	1	0	127	0.250	1.125	78	0.250	0.250	40	0.604	1.530	431	0.750	0.625	115	0.957	2.119	
81	30	-10	4	-2	1	0	52	0.500	0.500	342	0.625	0.625	155	0.625	0.625	65	0.625	0.750	318	0.684	1.464	
82	32	-9	4	-2	1	1	109	0.250	0.250	486	0.500	0.500	209	0.500	0.500	497	0.625	0.625	52	0.729	1.604	
83	21	0	4	-2	1	6	250	0.125	0.125	140	0.375	1.250	453	0.500	0.500	188	0.500	0.875	138	0.500	0.500	
84	29	-7	4	2	-1	0	147	0.250	0.250	313	0.375	1.000	445	0.625	1.000	131	0.684	1.464	0	0.684	1.714	
85	29	-9	4	1	-2	0	155	0.479	1.155	316	0.500	0.500	125	0.625	0.625	92	0.729	1.464	318	0.750	0.750	
86	29	-13	4	2	1	0	492	0.500	0.500	326	0.500	0.875	129	0.500	1.125	267	0.875	1.125	184	0.934	2.082	
87	33	-3	4	1	2	0	18	0.125	0.125	190	0.625	0.875	142	0.655	0.655	110	0.750	0.750	38	0.839	0.839	
88	27	0	4	1	0	0	384	0.125	0.125	399	0.500	0.500	244	0.604	1.375	19	0.854	1.479	315	0.875	0.750	
89	35	-9	4	1	-2	0	111	0.625	0.625	245	0.625	1.625	37	0.729	1.714	101	0.750	0.750	415	0.750	0.905	
90	21	-15	4	-2	-1	41	388	0.625	0.625	499	1.000	0.625	329	1.000	0.500	295	1.030	0.979	333	1.125	0.875	
91	30	-2	4	1	-1	0	366	0.375	0.375	330	0.500	1.000	192	0.604	1.714	236	0.625	1.250	38	0.625	1.250	
92	31	-10	4	1	-1	0	474	0.500	0.875	62	0.530	0.530	166	0.625	1.250	171	0.625	0.875	376	0.625	0.625	
93	34	-3	4	2	-1	0	190	0.250	0.250	334	0.375	0.375	198	0.625	1.125	370	0.750	0.750	195	0.750	0.750	
94	28	-9	4	-2	1	2	208	0.125	0.125	318	0.375	0.375	125	0.750	0.750	352	0.875	0.875	85	1.125	0.875	
95	30	-4	4	1	2	0	322	0.375	1.250	136	0.375	1.000	417	0.479	1.280	186	0.625	0.625	51	0.625	0.625	
96	31	-14	4	-2	-1	14	387	0.125	0.125	254	0.375	1.000	343	0.500	1.125	319	0.500	1.125	212	0.625	0.625	
97	30	-16	4	1	-1	0	133	0.354	1.405	237	0.375	0.375	222	0.375	0.375	298	0.500	1.250	160	0.530	0.530	
98	27	-12	4	-1	0	0	130	0.125	0.125	68	0.375	0.375	385	0.375	1.250	169	0.625	0.625	157	0.750	0.625	
99	26	-2	4	2	1	0	161	0.559	1.589	400	0.625	0.625	303	0.625	0.875	457	0.625	0.750	324	0.750	0.905	
100	32	-7	4	1	-2	1	466	0.375	0.375	55	0.375	1.250	398	0.500	0.500	167	0.500	0.875	311	0.625	0.875	
101	35	-8	4	1	0	0	425	0.250	0.250	423	0.500	0.500	89	0.750	0.750	4	0.875	0.750	495	0.875	0.875	
102	34	-14	4	1	2	0	446	0.375	0.375	279	0.500	0.500	405	0.625	0.625	392	0.750	1.125	123	0.750	0.750	
103	26	-6	4	-1	-2	8	113	0.125	0.125	28	0.375	0.375	40	0.375	0.375	288	0.780	0.750	498	0.839	0.839	
104	33	-2	4	-1	0	11	224	0.375	0.375	306	0.375	1.125	346	0.604	1.375	189	0.750	0.750	465	0.750	0.750	
105	30	-1	4	-1	1	0	309	0.500	0.875	473	0.625	1.000	469	0.625	0.625	347	0.655	0.655	374	0.750	0.750	
106	26	-14	4	-2	1	9	151	0.625	0.625	159	0.684	1.464	488	0.750	0.750	482	0.750	0.625	68	0.905	0.625	
107	20	-4	4	-1	2	3	46	0.250	0.250	489	0.854	1.589	218	0.875	1.000	340	0.875	0.780	462	0.875	0.875	
108	32	-17	4	0	-1	12	165	0.375	1.375	43	0.500	0.875	24	0.500	0.500	168	0.500	0.500	133	0.500	0.500	
109	32	-9	4	-1	2	1	82	0.250	0.250	486	0.250	0.250	35	0.500	0.500	209	0.625	0.750	381	0.625	0.625	
110	33	-4	4	1	0	0	195	0.250	1.125	148	0.375	0.375	142	0.375	1.125	402	0.500	0.500	258	0.625	1.280	
111	34	-9	4	1	-2	0	415	0.375	1.250	202	0.500	1.375	63	0.500	0.500	89	0.625	0.625	425	0.655	0.655	
112	22	-4	4	-1	-1	7	412	0.250	0.250	468	0.625	0.625	263	0.875	0.500	340	0.875	0.905	296	1.000	1.125	
113	26	-6	4	0	-1	0	103	0.125	0.125	28	0.250	0.250	40	0.500	0.500	144	0.875	0.750	288	0.905	0.729	
114	35	-4	4	-1	1	3	438	0.250	0.250	226	0.375	0.375	199	0.625	0.625	344	0.750	0.750	320	0.750	0.750	
115	25	-4	4	0	1	0	419	0.375	1.000	341	0.500	0.500	390	0.750	0.625	476	0.750	0.625	426	0.875	0.875	
116	34	-25	4	-1	1	1	32	0.125	0.125	179	0.250	0.250	121	0.500	0.500	233	0.625	1.125	284	0.750	0.750	
117	31	-8	4	-1	-1	0	406	0.500	1.375	316	0.604	1.714	175	0.625	0.625	55	0.625	0.625	155	0.854	1.839	
118	34	-12	4	2	-1	0	249	0.125	0.125	389	0.375	0.375	429	0.625	0.625	48	0.875	0.875	54	1.000	0.500	
119	34	-20	4	0	-1	8	71	0.375	0.375	149	0.500	0.500	364	0.500	0.500	472	0.500	0.500	235	0.625	1.155	
120	34	-5	4	0	1	0	281	0.375	0.375	142	0.375	1.125	320	0.500	1.250	18	0.604	1.589	114	0.625	0.780	
121	34	-25	4	-1	-1	8	284	0.250	0.250	179	0.250	0.250	32	0.375	0.375	116	0.500	0.500	260	1.000	0.375	
122	35	0	4	-1	2	8	224	0.979	1.214	365	1.000	0.500	285	1.125	1.000	1	1.125	0.375	178	1.125	0.905	
123	35	-14	4	1	1	0	392	0.375	0.375	405	0.375	0.375	102	0.750	0.625	225	0.979	1.589	279	1.000	1.000	
124	20	-1	4	0	-1	1	41	0.375	0.375	69	0.500	0.500	375	0.500	0.500	183	0.625	0.780	140	0.875	0.750	
125	28	-9	4	1	-2	0	352	0.125	0.125	318	0.375	0.375	208	0.625	0.625	85	0.625	0.625	471	0.684	1.464	
126	29	-11	4	1	1	0	323	0.250	0.250	31	0.375	0.375	62	0.500	1.375	65	0.625	1.125	317	0.625	0.875	
127	27	-6	4	-1	1	0	103	0.625	1.250	256	0.729	1.839	341	0.729	1.714	139	0.750	0.750	40	0.750	1.125	
128	35	-9	4	0	1	0	291	0.625	0.625	495	0.625	1.000	280	0.750	0.905	63	0.750	0.625	247	0.750	1.250	
129	30	-13	4	2	1	0	326	0.250	0.250	205	0.500	1.125	268	0.625	1.625	184	0.684	1.714	416	0.729	1.604	
130	27	-12	4	-2	-1	13	98	0.125	0.125	385	0.375	1.375	488	0.479	1.405	68	0.500	0.500	145	0.750	0.750	
131	31	-8	4	1	1	0	0	0.250	0.250	175	0.375	0.375	66	0.479	1.280	167	0.500	1.250	351	0.625	1.250	
132	31	-16	4	0	-1	2	336	0.125	0.125	133	0.250	1.250	289	0.375	0.375	222	0.500	0.500	168	0.500	1.250	
133	31	-17	4	1	-2	1	168	0.250	0.250	165	0.479	1.155	108	0.500	0.500	269	0.604	1.280	137	0.625	1.125	
134	33	-4	4	-1	-2	17	148	0.250	0.250	189	0.375	0.375	198	0.625	0.625	402	0.750	1.125	195	0.750	0.750	
135	30	-4	4	-1	-2	6	57	0.125	0.125	51	0.375	0.375	186	0.375	0.375	213	0.625	0.625	164	0.625	0.625	
136	30	-3	4	1	1	0	38	0.354	1.405	240	0.375	0.375	330	0.479	1.155	232	0.479	1.280	236	0.479	1.405	
137	32	-17	4	2	1	0	24	0.500	1.125	259	0.559	1.589	269	0.625	0.625	108	0.625	0.625	363	0.750	0.750	
138	21	0	4	1	2	0	299	0.125	0.125	83	0.500	0.500	188	0.625	0.625	250	0.625	0.625	44	0.625	0.625	
139	27	-5	4	-2	1	4	341	0.604	1.280	103	0.729	1.280	173	0.750	0.750	127	0.750	0.625	40	0.750	0.905	
140	20	0	4	-1	0	22	156	0.125	0.125	375	0.375	0.375	188	0.375	0.375	257	0.875	0.875	124	0.875	0.875	
141	29	-4	4	1	-1	0	213	0.125	0.125	464	0.375	0.375	95	0.625	1.250	51	0.625	0.875	57	0.625	0.625	
142	34	-4	4	1	1	0	320	0.375	0.375	195	0.500	0.500	438	0.625	0.625	93	0.750	0.750	190	0.750	0.750	
143	34	-6	4	-2	-1	7	350	0.375	1.250	439	0.625	0.750	466	0.729	1.714	470	0.750	1.125	495	0.839	0.839	
144	26	-5	4	1	0	0	490	0.500	0.500	28	0.750	0.625	341	0.750	0.750	229	0.750	0.905	498	0.854	1.479	
145	28	-12	4	0	-1	13	355	0.125	0.125	312	0.375	1.375	22	0.500	0.500	492	0.625	1.155	68	0.729	1.250	
146	28	-4	4	1	-1	0	5	0.125	0.125	12	0.479	1.155	174	0.500	0.500	464	0.625	1.250	141	0.625	0.875	
147	29	-7	4	1	-2	0	84	0.250	0.250	498	0.625	0.625	207	0.655	0.655	131	0.729	1.479	318	0.729	1.714	
148	33	-4	4	1	-2	1	134	0.250	0.250	110	0.375	0.375	189	0.625	0.625	198	0.625	0.625	142	0.625	1.250	
149	35	-20	4	1	-2	1	266	0.500	1.125	119	0.500	0.500	235	0.500	1.125	34	0.625	1.625	478	0.729	1.714	
150	35	-10	4	0	1	0	455	0.125	0.125	128	0.250	1.375	17	0.604	1.589	63	0.750	0.905	280	0.875	1.464	
151	26	-14	4	0	-1	2	274	0.500	0.500	194	0.500	0.500	106	0.625	0.625	373	0.625	0.780	76	0.750	1.030	
152	26	-1	4	1	1	0	303	0.125	0.125	88	0.354	1.280	384	0.479	1.155	206	0.500	1.000	356	0.625	0.625	
153	34	-15	4	2	-1	0	446	0.500	0.500	259	0.625	0.625	393	0.750	0.750	239	0.750	0.750	102	0.875	0.875	
154	28	-2	4	0	-1	1	270	0.250	0.250	19	0.500	0.500	229	0.729	1.464	228	0.750	0.750	400	0.750	0.750	
155	30	-10	4	0	-1	1	52	0.125	0.125	33	0.375	1.375	62	0.375	1.125	92	0.625	0.625	474	0.625	1.280	
156	20	0	4	-2	1	3	140	0.125	0.125	188	0.250	0.250	375	0.500	0.500	138	0.875	0.875	299	1.000	1.000	
157	27	-13	4	-1	-1	0	68	0.250	0.250	106	0.479	1.155	151	0.479	1.280	274	0.500	1.250	98	0.625	0.625	
158	33	-19	4	2	1	0	454	0.250	0.250	427	0.375	1.250	60	0.375	1.250	8	0.479	1.500	310	0.500	0.500	
159	24	-13	4	-1	-1	10	491	0.479	1.155	308	0.500	1.000	181	0.604	1.405	180	0.750	0.750	295	0.854	1.464	
160	31	-15	4	1	-1	0	289	0.479	1.280	338	0.500	0.500	97	0.530	0.530	348	0.625	0.625	49	0.625	0.625	
161	28	-1	4	2	-1	0	244	0.250	0.250	366	0.559	1.589	270	0.625	1.250	91	0.729	1.714	154	0.750	1.000	
162	24	-15	4	0	1	0	220	0.250	1.125	307	0.500	1.250	491	0.604	1.375	411	0.625	0.625	373	0.750	1.125	
163	25	0	4	-1	2	0	480	0.500	0.500	315	0.500	0.500	206	0.625	0.625	337	0.750	1.125	479	0.875	0.625	
164	31	-4	4	1	-2	2	57	0.500	0.500	456	0.500	0.500	135	0.625	0.625	51	0.750	0.625	368	0.750	0.750	
165	32	-18	4	0	-1	4	454	0.604	1.375	269	0.625	0.625	230	0.729	1.714	248	0.750	0.905	177	0.750	1.125	
166	32	-10	4	1	2	0	381	0.479	1.280	109	0.500	1.375	35	0.500	0.875	82	0.500	1.125	486	0.500	1.125	
167	32	-8	4	2	-1	0	55	0.375	0.375	409	0.500	1.125	63	0.559	1.589	35	0.625	0.625	406	0.655	0.655	
168	31	-17	4	-1	-2	2	133	0.250	0.250	108	0.500	0.500	165	0.750	0.905	222	0.780	0.750	137	0.875	1.125	
169	27	-11	4	-1	1	0	98	0.625	0.625	130	0.750	0.750	72	0.854	1.155	385	1.000	0.655	68	1.000	1.000	
170	20	-14	4	1	-1	13	386	0.500	0.875	75	0.625	0.625	382	0.854	1.155	333	0.875	1.030	234	0.964	0.964	
171	32	-10	4	1	-1	0	376	0.250	0.250	21	0.354	1.405	474	0.530	0.530	339	0.530	0.530	429	0.604	1.714	
172	28	-15	4	1	1	0	435	0.500	0.875	13	0.530	0.530	200	0.625	0.750	47	0.655	0.655	262	0.750	0.750	
173	27	-4	4	-1	1	0	70	0.604	1.589	23	0.780	0.625	229	0.875	0.875	479	0.913	2.229	256	0.934	1.339	
174	28	-4	4	-1	-1	3	5	0.375	0.375	139	0.479	1.155	173	0.500	1.375	146	0.500	0.500	23	0.625	0.625	
175	31	-8	4	2	-1	0	0	0.125	0.125	131	0.375	0.375	167	0.500	1.125	497	0.604	1.375	55	0.625	0.750	
176	22	-1	4	-2	-1	26	442	0.500	1.125	371	0.625	0.625	41	0.625	0.750	156	0.729	1.589	188	0.729	1.604	
177	33	-18	4	1	1	0	325	0.479	1.155	483	0.500	0.500	360	0.604	1.155	137	0.655	0.655	8	0.750	0.750	
178	34	-1	4	-1	0	6	7	0.250	0.250	224	0.375	1.375	104	0.625	1.030	276	0.875	1.339	460	0.875	0.875	
179	34	-25	4	-1	0	39	32	0.125	0.125	116	0.250	0.250	121	0.250	0.250	284	0.500	0.500	233	0.750	0.875	
180	24	-13	4	1	0	0	214	0.125	0.125	194	0.729	1.375	159	0.750	0.750	13	0.854	1.875	151	0.854	1.589	
181	23	-14	4	-2	-1	16	491	0.250	0.250	329	0.479	1.405	295	0.500	1.125	219	0.625	0.625	411	0.750	0.750	
182	32	-13	4	0	-1	1	268	0.250	0.250	416	0.250	1.250	205	0.500	0.500	96	0.604	1.375	459	0.625	0.625	
183	21	-2	4	-1	-1	6	273	0.375	0.375	452	0.375	0.375	263	0.530	0.530	218	0.604	1.530	124	0.780	0.625	
184	32	-12	4	1	0	0	54	0.250	1.125	496	0.375	1.375	475	0.625	0.625	367	0.625	0.625	48	0.729	1.714	
185	32	-11	4	-2	1	0	378	0.125	0.125	433	0.250	0.250	9	0.500	0.500	241	0.500	1.125	282	0.625	0.750	
186	30	-4	4	-1	0	9	135	0.375	0.375	57	0.500	0.500	290	0.604	1.250	322	0.625	0.625	95	0.625	0.625	
187	34	-7	4	1	2	0	414	0.625	0.750	423	0.625	0.875	281	0.684	1.714	143	0.750	1.125	66	0.875	0.875	
188	20	0	4	-1	2	0	156	0.250	0.250	140	0.375	0.375	138	0.625	0.625	299	0.750	0.750	375	0.750	0.750	
189	33	-4	4	-1	0	0	368	0.250	1.125	134	0.375	0.375	148	0.625	0.625	77	0.750	0.625	346	0.750	0.905	
190	34	-3	4	2	1	1	93	0.250	0.250	370	0.625	0.750	334	0.625	0.625	1	0.729	1.604	142	0.750	0.625	
191	35	-23	4	1	1	0	494	0.375	0.375	221	0.750	1.250	332	0.854	1.250	359	0.875	0.500	294	0.979	1.479	
192	32	-3	4	2	1	0	87	0.500	0.875	306	0.625	1.250	18	0.625	0.750	370	0.729	1.714	110	0.750	0.905	
193	26	-1	4	-1	-2	8	400	0.375	1.250	275	0.479	1.280	396	0.500	0.875	70	0.729	1.714	422	0.729	1.589	
194	25	-14	4	1	-2	0	373	0.375	1.000	383	0.479	1.375	151	0.500	0.500	308	0.625	0.625	159	0.905	0.854	
195	34	-4	4	1	-1	0	198	0.375	0.375	142	0.500	0.500	258	0.500	0.875	190	0.750	0.750	134	0.750	0.750	
196	33	-1	4	1	2	2	353	0.500	0.875	437	0.500	0.500	292	0.500	1.125	224	0.625	0.625	370	0.655	0.655	
197	28	-11	4	-1	2	0	72	0.500	1.125	126	0.750	0.750	169	0.750	0.750	317	0.750	1.155	31	1.000	1.125	
198	34	-4	4	-1	-2	3	195	0.375	0.375	258	0.500	1.250	134	0.625	0.625	148	0.625	0.625	189	0.750	1.000	
199	35	-3	4	-1	0	6	59	0.375	0.375	226	0.500	0.500	272	0.500	0.500	198	0.604	1.375	189	0.604	1.589	
200	29	-15	4	1	2	0	435	0.125	0.125	73	0.750	0.750	172	0.750	0.625	443	0.750	1.125	237	0.780	0.780	
201	33	-12	4	0	1	0	496	0.500	0.500	413	0.500	1.250	185	0.604	1.375	433	0.625	1.155	225	0.625	0.625	
202	34	-10	4	-1	-2	4	415	0.125	0.125	37	0.375	1.000	379	0.625	0.625	185	0.729	1.604	245	0.750	0.655	
203	24	-16	4	1	1	0	441	0.250	0.250	383	0.604	2.000	162	0.625	1.125	219	0.854	1.155	373	0.875	1.030	
204	23	0	4	1	-1	0	45	0.125	0.125	242	0.604	1.530	345	0.625	0.625	480	0.750	1.125	448	0.750	0.750	
205	31	-13	4	1	-2	0	271	0.375	0.375	387	0.375	1.250	212	0.375	1.000	416	0.479	1.280	96	0.500	1.125	
206	26	0	4	1	2	0	315	0.125	0.125	356	0.375	0.375	163	0.625	0.625	88	0.750	1.000	480	0.875	0.875	
207	30	-6	4	1	-1	0	302	0.125	0.125	398	0.479	1.280	313	0.500	0.875	67	0.625	0.625	56	0.625	0.625	
208	28	-9	4	-1	0	0	94	0.125	0.125	318	0.250	0.250	125	0.625	0.625	352	0.750	0.750	169	1.000	1.155	
209	32	-8	4	-1	0	0	117	0.250	1.125	82	0.500	0.500	55	0.500	0.500	466	0.625	0.625	109	0.750	0.625	
210	33	-6	4	2	1	0	470	0.250	0.250	414	0.375	1.250	327	0.500	0.500	120	0.604	1.375	311	0.625	0.625	
211	31	-1	4	1	0	0	374	0.375	0.375	330	0.500	0.500	236	0.500	0.500	465	0.604	1.839	227	0.750	0.750	
212	31	-14	4	1	-1	0	2	0.354	1.405	160	0.500	0.875	387	0.500	0.500	268	0.530	0.530	49	0.625	1.250	
213	29	-4	4	1	-2	0	141	0.125	0.125	464	0.500	0.500	57	0.500	0.500	5	0.625	0.625	135	0.625	0.625	
214	24	-13	4	2	1	0	180	0.125	0.125	151	0.729	1.479	194	0.875	1.280	277	1.059	2.082	76	1.082	1.729	
215	32	-14	4	1	2	0	475	0.375	1.000	74	0.500	1.375	459	0.500	1.125	201	0.684	1.714	416	0.750	0.750	
216	34	-23	4	-2	-1	0	27	0.250	0.250	332	0.500	0.500	478	0.750	0.625	444	0.750	1.250	50	0.875	0.875	
217	24	-4	4	-1	0	4	390	0.250	0.250	14	0.375	0.375	335	0.500	1.000	468	0.750	1.375	115	0.875	0.750	
218	20	-3	4	-1	-1	5	462	0.500	1.375	375	1.000	1.000	46	1.030	0.750	328	1.125	1.030	452	1.155	0.729	
219	23	-15	4	-2	1	16	411	0.125	0.125	372	0.375	1.125	278	0.500	1.000	329	0.500	1.250	295	0.604	1.500	
220	24	-14	4	-1	1	0	307	0.125	0.125	491	0.500	1.000	411	0.530	0.530	181	0.625	1.250	308	0.625	0.625	
221	35	-22	4	-2	1	2	34	0.375	0.375	478	0.500	1.250	304	0.604	1.500	266	0.625	0.625	294	0.750	1.280	
222	30	-16	4	-1	-2	2	97	0.375	0.375	132	0.500	0.500	336	0.625	0.625	237	0.750	0.750	223	0.780	0.750	
223	29	-15	4	-1	-2	0	467	0.250	0.250	336	0.839	0.839	443	0.875	0.625	435	0.875	0.875	29	0.875	0.875	
224	33	-1	4	-1	0	0	243	0.250	1.250	104	0.375	0.375	292	0.500	0.500	196	0.625	0.625	276	0.625	0.780	
225	34	-12	4	-1	1	0	413	0.354	1.405	429	0.625	1.250	378	0.729	1.839	389	0.750	0.750	48	0.750	1.250	
226	35	-4	4	-2	-1	7	114	0.375	0.375	198	0.500	0.875	199	0.500	0.500	344	0.625	0.625	438	0.625	0.625	
227	31	-1	4	-1	1	0	374	0.375	0.375	105	0.500	0.875	211	0.750	0.750	19	0.934	1.479	347	0.964	0.964	
228	28	-2	4	1	1	0	231	0.500	1.375	457	0.625	0.625	309	0.729	1.030	161	0.750	0.750	154	0.750	0.750	
229	27	-4	4	1	-2	0	5	0.625	0.625	103	0.729	1.589	12	0.729	1.604	146	0.750	0.750	324	0.750	0.750	
230	33	-20	4	2	-1	0	310	0.125	0.125	71	0.375	0.375	420	0.500	1.250	454	0.625	0.625	158	0.625	0.625	
231	28	-1	4	-1	1	0	434	0.354	1.280	457	0.780	0.625	244	0.875	0.875	161	0.875	0.875	88	0.979	1.125	
232	31	-2	4	0	1	0	38	0.125	0.125	374	0.250	1.250	227	0.250	1.125	236	0.375	0.375	330	0.625	0.625	
233	34	-24	4	0	1	7	27	0.375	1.000	359	0.375	1.125	286	0.500	1.000	216	0.625	1.000	494	0.729	1.375	
234	22	-13	4	1	-2	0	449	0.625	0.625	386	0.750	0.655	252	0.750	0.750	447	0.750	1.000	90	0.854	1.604	
235	35	-21	4	1	-2	2	34	0.375	1.250	266	0.500	0.500	216	0.854	1.604	294	0.875	1.125	444	1.104	1.750	
236	31	-2	4	2	1	0	38	0.250	0.250	330	0.250	0.250	395	0.375	0.375	232	0.375	0.375	211	0.500	0.500	
237	30	-16	4	2	1	0	97	0.375	0.375	298	0.375	1.125	348	0.479	1.500	132	0.625	1.000	58	0.625	0.875	
238	20	-13	4	0	-1	3	170	0.375	1.125	75	0.500	0.500	251	0.625	0.625	386	0.625	1.280	382	0.875	1.125	
239	34	-15	4	-2	-1	4	369	0.604	1.375	393	0.625	0.750	279	0.625	0.625	153	0.750	0.750	259	0.750	1.250	
240	30	-3	4	2	-1	0	136	0.375	0.375	53	0.375	1.250	164	0.479	1.500	417	0.500	1.125	366	0.625	0.625	
241	31	-11	4	-2	1	1	282	0.375	0.375	81	0.479	1.280	342	0.500	1.125	471	0.625	1.625	22	0.729	1.604	
242	24	-1	4	1	-1	0	357	0.500	0.875	275	0.604	1.155	99	0.604	1.714	422	0.625	1.250	428	0.655	0.655	
243	32	-1	4	-2	1	2	227	0.375	1.000	276	0.750	0.750	374	0.750	0.875	306	0.750	0.625	292	0.780	0.750	
244	28	-1	4	1	-2	0	161	0.250	0.250	154	0.375	1.250	270	0.375	1.250	366	0.854	1.604	231	0.875	0.875	
245	35	-11	4	-1	-1	0	389	0.479	1.280	202	0.655	0.655	415	0.780	0.625	249	0.875	1.030	225	0.875	1.030	
246	33	-10	4	-1	2	1	109	0.479	1.280	477	0.500	0.875	381	0.500	1.375	82	0.604	1.500	166	0.625	0.625	
247	34	-8	4	-1	-1	0	4	0.250	0.250	17	0.250	0.250	477	0.479	1.155	82	0.604	1.714	380	0.625	0.625	
248	33	-19	4	-1	-2	0	71	0.375	1.250	230	0.500	1.125	454	0.500	0.500	408	0.625	0.750	310	0.625	1.000	
249	34	-12	4	1	-1	0	118	0.125	0.125	389	0.250	0.250	429	0.750	0.750	225	1.000	1.000	446	1.009	1.000	
250	21	0	4	-1	0	9	83	0.125	0.125	156	0.250	1.250	453	0.375	0.375	140	0.375	1.375	188	0.500	1.000	
251	20	-13	4	-2	1	0	75	0.875	0.875	382	0.875	0.875	79	0.875	0.625	238	1.000	0.625	90	1.089	1.059	
252	23	-13	4	1	-1	0	449	0.125	0.125	447	0.250	0.250	308	0.604	1.155	214	0.625	1.250	181	0.750	1.250	
253	35	-18	4	1	0	0	436	0.250	0.250	424	0.375	0.375	42	0.500	0.500	26	0.750	0.750	60	0.780	0.780	
254	30	-14	4	-1	-1	0	343	0.125	0.125	223	0.354	1.405	467	0.479	1.405	443	0.500	1.000	29	0.604	1.714	
255	31	-12	4	-1	1	0	342	0.479	1.405	471	0.604	1.589	282	0.625	1.125	185	0.655	0.655	241	0.750	0.750	
256	25	-5	4	-1	0	6	288	0.375	0.375	321	0.625	0.625	335	0.684	1.714	450	0.750	0.625	14	0.750	0.905	
257	20	0	4	2	-1	0	299	0.375	1.250	69	0.500	0.500	138	0.500	1.125	41	0.604	1.375	124	0.750	1.000	
258	34	-5	4	1	-1	0	143	0.625	1.250	120	0.750	0.750	414	0.750	0.625	438	0.854	1.250	281	0.875	1.125	
259	34	-16	4	2	-1	0	64	0.500	1.375	325	0.625	0.625	153	0.625	0.625	26	0.729	1.479	436	0.729	1.464	
260	34	-24	4	-1	-2	0	444	0.375	0.375	121	0.375	1.000	284	0.500	1.250	179	0.625	0.750	32	0.750	0.875	
261	35	-6	4	-1	-1	0	377	0.375	0.375	143	0.500	1.000	344	0.750	0.625	4	0.854	1.839	55	0.957	2.104	
262	27	-15	4	-1	2	0	305	0.375	0.375	13	0.500	1.250	106	0.604	1.500	47	0.625	1.125	482	0.750	0.750	
263	22	-3	4	-1	-1	1	112	0.500	0.875	340	0.500	1.250	183	0.530	0.530	46	0.604	1.714	371	0.750	0.750	
264	35	-20	4	-2	1	1	297	0.250	0.250	301	0.500	0.500	266	0.625	0.625	119	0.625	1.000	364	0.625	1.250	
265	32	-6	4	-2	-1	9	398	0.604	1.375	67	0.625	0.750	439	0.750	0.750	466	0.750	0.750	456	0.839	0.839	
266	35	-21	4	-2	-1	0	304	0.500	1.125	235	0.500	0.500	294	0.500	1.375	394	0.625	1.750	221	0.625	0.625	
267	29	-14	4	-1	-1	0	443	0.125	0.125	29	0.479	1.405	223	0.500	1.000	305	0.729	1.839	467	0.750	0.750	
268	32	-13	4	1	-1	0	182	0.250	0.250	475	0.500	0.500	212	0.530	0.530	54	0.530	0.530	184	0.625	0.625	
269	32	-18	4	2	1	0	481	0.250	0.250	177	0.375	1.000	325	0.559	1.589	283	0.625	1.625	137	0.625	0.625	
270	28	-2	4	-1	-1	2	154	0.250	0.250	229	0.729	1.714	23	0.750	0.625	457	0.750	1.125	141	0.854	1.589	
271	31	-13	4	-1	-1	0	205	0.375	0.375	343	0.479	1.405	387	0.500	0.875	212	0.500	1.375	484	0.500	1.000	
272	35	-3	4	0	-1	2	59	0.125	0.125	226	0.375	1.000	334	0.375	0.375	195	0.625	0.780	344	0.625	1.375	
273	21	-2	4	-2	1	0	183	0.375	0.375	489	0.500	0.500	340	0.625	0.625	442	0.625	0.875	375	0.750	1.155	
274	27	-14	4	1	-2	0	47	0.500	0.500	151	0.500	0.500	13	0.625	0.625	76	0.625	1.250	492	0.839	0.839	
275	25	-2	4	-1	-2	9	70	0.375	1.000	10	0.500	0.500	400	0.500	0.500	357	0.750	0.750	419	0.750	0.875	
276	32	0	4	-1	-1	0	39	0.250	0.250	105	0.729	1.589	451	0.750	0.750	224	0.780	0.625	395	0.854	1.589	
277	27	-12	4	1	0	0	25	0.500	1.000	323	0.729	1.589	126	0.729	1.839	312	0.729	1.250	492	0.729	1.714	
278	22	-15	4	-1	1	11	372	0.125	0.125	329	0.500	0.500	295	0.500	1.000	388	0.604	1.405	90	0.625	1.250	
279	34	-14	4	-2	1	0	404	0.375	1.000	102	0.500	0.500	239	0.625	0.625	401	0.729	1.464	421	0.750	0.750	
280	34	-8	4	1	2	0	380	0.250	0.250	187	0.500	1.125	423	0.604	1.500	409	0.625	0.625	425	0.625	1.250	
281	35	-5	4	0	1	0	114	0.250	1.125	438	0.250	1.375	120	0.375	0.375	142	0.625	0.780	226	0.625	1.000	
282	31	-11	4	0	1	0	241	0.375	0.375	433	0.500	0.500	81	0.604	1.375	35	0.729	1.714	185	0.750	0.625	
283	34	-18	4	1	-1	0	60	0.500	0.875	8	0.625	0.625	436	0.625	0.875	358	0.625	1.250	253	0.625	1.125	
284	34	-25	4	0	-1	0	121	0.250	0.250	179	0.500	0.500	32	0.625	0.625	116	0.750	0.750	410	0.780	0.780	
285	35	-1	4	-1	-1	1	460	0.479	1.280	365	0.500	0.500	104	0.604	1.839	1	0.625	0.625	178	0.625	1.125	
286	34	-23	4	2	1	0	50	0.125	0.125	359	0.125	0.125	191	0.375	1.000	494	0.500	1.375	444	0.750	0.750	
287	35	-1	4	1	1	0	1	0.375	0.375	365	0.500	0.500	122	0.750	1.250	178	1.125	1.125	196	1.125	0.875	
288	25	-5	4	-1	-2	6	256	0.375	0.375	461	0.750	0.750	28	0.750	1.155	113	0.750	0.905	14	0.780	0.750	
289	32	-16	4	0	-1	0	369	0.375	0.375	108	0.375	1.375	132	0.375	0.375	336	0.500	0.500	168	0.625	1.155	
290	29	-3	4	0	1	0	347	0.500	1.250	231	0.604	1.839	136	0.625	0.625	322	0.625	0.625	228	0.625	0.780	
291	34	-9	4	-1	1	0	380	0.500	1.000	409	0.604	1.155	17	0.625	0.625	63	0.625	0.625	128	0.625	0.625	
292	33	0	4	-2	1	0	276	0.375	1.250	224	0.500	0.500	451	0.750	0.750	353	0.750	0.750	397	0.750	0.875	
293	23	-4	4	2	1	0	476	0.375	1.125	335	0.500	0.500	3	0.500	0.500	14	0.750	1.125	461	0.854	1.339	
294	34	-21	4	-2	1	2	304	0.250	0.250	394	0.375	1.125	408	0.479	1.155	364	0.500	0.500	440	0.500	1.000	
295	22	-14	4	-1	2	0	388	0.625	0.875	251	0.729	1.589	79	0.750	1.280	382	0.875	1.030	252	0.875	1.125	
296	22	-3	4	1	2	0	36	0.375	1.250	371	0.500	1.125	428	0.604	1.280	357	0.729	1.479	403	0.750	0.875	
297	35	-20	4	-1	2	3	264	0.250	0.250	487	0.375	1.000	8	0.559	1.589	301	0.625	0.750	364	0.750	1.000	
298	31	-16	4	2	1	0	58	0.250	0.250	363	0.375	1.000	61	0.604	1.375	289	0.625	1.000	348	0.625	0.875	
299	21	0	4	1	1	0	138	0.125	0.125	83	0.625	0.625	188	0.750	0.750	453	0.875	0.875	156	1.000	1.000	
300	28	-8	4	2	-1	0	85	0.604	1.500	125	0.625	0.875	352	0.750	0.750	318	0.750	1.250	445	0.854	1.479	
301	35	-19	4	-1	0	0	487	0.250	0.250	264	0.500	0.500	358	0.500	1.250	71	0.604	1.589	408	0.604	1.589	
302	30	-6	4	2	-1	0	207	0.125	0.125	398	0.604	1.375	67	0.625	0.750	313	0.750	0.750	56	0.750	0.750	
303	26	-1	4	1	2	0	152	0.125	0.125	315	0.375	1.250	88	0.479	1.375	30	0.500	0.500	206	0.500	1.125	
304	34	-21	4	-1	2	1	294	0.250	0.250	420	0.500	1.250	408	0.604	1.375	394	0.625	0.875	364	0.750	0.750	
305	27	-15	4	-1	0	0	262	0.375	0.375	482	0.375	1.125	106	0.625	1.155	68	0.750	0.750	13	0.875	1.125	
306	32	-2	4	-1	1	0	374	0.604	1.155	227	0.604	1.530	243	0.750	0.750	232	0.750	0.625	224	0.780	0.625	
307	24	-14	4	-1	2	0	220	0.125	0.125	214	0.500	1.125	491	0.625	0.875	411	0.655	0.655	181	0.750	1.125	
308	24	-14	4	-1	-2	3	219	0.604	1.280	194	0.625	0.625	181	0.625	0.875	220	0.625	0.625	372	0.729	1.604	
309	29	-1	4	-1	1	0	473	0.125	0.125	231	0.500	0.875	154	0.854	1.250	434	0.854	1.839	270	0.875	1.030	
310	33	-20	4	1	0	0	230	0.125	0.125	472	0.375	1.375	420	0.375	1.125	119	0.500	0.875	454	0.500	0.500	
311	33	-7	4	2	-1	0	327	0.125	0.125	187	0.500	1.125	4	0.604	1.375	210	0.625	0.625	101	0.684	1.714	
312	28	-13	4	0	-1	1	485	0.500	0.500	492	0.500	0.500	76	0.604	1.589	157	0.625	0.625	267	0.625	0.780	
313	30	-7	4	1	-1	0	0	0.354	1.280	175	0.479	1.405	167	0.604	1.714	398	0.625	0.625	67	0.780	0.625	
314	30	-6	4	-2	1	0	6	0.500	1.375	498	0.729	1.604	493	0.750	0.875	147	0.854	1.250	313	0.875	1.125	
315	26	0	4	0	1	1	206	0.125	0.125	356	0.500	0.500	163	0.500	0.500	480	0.750	0.750	88	0.875	0.875	
316	29	-9	4	-2	-1	7	85	0.500	0.500	318	0.500	1.000	94	0.500	1.375	208	0.625	1.250	33	0.979	1.214	
317	29	-10	4	1	1	0	65	0.250	0.250	323	0.625	0.625	406	0.729	1.589	31	0.750	0.750	94	0.854	1.155	
318	28	-9	4	-1	-1	0	208	0.250	0.250	94	0.375	0.375	125	0.375	0.375	352	0.500	0.500	85	0.750	0.750	
319	30	-14	4	-1	2	0	129	0.500	1.125	343	0.500	0.500	326	0.500	1.375	254	0.625	0.625	267	0.625	1.250	
320	34	-4	4	-1	2	1	142	0.375	0.375	18	0.479	1.155	438	0.500	0.500	190	0.625	1.125	189	0.750	1.000	
321	25	-5	4	1	2	1	461	0.250	0.250	115	0.375	1.250	490	0.479	1.500	341	0.479	1.280	256	0.625	0.625	
322	30	-3	4	-1	1	0	347	0.354	1.405	136	0.500	0.500	270	0.604	1.589	186	0.625	0.625	366	0.625	1.250	
323	29	-11	4	1	0	0	31	0.125	0.125	126	0.250	0.250	62	0.250	1.125	317	0.625	0.625	471	0.750	0.750	
324	27	-3	4	1	0	0	5	0.604	1.375	141	0.604	1.839	228	0.625	1.280	146	0.729	1.280	213	0.729	1.714	
325	34	-17	4	2	-1	0	253	0.479	1.155	436	0.479	1.405	42	0.500	1.375	424	0.604	1.500	259	0.625	0.625	
326	30	-13	4	1	2	0	129	0.250	0.250	282	0.684	1.714	484	0.750	0.750	205	0.750	1.250	255	0.750	0.905	
327	33	-7	4	1	0	0	311	0.125	0.125	187	0.500	1.000	210	0.500	0.500	4	0.604	1.250	101	0.604	1.589	
328	21	-4	4	1	-1	0	418	0.250	0.250	412	0.625	0.625	3	0.854	1.339	403	0.964	0.964	296	0.979	1.155	
329	22	-15	4	-1	-1	3	372	0.375	0.375	278	0.500	0.500	90	0.625	1.000	499	0.750	1.125	388	0.875	0.905	
330	31	-2	4	2	-1	0	395	0.125	0.125	236	0.250	0.250	38	0.500	0.500	211	0.500	0.500	465	0.625	1.375	
331	35	-17	4	-2	1	1	11	0.250	0.250	360	0.625	0.875	26	0.750	0.750	42	0.750	0.750	64	0.875	1.250	
332	34	-22	4	-1	0	0	478	0.250	0.250	216	0.500	0.500	294	0.500	0.500	27	0.500	0.500	394	0.625	1.155	
333	21	-15	4	1	1	0	499	0.250	0.250	295	0.604	1.155	388	0.625	1.250	278	0.875	0.875	251	0.979	1.479	
334	34	-3	4	0	-1	0	272	0.375	0.375	93	0.375	0.375	195	0.375	1.125	77	0.500	0.500	198	0.500	1.250	
335	23	-4	4	-1	2	0	293	0.500	0.500	468	0.625	0.625	426	0.729	1.375	340	0.729	1.589	390	0.750	0.625	
336	31	-16	4	-1	-2	0	132	0.125	0.125	168	0.375	1.125	289	0.500	0.500	133	0.500	1.375	222	0.625	0.625	
337	24	0	4	-2	-1	24	448	0.500	0.500	242	0.625	1.250	45	0.750	0.875	362	0.854	1.604	430	0.875	1.030	
338	31	-15	4	1	1	0	348	0.125	0.125	215	0.354	1.405	160	0.500	0.500	363	0.530	0.530	74	0.729	1.714	
339	33	-9	4	1	-1	0	415	0.479	1.280	171	0.530	0.530	202	0.604	1.155	63	0.625	1.250	381	0.625	0.625	
340	21	-3	4	-2	1	2	218	0.375	1.250	273	0.625	0.625	489	0.625	1.125	183	0.750	0.750	371	0.780	0.750	
341	26	-4	4	1	2	0	490	0.250	0.250	324	0.479	1.375	115	0.500	0.500	457	0.684	1.714	173	0.750	0.750	
342	30	-11	4	-2	1	1	471	0.375	1.250	65	0.604	1.375	33	0.625	0.625	81	0.625	0.625	145	0.729	1.479	
343	30	-14	4	-2	-1	15	254	0.125	0.125	267	0.375	1.000	223	0.479	1.500	467	0.479	1.280	443	0.500	1.125	
344	35	-5	4	-2	-1	7	226	0.625	0.625	377	0.625	0.625	281	0.625	0.625	143	0.750	1.280	261	0.750	0.750	
345	22	0	4	0	-1	0	349	0.125	0.125	176	0.375	1.000	453	0.500	0.500	45	0.500	0.500	183	0.604	1.839	
346	32	-3	4	-1	-2	6	368	0.375	1.000	456	0.604	1.500	77	0.625	0.625	198	0.839	0.839	164	0.875	1.030	
347	29	-2	4	-1	2	0	309	0.375	1.000	473	0.500	0.875	270	0.625	1.250	228	0.750	0.750	19	0.750	0.750	
348	31	-15	4	1	2	0	338	0.125	0.125	215	0.479	1.280	61	0.500	0.500	74	0.559	1.589	160	0.625	0.625	
349	22	0	4	1	-2	0	345	0.125	0.125	176	0.500	1.125	453	0.625	0.625	45	0.625	0.625	41	0.750	0.905	
350	33	-6	4	-1	1	0	470	0.375	0.375	265	0.500	1.250	210	0.625	0.625	402	0.625	1.250	439	0.750	0.750	
351	31	-7	4	-1	2	0	445	0.500	0.500	66	0.500	0.500	314	0.604	1.500	6	0.729	1.604	398	0.875	0.875	
352	28	-9	4	1	-1	0	125	0.125	0.125	318	0.500	0.500	85	0.750	0.750	300	0.750	0.625	72	0.750	0.750	
353	33	0	4	2	1	0	451	0.500	0.500	437	0.625	0.625	292	0.750	0.750	397	0.875	0.625	196	0.875	0.500	
354	28	0	4	0	-1	0	244	0.250	1.250	399	0.375	0.375	161	0.500	1.000	384	0.750	0.625	361	0.750	0.750	
355	28	-12	4	-1	-2	0	145	0.125	0.125	157	0.479	1.405	68	0.479	1.375	22	0.625	0.625	130	0.625	0.875	
356	26	0	4	1	0	0	88	0.375	1.375	206	0.375	0.375	315	0.500	0.500	384	0.500	1.250	152	0.625	0.625	
357	24	-2	4	1	-1	0	10	0.250	0.250	16	0.625	1.250	426	0.625	0.625	422	0.625	0.625	450	0.729	1.714	
358	34	-19	4	-2	-1	3	364	0.500	0.500	248	0.500	0.875	71	0.604	1.375	60	0.625	0.625	43	0.729	1.464	
359	34	-23	4	1	1	0	286	0.125	0.125	50	0.250	0.250	494	0.500	1.250	27	0.625	0.625	332	0.750	1.125	
360	34	-17	4	-1	2	1	11	0.625	0.625	483	0.655	0.655	325	0.750	0.750	259	0.875	1.125	331	0.875	0.500	
361	30	0	4	0	-1	0	391	0.250	0.250	211	0.604	1.250	330	0.729	1.714	19	0.729	1.714	354	0.750	0.750	
362	23	-2	4	1	-2	0	428	0.250	0.250	426	0.479	1.375	10	0.500	0.500	14	0.559	1.589	3	0.625	0.750	
363	32	-16	4	1	1	0	338	0.530	0.530	153	0.729	1.714	401	0.750	1.125	289	0.750	0.750	61	0.750	1.125	
364	34	-20	4	-1	0	1	408	0.375	1.375	119	0.500	0.500	358	0.500	0.500	294	0.500	0.500	440	0.625	0.780	
365	35	-1	4	-1	1	1	1	0.125	0.125	285	0.500	0.500	122	0.500	1.000	287	0.500	0.500	178	0.625	1.125	
366	30	-2	4	2	1	0	91	0.375	0.375	395	0.375	1.250	374	0.479	1.500	330	0.500	1.375	38	0.500	0.875	
367	32	-12	4	-1	-2	3	182	0.375	1.250	9	0.375	0.375	268	0.375	1.250	255	0.625	1.250	212	0.684	1.464	
368	32	-4	4	-1	-1	3	456	0.500	1.000	164	0.750	0.750	148	0.750	0.750	67	0.854	1.839	322	0.854	1.589	
369	33	-16	4	0	-1	0	24	0.250	1.250	289	0.375	0.375	43	0.604	1.589	165	0.604	1.589	108	0.625	1.030	
370	34	-2	4	1	1	0	287	0.479	1.530	1	0.604	1.155	122	0.729	1.714	93	0.750	0.750	460	0.750	0.750	
371	22	-2	4	-2	1	2	183	0.375	1.250	36	0.375	0.375	442	0.479	1.500	273	0.500	1.125	176	0.625	0.625	
372	22	-15	4	-2	1	0	278	0.125	0.125	329	0.375	0.375	388	0.479	1.280	90	0.500	1.375	295	0.625	0.875	
373	25	-15	4	1	-1	2	383	0.500	1.125	151	0.780	0.625	47	0.854	1.464	274	0.964	0.964	13	0.979	1.589	
374	31	-1	4	1	2	0	227	0.375	0.375	211	0.375	0.375	397	0.479	1.280	353	0.729	1.589	469	0.875	0.500	
375	20	-1	4	-1	0	1	140	0.375	0.375	156	0.500	0.500	124	0.500	0.500	188	0.750	0.750	183	0.780	0.780	
376	32	-10	4	0	-1	1	171	0.250	0.250	379	0.500	0.500	92	0.625	0.625	474	0.625	0.780	155	0.750	0.750	
377	35	-6	4	-2	1	0	261	0.375	0.375	120	0.479	1.375	143	0.500	1.375	344	0.625	0.625	320	0.729	1.589	
378	32	-11	4	-1	0	0	185	0.125	0.125	241	0.250	1.250	9	0.375	0.375	433	0.375	0.375	255	0.625	0.780	
379	33	-10	4	1	-2	0	376	0.500	0.500	21	0.500	1.125	415	0.500	0.500	429	0.604	1.280	202	0.625	0.625	
380	34	-8	4	-1	2	1	280	0.250	0.250	187	0.375	1.375	17	0.375	0.375	247	0.625	0.625	409	0.625	0.625	
381	33	-9	4	1	2	0	280	0.479	1.280	477	0.500	0.500	409	0.500	1.125	109	0.625	0.625	486	0.625	0.625	
382	21	-13	4	1	2	0	79	0.250	0.250	234	0.750	1.250	252	0.875	1.479	449	1.000	1.354	75	1.000	0.375	
383	26	-15	4	1	0	0	76	0.500	0.875	172	0.625	1.500	47	0.625	1.155	482	0.750	0.750	13	0.854	1.280	
384	27	0	4	2	-1	0	88	0.125	0.125	399	0.375	0.375	244	0.479	1.500	161	0.479	1.280	354	0.625	0.750	
385	26	-12	4	-2	1	0	169	0.655	0.655	488	0.875	0.750	157	0.905	0.854	159	0.934	1.714	194	0.979	1.354	
386	21	-14	4	1	-1	0	90	0.625	1.250	234	0.655	0.655	447	0.854	1.339	329	0.875	1.030	388	0.875	0.875	
387	31	-14	4	-1	-1	0	96	0.125	0.125	20	0.479	1.155	212	0.500	0.500	160	0.500	1.375	343	0.500	1.000	
388	21	-14	4	-2	1	0	251	0.479	1.280	382	0.625	1.125	90	0.625	0.625	386	0.875	0.875	79	0.875	0.875	
389	34	-12	4	0	-1	1	249	0.250	0.250	118	0.375	0.375	54	0.625	0.625	392	0.729	1.714	225	0.750	0.750	
390	24	-4	4	-1	1	0	217	0.250	0.250	115	0.625	0.625	476	0.625	0.625	335	0.625	0.750	14	0.625	0.625	
391	30	0	4	1	-1	0	361	0.250	0.250	211	0.354	1.280	469	0.750	0.750	346	0.913	1.979	244	0.964	0.964	
392	35	-14	4	2	-1	0	123	0.375	0.375	405	0.750	0.750	153	0.780	0.750	259	0.839	0.839	421	0.875	0.625	
393	33	-15	4	0	-1	0	369	0.375	1.375	2	0.500	0.500	108	0.604	1.589	325	0.729	1.714	153	0.750	0.750	
394	33	-21	4	-2	1	0	440	0.125	0.125	408	0.500	0.500	304	0.875	0.625	478	0.905	0.854	364	0.905	0.625	
395	31	-2	4	1	-1	0	330	0.125	0.125	236	0.375	0.375	192	0.479	1.155	346	0.604	1.155	211	0.625	0.625	
396	26	-2	4	-2	-1	20	400	0.375	0.375	275	0.500	0.875	16	0.750	1.125	193	0.875	0.500	419	0.875	1.030	
397	32	0	4	1	2	0	353	0.625	0.875	451	0.750	1.250	196	0.780	0.750	276	0.875	0.875	292	0.875	0.750	
398	31	-7	4	0	-1	1	117	0.250	1.125	175	0.500	1.000	100	0.500	0.500	313	0.625	0.625	466	0.625	0.625	
399	27	0	4	0	-1	1	354	0.375	0.375	384	0.375	0.375	88	0.500	0.500	434	0.500	0.500	400	0.604	1.589	
400	26	-2	4	0	-1	0	396	0.375	0.375	275	0.500	0.500	324	0.604	1.250	99	0.625	0.625	450	0.729	1.714	
401	32	-15	4	-1	0	0	61	0.500	0.500	49	0.500	1.250	336	0.604	1.375	2	0.625	0.625	387	0.625	0.780	
402	33	-5	4	2	1	0	258	0.375	1.250	110	0.500	0.500	210	0.625	0.625	120	0.625	0.750	414	0.750	0.905	
403	22	-2	4	2	-1	0	428	0.500	1.125	362	0.500	0.875	36	0.625	0.625	357	0.625	1.375	263	0.625	1.250	
404	33	-14	4	-1	1	0	74	0.354	1.405	459	0.479	1.405	271	0.604	1.589	475	0.729	1.030	102	0.750	0.750	
405	35	-14	4	-1	2	3	123	0.375	0.375	102	0.625	0.625	279	0.625	0.875	225	0.729	1.714	392	0.750	0.750	
406	31	-9	4	1	-1	0	376	0.479	1.280	92	0.500	0.875	171	0.604	1.530	35	0.625	1.250	0	0.625	0.625	
407	30	-13	4	-1	-1	0	484	0.125	0.125	443	0.479	1.405	254	0.500	0.875	387	0.530	0.530	267	0.604	1.530	
408	33	-20	4	-1	0	0	71	0.500	0.500	394	0.500	0.500	440	0.625	0.625	248	0.750	0.625	230	0.875	0.875	
409	33	-8	4	1	2	0	187	0.479	1.280	350	0.625	1.625	380	0.625	0.625	280	0.625	0.625	327	0.625	0.750	
410	35	-24	4	1	-1	0	260	0.750	0.750	444	0.875	0.500	284	0.875	0.780	191	0.875	0.875	121	0.979	1.030	
411	23	-15	4	-1	1	1	219	0.125	0.125	295	0.354	1.405	329	0.500	1.375	278	0.500	0.875	220	0.530	0.530	
412	22	-4	4	0	-1	1	112	0.250	0.250	328	0.625	0.625	14	0.875	0.875	293	0.875	1.000	418	0.875	0.500	
413	33	-11	4	-1	2	2	246	0.500	1.125	486	0.559	1.589	433	0.625	0.625	48	0.625	0.625	185	0.625	0.875	
414	34	-6	4	1	0	0	281	0.604	1.250	258	0.625	0.625	187	0.750	0.625	423	0.750	0.905	439	0.875	0.750	
415	34	-10	4	0	-1	0	202	0.125	0.125	37	0.250	1.125	379	0.500	0.500	245	0.625	0.780	21	0.750	0.905	
416	32	-14	4	1	-2	0	2	0.500	1.125	369	0.684	1.714	336	0.729	1.589	153	0.729	1.589	212	0.750	0.625	
417	31	-3	4	1	2	0	53	0.125	0.125	232	0.375	1.250	236	0.500	0.875	38	0.500	1.125	227	0.625	1.625	
418	21	-4	4	1	0	0	328	0.250	0.250	412	0.500	0.875	296	0.729	1.375	112	0.750	1.125	293	0.750	1.625	
419	25	-3	4	-2	1	1	70	0.375	0.375	16	0.625	1.125	14	0.729	1.280	390	0.750	0.655	422	0.875	1.030	
420	34	-20	4	1	1	0	472	0.250	0.250	427	0.625	0.625	149	0.625	1.250	158	0.655	0.655	297	0.750	0.750	
421	34	-14	4	1	-2	0	446	0.375	0.375	239	0.500	1.125	153	0.500	0.875	392	0.625	0.875	393	0.750	0.905	
422	24	-2	4	-2	-1	23	10	0.375	0.375	432	0.375	1.250	357	0.625	0.625	70	0.655	0.655	263	0.729	1.714	
423	35	-7	4	2	1	0	101	0.500	0.500	377	0.750	1.250	425	0.875	0.750	187	0.875	0.625	414	0.905	0.625	
424	35	-18	4	1	-2	0	436	0.125	0.125	26	0.375	0.375	253	0.375	0.375	301	0.625	1.000	119	0.729	1.464	
425	35	-8	4	1	-1	0	101	0.250	0.250	89	0.500	1.000	4	0.625	0.625	495	0.625	0.625	423	0.750	0.750	
426	24	-3	4	1	0	0	476	0.500	0.500	16	0.604	1.375	357	0.625	0.625	10	0.875	0.500	14	0.875	1.000	
427	34	-19	4	1	0	0	60	0.250	0.250	472	0.375	0.375	149	0.604	1.375	436	0.625	0.780	420	0.625	0.625	
428	23	-2	4	2	-1	0	362	0.250	0.250	357	0.375	1.000	3	0.500	0.500	10	0.625	0.750	426	0.750	1.155	
429	34	-11	4	2	1	0	48	0.250	0.250	150	0.479	1.375	455	0.604	1.500	118	0.625	0.625	128	0.854	1.714	
430	23	-1	4	-2	1	1	44	0.479	1.500	176	0.500	1.375	250	0.684	1.714	432	0.750	0.625	453	0.809	1.339	
431	28	-7	4	-2	1	0	127	0.479	1.405	78	0.500	1.000	498	0.500	0.500	80	0.750	0.750	40	0.854	1.714	
432	23	-2	4	-1	1	0	176	0.479	1.155	371	0.625	1.000	430	0.750	0.750	36	0.750	0.625	480	0.854	1.339	
433	32	-11	4	-1	2	1	185	0.250	0.250	378	0.375	0.375	282	0.500	0.500	166	0.500	1.375	413	0.625	0.625	
434	27	0	4	-1	0	6	399	0.500	0.500	193	0.604	1.375	479	0.875	1.464	384	0.875	0.875	354	0.875	0.750	
435	29	-15	4	1	1	0	200	0.125	0.125	319	0.604	1.155	237	0.655	0.655	212	0.729	1.589	97	0.854	1.030	
436	35	-18	4	1	-1	0	424	0.125	0.125	253	0.250	0.250	26	0.500	0.500	60	0.530	0.530	42	0.750	0.750	
437	33	-1	4	2	-1	0	458	0.250	0.250	196	0.500	0.500	460	0.604	1.375	353	0.625	0.625	370	0.750	0.905	
438	35	-4	4	0	1	0	114	0.250	0.250	320	0.500	0.500	199	0.500	0.875	142	0.625	0.625	190	0.750	0.905	
439	33	-6	4	0	-1	0	311	0.500	1.000	209	0.604	1.589	55	0.604	1.589	210	0.625	0.625	100	0.750	0.905	
440	33	-21	4	-1	1	0	394	0.125	0.125	408	0.625	0.625	310	0.750	1.125	304	0.750	0.625	364	0.780	0.625	
441	24	-16	4	0	1	0	203	0.250	0.250	162	0.375	1.375	219	0.604	1.375	220	0.625	1.500	491	0.729	1.714	
442	21	-1	4	-1	2	0	299	0.375	1.250	188	0.479	1.280	140	0.479	1.375	83	0.500	0.875	138	0.500	1.375	
443	29	-14	4	-2	-1	14	267	0.125	0.125	29	0.479	1.280	223	0.625	0.875	467	0.625	0.625	305	0.684	1.714	
444	34	-24	4	1	-1	0	260	0.375	0.375	50	0.625	0.625	121	0.625	1.375	284	0.625	1.125	286	0.750	0.750	
445	30	-7	4	0	1	0	314	0.375	1.000	351	0.500	0.500	313	0.750	0.750	493	0.750	0.905	66	0.750	0.750	
446	34	-14	4	1	0	0	102	0.375	0.375	123	0.375	1.125	421	0.375	0.375	153	0.500	0.500	392	0.500	1.250	
447	23	-13	4	1	0	0	180	0.250	1.375	252	0.250	0.250	449	0.375	0.375	214	0.375	1.250	194	0.729	1.714	
448	24	0	4	1	-2	0	242	0.375	1.000	337	0.500	0.500	275	0.559	1.589	45	0.625	0.625	152	0.729	1.479	
449	23	-13	4	1	-2	0	252	0.125	0.125	447	0.375	0.375	181	0.500	1.125	234	0.625	0.625	214	0.625	1.125	
450	25	-4	4	-1	-2	7	288	0.375	1.125	14	0.625	0.625	144	0.729	1.375	256	0.750	0.750	390	0.750	1.250	
451	33	0	4	1	-2	0	39	0.500	0.500	437	0.500	0.875	353	0.500	0.500	458	0.500	1.125	460	0.684	1.714	
452	21	-2	4	1	-2	0	183	0.375	0.375	328	0.625	1.375	403	0.625	0.875	412	0.684	1.714	112	0.684	1.464	
453	21	0	4	-1	-2	5	41	0.375	1.250	250	0.375	0.375	375	0.479	1.375	83	0.500	0.500	345	0.500	0.500	
454	33	-19	4	2	-1	0	158	0.250	0.250	60	0.375	1.000	119	0.479	1.375	472	0.479	1.155	248	0.500	0.500	
455	35	-10	4	1	2	0	150	0.125	0.125	128	0.375	1.250	17	0.729	1.479	381	0.839	0.839	63	0.875	0.780	
456	31	-4	4	-2	-1	3	186	0.375	1.250	135	0.500	0.875	164	0.500	0.500	57	0.625	0.750	95	0.750	1.125	
457	27	-2	4	0	1	0	315	0.604	1.589	228	0.625	0.625	231	0.625	0.780	152	0.625	0.780	206	0.729	1.464	
458	33	-1	4	1	-2	0	437	0.250	0.250	465	0.375	1.000	224	0.625	0.625	334	0.684	1.714	196	0.750	0.750	
459	32	-13	4	-2	1	1	74	0.250	0.250	271	0.375	1.250	9	0.500	0.500	182	0.625	0.625	407	0.625	1.625	
460	34	-2	4	0	-1	0	334	0.375	1.375	93	0.500	1.000	189	0.604	1.589	465	0.625	0.625	77	0.625	1.155	
461	25	-5	4	2	1	0	321	0.250	0.250	341	0.479	1.500	490	0.479	1.280	144	0.500	1.250	115	0.750	1.000	
462	20	-4	4	1	-1	0	328	0.625	0.875	418	0.750	1.125	46	0.875	0.875	107	0.875	0.875	296	0.979	1.479	
463	25	0	4	1	0	0	356	0.375	1.375	206	0.500	1.000	163	0.625	0.625	152	0.625	0.780	303	0.750	0.905	
464	29	-4	4	2	1	0	141	0.375	0.375	51	0.375	1.250	213	0.500	0.500	95	0.500	0.875	12	0.625	0.625	
465	33	-2	4	1	-1	0	190	0.479	1.155	334	0.479	1.280	93	0.479	1.405	370	0.500	1.375	77	0.625	1.250	
466	32	-7	4	-1	-1	0	100	0.375	0.375	117	0.604	1.530	351	0.625	1.250	167	0.625	1.250	398	0.625	0.625	
467	29	-15	4	-2	-1	16	223	0.250	0.250	29	0.500	1.125	443	0.625	0.625	262	0.750	1.500	267	0.750	0.625	
468	22	-4	4	-1	2	0	296	0.375	1.375	340	0.604	1.500	335	0.625	0.625	112	0.625	0.625	3	0.729	1.375	
469	30	-1	4	2	1	1	211	0.375	1.250	374	0.500	0.875	366	0.625	0.625	105	0.625	0.625	391	0.750	0.750	
470	33	-6	4	1	2	0	210	0.250	0.250	350	0.375	0.375	402	0.500	0.875	320	0.559	1.589	142	0.729	1.714	
471	29	-11	4	-1	-1	0	355	0.354	1.405	145	0.479	1.280	22	0.500	1.000	31	0.625	0.625	33	0.625	0.625	
472	34	-20	4	1	0	0	420	0.250	0.250	427	0.375	0.375	149	0.375	1.000	119	0.500	0.500	60	0.625	0.625	
473	29	-1	4	-2	1	2	309	0.125	0.125	231	0.375	1.000	434	0.684	1.714	154	0.729	1.375	347	0.875	0.500	
474	31	-11	4	1	-1	0	184	0.354	1.280	171	0.530	0.530	367	0.604	1.155	33	0.625	0.625	376	0.780	0.625	
475	32	-13	4	1	1	0	496	0.354	1.280	74	0.375	0.375	201	0.479	1.280	268	0.500	0.500	249	0.604	1.589	
476	24	-4	4	2	1	0	426	0.500	0.500	390	0.625	0.625	144	0.729	1.464	115	0.750	0.750	450	0.750	1.125	
477	33	-9	4	-2	1	0	109	0.500	0.875	381	0.500	0.500	82	0.500	1.125	117	0.684	1.464	376	0.729	1.375	
478	34	-22	4	-1	-1	0	332	0.250	0.250	216	0.625	0.750	294	0.750	0.750	394	0.875	0.905	410	0.979	1.589	
479	25	-1	4	-2	1	0	30	0.375	0.375	480	0.604	1.375	163	0.625	0.875	10	0.729	1.375	422	0.875	1.030	
480	24	0	4	0	1	0	163	0.500	0.500	337	0.625	0.625	315	0.750	0.750	463	0.875	0.875	448	0.875	0.875	
481	32	-18	4	1	2	0	269	0.250	0.250	43	0.625	0.625	137	0.625	0.875	483	0.750	0.750	177	0.750	0.750	
482	26	-15	4	-1	1	0	106	0.750	0.750	262	0.750	0.625	383	0.750	0.750	220	0.854	1.589	308	0.854	1.464	
483	33	-18	4	-1	1	0	177	0.500	0.500	43	0.750	1.125	481	0.750	0.750	8	0.750	0.750	168	0.854	1.464	
484	30	-13	4	-2	-1	1	407	0.125	0.125	443	0.479	1.280	343	0.625	0.625	387	0.655	0.655	492	0.750	0.875	
485	28	-13	4	1	0	0	86	0.250	1.250	492	0.375	1.000	312	0.500	0.500	25	0.750	0.750	212	0.854	1.957	
486	32	-9	4	1	2	0	35	0.250	0.250	109	0.250	0.250	409	0.479	1.280	82	0.500	0.500	381	0.625	0.625	
487	35	-19	4	-1	1	0	301	0.250	0.250	358	0.500	1.250	483	0.604	1.589	8	0.604	1.155	264	0.750	0.625	
488	26	-13	4	-1	-1	0	194	0.604	1.155	220	0.729	1.589	151	0.750	1.125	385	0.750	0.750	307	0.854	1.464	
489	21	-2	4	1	2	0	442	0.500	1.375	273	0.500	0.500	36	0.500	0.500	44	0.559	1.589	188	0.729	1.589	
490	26	-4	4	2	1	0	341	0.250	0.250	144	0.500	0.500	229	0.500	1.125	146	0.625	1.625	324	0.750	1.155	
491	23	-14	4	-2	1	0	181	0.250	0.250	295	0.500	0.875	219	0.625	0.625	278	0.750	0.655	411	0.750	0.625	
492	29	-13	4	1	-2	0	267	0.375	1.250	312	0.500	0.500	86	0.500	0.500	443	0.500	1.125	29	0.729	1.604	
493	29	-6	4	1	2	0	12	0.500	0.875	207	0.625	1.250	6	0.750	0.750	314	0.875	0.750	56	0.875	0.875	
494	35	-23	4	2	-1	0	191	0.375	0.375	444	0.655	0.655	410	0.750	0.750	121	0.979	1.464	179	0.979	1.229	
495	35	-8	4	-2	-1	2	247	0.375	1.000	111	0.604	1.280	4	0.625	0.750	425	0.625	0.625	380	0.625	1.125	
496	33	-12	4	1	0	0	249	0.250	1.125	54	0.250	0.250	201	0.500	0.500	118	0.500	1.250	48	0.750	1.375	
497	32	-9	4	0	-1	0	376	0.375	1.375	171	0.375	1.125	339	0.625	0.625	35	0.625	0.625	406	0.625	0.625	
498	28	-7	4	-1	-2	0	431	0.500	0.500	300	0.500	1.125	147	0.625	0.625	85	0.729	1.589	78	0.750	1.250	
499	21	-15	4	0	1	0	333	0.250	0.250	388	0.375	1.000	278	0.625	0.625	90	0.625	0.625	251	0.729	1.714	
