# Lines 1 and 2 represent s and t respectively. s and t are the start and end of the shortest path respectively.
# Line i > 2 represents a sample taken at time i. The sample corresponds to a discrete state.
# Line Format: [sample ID] [x] [y] [z] [x-component of yaw] [y-component of yaw] [U: marginal coverage]
#              [sample ID of nearest neighbor 1] [shortest path cost to nearest neighbor 1] [shortest path cost from nearest neighbor 1]
#              ...
#              [sample ID of nearest neighbor k] [shortest path cost to nearest neighbor k] [shortest path cost from nearest neighbor k]
0	-6	-5	4	-2	-1	0	235	0.25	0.25	59	0.5	0.5	447	0.75	0.75	191	1	1.125	264	1.08853	1.05902	345	1.125	1	423	1.18402	1.35355	161	1.35355	1.35355	187	1.375	0.375	107	1.375	0.625	
1	21	3	4	1	0	0	234	0.25	0.25	490	0.5	0.5	132	0.875	0.75	491	0.875	0.75	271	1	1	319	1.25	1	430	1.75	1.125	34	1.75	1.40533	325	1.78033	1.10355	106	1.83853	1.22855	
2	-7	-4	4	2	-1	117	432	0.125	0.125	191	0.5	1.25	442	0.875	0.5	5	0.978553	1.83853	345	1	1	447	1.03033	1.03033	21	1.10355	1.22855	445	1.125	1.47855	59	1.125	0.875	0	1.125	1.28033	
3	-12	0	4	-1	-2	203	401	0.125	0.125	49	0.375	1.25	253	0.375	1	185	0.478553	1.375	154	0.838526	0.838526	425	0.875	1.40533	296	0.875	1.28033	469	0.875	1.125	41	0.875	1.15533	440	0.90533	0.853553	
4	10	1	4	1	0	94	360	0.125	0.125	165	0.603553	1.58853	311	0.75	0.90533	416	0.75	0.75	200	0.75	0.75	349	0.853553	2.125	111	0.875	0.875	12	0.875	1.125	105	0.978553	2	259	1	0.978553	
5	-5	-5	4	2	-1	18	214	0.728553	1.47855	161	0.75	1.15533	191	0.90533	0.853553	187	1	1	238	1	1	451	1.10355	1.22855	395	1.10355	1.75	32	1.125	0.875	178	1.125	0.5	235	1.125	1.125	
6	7	-2	4	1	2	177	158	0.125	0.125	62	0.603553	1.5	102	0.625	0.625	272	0.625	0.625	96	0.625	0.625	282	0.875	0.78033	384	0.875	1.03033	29	0.90533	0.853553	131	0.90533	0.625	93	0.934017	2.08211	
7	3	-3	4	0	-1	55	16	0.375	0.375	192	0.5	0.5	354	0.875	0.5	125	0.875	0.875	467	0.875	0.75	279	1	0.875	188	1	0.625	207	1.10355	1.22855	68	1.10355	1.46353	215	1.15533	0.478553	
8	5	-3	4	1	1	32	424	0.125	0.125	102	0.353553	1.40533	272	0.603553	1.58853	359	0.625	0.75	402	0.65533	0.65533	384	0.728553	1.71353	182	0.75	0.75	68	0.75	0.75	73	0.853553	1.35355	194	0.853553	1.25	
9	-4	-2	4	-2	1	71	21	0.375	1	121	0.5	1.375	58	0.625	0.625	229	0.65533	0.65533	352	0.75	1.25	264	0.875	0.78033	143	0.934017	1.83211	499	1	1.83853	397	1.05902	1.70711	288	1.125	1	
10	-2	0	4	-1	2	83	180	0.375	0.375	229	0.65533	0.65533	484	0.728553	1.60355	25	0.75	0.90533	340	0.75	1.15533	284	0.75	0.875	179	0.853553	1.47855	310	0.875	1.25	219	0.875	0.875	113	1	1.125	
11	2	-1	4	2	1	16	190	0.25	0.25	294	0.25	0.25	433	0.5	0.5	468	0.603553	1.375	285	0.625	0.625	361	0.728553	1.58853	250	0.728553	1.71353	119	0.75	0.65533	44	0.838526	0.838526	354	0.875	0.875	
12	10	0	4	-2	-1	104	67	0.65533	0.65533	17	0.728553	1.58853	458	0.728553	1.71353	416	0.75	0.625	358	0.75	0.875	393	0.75	0.65533	93	0.853553	1.47855	290	0.875	1.03033	415	0.978553	1.22855	82	1.00888	0.875	
13	12	2	4	-2	1	17	231	0.25	0.25	110	0.5	0.5	259	0.5	1.125	486	0.75	0.75	396	0.853553	1.46353	270	0.978553	1.22855	311	1	1	333	1.03033	0.728553	247	1.15533	0.603553	72	1.22855	1.125	
14	14	-1	4	1	0	17	390	0.5	0.5	101	0.603553	1.83853	398	0.728553	1.375	482	0.75	0.625	42	0.75	0.90533	346	0.809017	1.95711	383	0.809017	2	175	0.853553	1.47855	217	0.875	0.875	330	0.875	1.125	
15	-10	1	4	-1	2	13	189	0.375	1.25	332	0.5	0.5	157	0.603553	1.5	408	0.625	1.25	173	0.65533	0.65533	242	0.75	0.90533	350	0.75	0.65533	374	0.75	0.625	199	0.853553	1.47855	348	0.853553	1.46353	
16	3	-3	4	2	-1	48	7	0.375	0.375	467	0.5	1.125	279	0.625	0.625	188	0.625	0.625	213	0.728553	1.28033	119	0.75	0.75	303	0.838526	0.838526	138	0.853553	1.47855	68	0.853553	1.83853	322	0.875	1.03033	
17	8	1	4	-2	1	42	93	0.375	0.375	412	0.853553	1.15533	391	0.875	1.15533	498	0.875	0.78033	47	0.978553	1.22855	20	0.978553	1.46353	228	0.978553	1.47855	460	1	1.25	124	1.03757	1.58211	36	1.10355	1.35355	
18	12	-1	4	-1	0	15	382	0.125	0.125	67	0.25	1.125	77	0.5	0.5	489	0.5	0.5	82	0.603553	1.58853	177	0.603553	1.25	280	0.625	0.625	60	0.75	0.90533	329	0.78033	0.78033	248	0.853553	1.35355	
19	-11	-2	4	2	1	32	351	0.478553	1.28033	246	0.5	1.375	296	0.625	0.625	56	0.75	0.90533	75	0.75	0.75	57	0.809017	1.33853	500	0.838526	0.838526	478	0.875	0.875	476	0.875	1.125	222	0.875	1.03033	
20	9	3	4	1	1	3	47	0.25	0.25	438	0.5	0.875	111	0.5	1.25	396	0.625	0.625	130	0.625	1	200	0.65533	0.65533	118	0.875	0.875	259	1.10355	1.22855	299	1.22855	1.10355	416	1.30902	1.10355	
21	-5	-2	4	-1	1	5	121	0.375	0.375	499	0.478553	1.40533	193	0.5	1.25	143	0.603553	1.58853	107	0.853553	1.25	352	0.853553	1.15533	58	0.875	0.875	445	0.883883	1.125	464	0.91257	2.22855	471	0.91257	2.22855	
22	-15	3	4	1	2	1	135	0.25	0.25	136	0.75	0.75	243	0.75	1.25	422	0.838526	0.838526	80	0.875	0.875	278	0.90533	0.853553	252	1	1	276	1.00888	0.875	497	1.10355	1.35355	388	1.22855	1.22855	
23	-6	3	4	1	0	31	302	0.125	0.125	146	0.375	0.375	147	0.375	0.375	495	0.5	0.5	69	0.603553	1.83853	45	0.625	1.375	126	0.625	0.625	145	0.75	1.125	295	0.78033	0.78033	326	0.875	0.875	
24	-12	-1	4	1	2	5	500	0.5	0.875	173	0.75	0.90533	469	0.853553	1.28033	481	0.875	0.78033	253	0.875	0.875	49	0.875	0.875	185	1	1	476	1	0.625	425	1	1.125	41	1	0.75	
25	-1	1	4	0	1	0	336	0.25	0.25	310	0.625	0.625	340	0.75	0.75	301	0.75	1.03033	113	0.75	0.75	284	0.875	1	10	0.90533	0.728553	76	0.978553	1.35355	461	0.978553	1.625	414	1	1	
26	-13	3	4	-2	1	24	375	0.125	0.125	276	0.375	0.375	386	0.625	0.625	243	0.75	1.125	204	0.875	0.875	199	0.90533	0.853553	388	0.978553	1.70711	136	1	1.35355	65	1.125	0.875	404	1.125	1	
27	-3	-1	4	1	1	8	229	0.5	0.5	10	0.603553	1.15533	180	0.603553	1.53033	324	0.963526	0.963526	86	1	1.125	288	1	0.875	94	1	1.15533	473	1	1.375	449	1.08211	1.58211	9	1.15533	0.978553	
28	18	1	4	-1	-2	97	370	0.375	0.375	327	0.5	0.5	84	0.75	0.75	400	0.853553	1.46353	236	0.978553	1.28033	383	1	1.03033	106	1.125	1.125	53	1.13388	1	325	1.15533	0.853553	320	1.18402	2.25	
29	6	-3	4	-1	1	8	369	0.125	0.125	359	0.375	0.375	466	0.478553	1.15533	102	0.625	1.25	182	0.853553	1.15533	239	0.853553	1.83853	99	0.875	0.875	323	0.875	0.875	207	0.90533	0.728553	192	0.957107	1.875	
30	10	-3	4	2	-1	3	197	0.125	0.125	248	0.125	0.125	492	0.625	0.625	413	0.728553	1.71353	429	0.75	1.25	415	0.75	0.90533	40	0.853553	1.83853	186	0.875	0.5	480	1.125	0.875	426	1.22855	1.5	
31	1	-2	4	1	1	6	190	0.353553	1.40533	294	0.478553	1.15533	11	0.478553	1.40533	483	0.53033	0.53033	433	0.603553	1.15533	245	0.75	0.75	470	0.78033	0.78033	219	0.853553	1.33853	279	1	1.375	142	1.03033	0.853553	
32	-4	-5	4	-1	0	18	238	0.125	0.125	187	0.25	1.25	446	0.5	0.5	59	0.728553	1.58853	120	0.75	1.125	292	0.75	1	149	0.75	0.625	178	0.75	0.90533	206	0.78033	0.78033	342	0.875	0.75	
33	-8	3	4	-1	1	2	127	0.25	0.25	61	0.375	0.375	350	0.53033	0.53033	39	0.625	0.625	174	0.75	1.125	242	0.78033	0.625	475	0.853553	1.25	156	1	1	126	1.125	0.875	91	1.15533	0.728553	
34	19	2	4	-1	-2	12	233	0.375	0.375	325	0.625	0.625	327	0.728553	1.28033	370	0.75	0.90533	84	0.75	1	106	0.875	1.25	28	0.875	1.28033	277	0.963526	0.963526	406	1	1	430	1.03033	0.603553	
35	17	0	4	1	2	4	54	0.125	0.125	346	0.125	0.125	383	0.5	0.5	106	0.559017	1.58853	97	0.75	0.90533	370	1	1.15533	134	1.03033	0.728553	327	1.03033	1.03033	84	1.10355	1.46353	454	1.10355	1.47855	
36	7	3	4	2	1	9	228	0.125	0.125	496	0.375	0.375	460	0.625	0.625	118	0.728553	1.71353	391	0.75	0.625	114	0.875	0.78033	218	0.875	0.875	47	0.875	1.625	133	1.03033	0.728553	393	1.10355	1.22855	
37	9	-4	4	1	2	2	249	0.125	0.125	197	0.478553	1.375	363	0.5	1	30	0.603553	1.28033	492	0.625	0.875	131	1	0.90533	415	1.10355	1.72855	323	1.125	0.963526	274	1.125	0.875	6	1.18402	1.31066	
38	-10	-4	4	1	-1	50	83	0.625	0.625	56	0.625	0.625	51	0.625	1.25	109	0.625	0.625	283	0.75	0.75	314	0.853553	1.25	472	0.90533	0.728553	423	0.978553	1.47855	246	1.125	0.875	19	1.21353	0.978553	
39	-8	2	4	-1	0	28	350	0.375	1.125	328	0.5	0.5	61	0.5	0.5	33	0.625	0.625	174	0.625	1.03033	374	0.625	0.78033	332	0.728553	1.71353	348	0.809017	2.125	408	0.853553	1.95711	297	0.875	0.875	
40	12	-4	4	2	-1	2	413	0.125	0.125	426	0.625	0.625	266	0.625	0.625	315	0.75	1.125	334	0.853553	1.60355	482	0.978553	1.60355	347	1.08853	1.05902	339	1.125	1.375	390	1.18402	1.31066	378	1.25	1.58211	
41	-13	-1	4	-1	1	7	185	0.25	0.25	425	0.5	0.5	95	0.728553	1.03033	469	0.75	0.75	481	0.75	1.25	24	0.75	0.75	196	0.78033	0.625	500	0.853553	1.15533	65	0.875	1.25	417	0.91257	1.97855	
42	15	0	4	1	-2	1	367	0.625	0.875	101	0.728553	1.71353	53	0.78033	0.75	392	0.809017	1.33853	330	0.853553	1.60355	366	0.875	1.40533	163	0.90533	0.853553	364	1	1	398	1	1	14	1	0.75	
43	-7	1	4	1	-2	32	123	0.25	0.25	104	0.25	0.25	159	0.375	1.25	143	0.625	1.625	195	0.625	0.625	326	0.625	1.125	471	0.75	0.75	450	0.75	0.875	293	0.75	0.90533	328	0.875	0.875	
44	1	1	4	2	1	0	343	0.125	0.125	389	0.375	1.25	70	0.559017	1.58853	240	0.684017	1.71353	76	0.75	0.75	11	0.838526	0.838526	92	0.875	0.75	431	0.875	0.75	241	1.05902	2.08211	331	1.08853	1.08853	
45	-4	3	4	1	-2	32	394	0.478553	1.15533	69	0.5	1	171	0.625	0.625	145	0.75	0.75	81	0.853553	1.71353	453	0.875	0.875	362	0.875	0.875	418	1	0.90533	195	1.22855	1.31066	179	1.22855	1.625	
46	5	3	4	-1	-1	23	420	0.25	0.25	160	0.353553	1.40533	385	0.478553	1.28033	403	0.5	0.5	387	0.625	1.375	117	0.75	1.125	298	0.853553	1.46353	87	0.875	1.125	148	0.875	0.75	144	0.91257	2.22855	
47	9	3	4	1	0	0	20	0.25	0.25	438	0.25	1.125	111	0.375	1.25	130	0.375	1.25	118	0.625	0.625	311	0.728553	1.71353	259	0.728553	1.46353	200	0.75	0.90533	396	0.978553	0.875	299	0.978553	1.35355	
48	-9	0	4	0	1	0	374	0.25	1.125	216	0.375	0.375	273	0.5	0.5	15	0.625	1.15533	268	0.625	0.625	88	0.75	0.75	123	0.853553	1.47855	189	0.853553	1.33853	157	0.853553	1.72855	313	0.875	0.875	
49	-12	-1	4	0	-1	14	253	0.25	0.25	19	0.728553	1.375	425	0.75	0.625	296	0.75	0.75	377	0.853553	2.125	153	0.875	0.875	476	0.875	0.5	24	0.875	0.875	185	0.875	0.875	41	0.875	1.125	
50	5	-5	4	2	1	2	98	0.375	0.375	207	0.625	0.875	68	0.625	0.625	369	0.728553	1.60355	359	0.728553	1.58853	274	0.853553	1.71353	29	0.853553	1.47855	201	0.875	1.125	300	0.875	1	194	1	1	
51	-9	-4	4	1	2	3	335	0.25	0.25	314	0.625	1.25	423	0.75	1.28033	442	0.978553	1.35355	432	1	1.625	56	1	0.75	472	1	1	476	1.08211	1.72855	2	1.125	1.5	445	1.18402	1.56066	
52	-9	-2	4	1	1	2	373	0.603553	1.15533	351	0.65533	0.65533	423	0.65533	0.65533	212	0.75	0.75	216	0.853553	1.83853	222	0.90533	0.728553	464	0.91257	1.97855	71	0.978553	1.71353	273	0.978553	1.21353	472	1	1.125	
53	16	1	4	1	-2	3	367	0.5	0.875	383	0.603553	1.5	366	0.625	1.375	400	0.728553	1.71353	97	0.875	0.875	265	0.875	0.875	346	0.875	1.15533	42	0.875	0.78033	320	0.934017	2.08211	35	1	1.25	
54	17	0	4	0	1	1	35	0.125	0.125	346	0.25	0.25	97	0.625	1.03033	383	0.625	0.625	106	0.684017	1.46353	327	0.90533	0.90533	134	0.90533	0.728553	203	0.978553	1.56066	406	1.08211	1.68566	400	1.125	1	
55	-14	-2	4	-1	-2	11	116	0.478553	1.375	316	0.75	1.125	196	0.875	0.875	381	0.875	1.15533	224	0.978553	1.58853	202	1	1.33853	368	1	1.25	153	1	1	376	1.00888	0.875	405	1.03033	0.603553	
56	-10	-3	4	1	0	15	246	0.5	0.5	38	0.625	0.625	472	0.625	1	52	0.625	1.28033	51	0.75	0.90533	2	0.853553	2.22855	222	0.875	0.875	19	0.90533	0.728553	314	0.978553	0.875	432	0.978553	2.10355	
57	-9	-1	4	1	-2	1	212	0.375	1.25	222	0.875	0.5	52	0.875	1	293	0.90533	0.625	313	1	0.90533	184	1.03033	0.603553	2	1.08211	2.10355	351	1.125	0.5	436	1.125	1	48	1.125	1.25	
58	-4	-2	4	1	1	3	27	0.603553	1.53033	9	0.625	0.625	229	0.728553	1.03033	352	0.75	0.75	21	0.875	0.875	85	0.978553	1.46353	451	1.03033	0.603553	324	1.05902	1.21353	264	1.15533	0.978553	307	1.22855	1.83211	
59	-6	-4	4	-1	0	0	345	0.5	0.5	0	0.5	0.5	235	0.5	0.5	191	0.75	0.75	107	0.875	0.5	169	0.875	1.03033	193	0.875	0.875	264	0.90533	0.728553	423	0.978553	1.46353	178	1	0.625	
60	11	0	4	-1	-2	17	67	0.375	1	165	0.5	0.5	186	0.559017	1.58853	12	0.625	0.875	416	0.65533	0.65533	280	0.75	0.625	489	0.75	0.90533	82	0.853553	1.46353	77	0.875	0.5	170	0.875	0.625	
61	-8	3	4	-2	-1	58	33	0.375	0.375	174	0.375	1.25	39	0.5	0.5	475	0.603553	1.375	156	0.625	0.625	127	0.625	0.625	297	0.75	1.25	91	0.78033	0.75	350	0.875	0.90533	291	0.875	0.625	
62	8	-1	4	2	1	1	477	0.625	0.625	186	0.728553	1.60355	458	0.875	0.875	96	0.875	0.5	358	0.875	1.03033	272	0.90533	0.853553	200	1.03757	2.10355	290	1.10355	1.35355	412	1.125	0.978553	363	1.125	0.963526	
63	3	1	4	-2	-1	21	487	0.125	0.125	144	0.625	0.875	298	0.875	0.875	494	0.934017	1.83211	285	1	1.25	468	1	0.625	294	1.10355	1.35355	281	1.125	0.875	389	1.125	0.875	124	1.125	1	
64	-16	-3	4	2	1	15	152	0.125	0.125	267	0.625	0.625	196	0.853553	1.46353	368	0.875	0.875	381	1	1	224	1	1	153	1.10355	2.08211	316	1.125	1.25	89	1.33853	1.22855	376	1.375	0.625	
65	-13	1	4	-1	1	0	115	0.625	1.125	422	0.75	1.25	386	0.75	0.75	312	0.934017	1.47855	168	0.963526	0.963526	185	1	1	375	1	1	401	1.03033	0.853553	199	1.03033	0.603553	95	1.03033	0.603553	
66	-7	1	4	-1	1	0	471	0.125	0.125	464	0.125	0.125	39	0.353553	1.28033	328	0.5	1.25	104	0.625	0.625	365	0.625	0.625	91	0.75	0.75	216	0.78033	0.625	184	0.853553	1.15533	127	0.853553	1.83853	
67	11	-1	4	-1	-1	4	82	0.353553	1.28033	186	0.603553	1.15533	489	0.625	0.625	415	0.75	1.125	248	0.853553	1.58853	347	0.875	1.125	12	0.875	0.65533	488	0.963526	0.963526	30	0.978553	1.46353	266	0.978553	1.22855	
68	5	-4	4	2	-1	0	207	0.5	0.5	194	0.625	0.75	274	0.625	1.625	424	0.625	0.625	50	0.625	0.625	8	0.75	0.75	103	0.853553	1.35355	29	0.875	1.125	99	0.875	1	138	1	1.15533	
69	-4	2	4	1	-1	0	81	0.478553	1.53033	394	0.625	0.625	179	0.625	1.375	418	0.625	0.625	484	0.75	1.25	310	0.853553	2.08211	171	0.90533	0.728553	137	0.91257	1.97855	195	0.963526	0.963526	336	0.978553	1.70711	
70	3	2	4	2	-1	33	240	0.125	0.125	241	0.5	1.25	255	0.603553	1.28033	385	0.625	0.75	87	0.728553	1.28033	160	0.75	0.875	298	0.75	0.75	285	0.838526	0.838526	124	0.853553	1.46353	148	0.875	0.78033	
71	-7	-1	4	2	1	0	450	0.625	0.625	397	0.75	0.75	88	0.78033	0.75	143	0.875	0.875	373	0.875	0.875	313	0.90533	0.625	107	0.978553	1.46353	499	1	1	216	1	0.90533	159	1	0.625	
72	12	3	4	1	0	7	270	0.25	1.375	463	0.728553	1.46353	486	0.75	0.75	122	0.853553	1.83211	311	0.90533	0.728553	435	0.978553	2	163	0.978553	1.35355	306	1.10355	1.625	203	1.10355	1.625	485	1.10355	1.22855	
73	4	-1	4	-1	0	78	162	0.25	0.25	239	0.375	0.375	129	0.603553	1.58853	468	0.603553	1.25	144	0.75	0.90533	230	0.78033	0.78033	303	0.875	0.875	250	0.875	1.125	466	0.90533	0.728553	361	1	1.125	
74	-7	2	4	2	-1	12	295	0.125	0.125	495	0.375	1.375	195	0.603553	1.5	123	0.625	0.625	104	0.625	1.125	43	0.625	0.875	146	0.625	1.25	147	0.728553	1.28033	91	0.75	0.75	326	0.875	1.03033	
75	-12	-2	4	0	1	0	24	0.25	1.25	372	0.25	0.25	108	0.375	0.375	481	0.728553	1.46353	185	0.728553	1.25	469	0.728553	1.71353	296	0.728553	1.375	196	0.75	0.75	19	0.75	0.75	222	0.853553	1.47855	
76	1	2	4	1	-1	1	92	0.125	0.125	389	0.353553	1.28033	343	0.625	0.625	79	0.65533	0.65533	44	0.75	0.75	164	0.78033	0.625	431	0.875	1.25	258	1.08211	1.97855	439	1.08853	1	301	1.125	0.75	
77	12	0	4	-2	-1	19	280	0.125	0.125	165	0.375	0.375	18	0.5	0.5	60	0.5	0.875	382	0.625	0.625	177	0.625	1	205	0.75	0.75	299	0.75	0.65533	489	0.75	1	170	0.875	0.78033	
78	16	-2	4	2	-1	0	101	0.125	0.125	434	0.375	1.125	337	0.625	0.875	400	0.75	0.65533	366	0.75	0.625	392	0.75	0.75	383	0.838526	0.838526	134	0.875	1.125	225	0.875	1.03033	237	0.875	0.75	
79	2	3	4	1	-2	0	164	0.125	0.125	166	0.25	0.25	240	0.478553	1.375	439	0.5	0.5	70	0.603553	1.5	76	0.75	0.65533	281	0.75	0.75	487	0.853553	1.46353	92	0.875	0.78033	63	0.978553	1.33853	
80	-15	2	4	2	-1	14	417	0.5	0.5	154	0.603553	1.28033	135	0.625	0.625	321	0.625	1.125	465	0.75	1	211	0.78033	0.75	276	0.853553	1.47855	243	0.875	0.78033	136	0.875	0.5	388	0.875	0.875	
81	-3	1	4	1	-1	0	414	0.625	0.625	137	0.728553	1.71353	309	0.78033	0.625	179	0.875	0.875	180	0.875	1.03033	86	1	1.15533	94	1	1.125	310	1	1.375	484	1	1	449	1.03757	2.22855	
82	10	-2	4	-1	0	0	186	0.625	0.625	458	0.875	1.33853	12	0.875	0.875	248	0.875	1.125	103	0.978553	1.75	480	1.03033	0.603553	344	1.08211	1.68566	96	1.10355	1.375	363	1.125	0.853553	112	1.16257	2.06066	
83	-9	-4	4	0	-1	2	283	0.125	0.125	38	0.625	0.625	109	0.75	0.75	335	0.875	0.875	51	0.875	0.875	442	0.963526	0.963526	423	1.22855	1.22855	472	1.25	0.375	478	1.25	0.75	56	1.25	0.603553	
84	18	2	4	-1	0	5	106	0.375	0.375	327	0.5	0.5	236	0.5	1	277	0.625	0.78033	28	0.75	0.75	370	0.875	1.125	367	0.978553	1.22855	406	1	0.875	100	1	0.978553	34	1	0.625	
85	-5	0	4	-1	2	0	471	0.728553	1.58853	495	0.809017	1.33853	94	0.875	0.5	326	0.875	1.03033	146	0.934017	1.375	143	0.978553	1.46353	104	0.978553	1.35355	499	1	0.78033	352	1.03033	0.978553	147	1.05902	1.95711	
86	-4	0	4	-2	-1	14	94	0.25	0.25	85	0.5	1.125	499	0.559017	1.58853	484	0.625	0.625	179	0.75	0.625	143	0.934017	2.08211	288	0.978553	1.46353	352	1	1	137	1.08853	1.05902	397	1.10355	1.95711	
87	4	3	4	1	2	0	117	0.625	0.625	148	0.75	0.75	403	0.75	0.75	167	0.78033	0.75	281	0.875	1.125	150	0.90533	0.625	241	1	0.5	420	1	0.625	407	1	0.78033	298	1.03033	0.728553	
88	-8	0	4	2	1	0	313	0.125	0.125	216	0.375	0.375	450	0.5	1.125	293	0.625	0.625	184	0.75	0.75	48	0.75	0.75	195	0.809017	1.33853	397	0.853553	1.25	66	0.875	1.15533	71	0.875	0.78033	
89	-14	-4	4	-1	2	20	381	0.478553	1.40533	116	0.478553	1.375	368	0.75	1.28033	108	0.978553	1.46353	462	0.978553	1.35355	409	1.125	0.875	41	1.22855	1.75	196	1.22855	1.625	372	1.30902	1.18566	75	1.30902	1.43566	
90	17	-3	4	-1	1	0	308	0.375	0.375	392	0.478553	1.15533	139	0.625	1	225	0.625	0.625	289	0.75	1.125	317	0.75	0.75	237	0.75	0.75	221	0.75	0.75	444	0.75	1.125	330	0.853553	1.83211	
91	-7	2	4	-2	-1	16	365	0.125	0.125	295	0.625	0.625	471	0.625	0.625	104	0.625	0.875	39	0.625	1.25	293	0.728553	1.71353	328	0.75	1.28033	74	0.75	0.75	66	0.75	0.75	123	0.75	1.25	
92	1	2	4	1	-2	1	76	0.125	0.125	389	0.478553	1.375	343	0.625	0.75	44	0.75	0.875	79	0.78033	0.75	164	0.90533	0.625	285	0.978553	1.58853	419	1.03033	0.728553	294	1.05902	1.95711	113	1.125	0.963526	
93	8	1	4	0	1	0	114	0.25	1.25	17	0.375	0.375	391	0.625	0.78033	20	0.728553	1.83853	151	0.75	1.125	460	0.75	0.90533	290	0.75	0.625	438	0.978553	1.81066	130	1.10355	1.72855	498	1.125	0.90533	
94	-4	0	4	-2	1	1	86	0.25	0.25	85	0.5	0.875	484	0.625	0.625	179	0.75	0.75	66	0.934017	2.08211	340	1	0.90533	9	1	1	91	1.03757	2.10355	159	1.03757	1.58211	147	1.03757	1.85355	
95	-14	0	4	1	1	0	318	0.478553	1.15533	481	0.625	0.75	65	0.728553	1.03033	115	0.75	1.125	168	0.75	0.75	428	0.91257	1.97855	204	0.91257	2.22855	421	0.91257	2.22855	24	0.963526	0.963526	422	0.978553	1.71353	
96	8	-2	4	1	2	0	62	0.5	0.875	477	0.5	0.5	6	0.625	0.625	363	0.65533	0.65533	498	0.728553	1.60355	158	0.75	0.625	282	0.838526	0.838526	275	0.875	0.875	197	0.978553	1.21353	248	0.978553	1.46353	
97	16	1	4	0	1	0	175	0.5	0.5	338	0.603553	1.375	203	0.625	1.03033	208	0.728553	1.58853	236	0.75	0.90533	435	0.75	0.90533	346	0.78033	0.78033	53	0.875	0.875	398	0.90533	0.728553	35	0.90533	0.728553	
98	5	-5	4	0	1	0	207	0.25	1.25	50	0.375	0.375	257	0.625	1.03033	322	0.75	0.90533	138	0.75	1.125	29	0.875	1.33853	254	0.875	0.5	274	0.978553	1.33853	359	1	1.71353	369	1	1.46353	
99	6	-4	4	-1	-1	5	194	0.25	0.25	254	0.625	0.625	201	0.853553	1.58853	300	0.853553	1.83853	29	0.875	0.875	466	0.963526	0.963526	274	1	1	369	1	1	359	1	1.125	98	1.125	1.125	
100	17	3	4	1	-2	1	277	0.375	0.375	208	0.375	0.375	430	0.625	0.625	28	0.728553	1.58853	122	0.838526	0.838526	370	0.853553	1.71353	406	0.978553	1.35355	236	1	1	338	1.05902	1.35355	327	1.22855	1.35355	
101	16	-2	4	1	-1	0	78	0.125	0.125	225	0.478553	1.15533	434	0.5	1	400	0.53033	0.53033	320	0.625	0.625	392	0.625	0.625	337	0.75	0.75	383	0.963526	0.963526	221	0.978553	1.46353	353	0.978553	1.21353	
102	6	-2	4	1	2	0	384	0.5	1.375	282	0.5	1.125	6	0.625	0.625	272	0.625	1.25	323	0.65533	0.65533	62	0.728553	1.58853	158	0.75	0.75	498	0.809017	1.33853	466	0.875	1.125	182	0.875	0.5	
103	7	-3	4	-1	2	0	323	0.375	0.375	158	0.375	1.25	131	0.5	0.5	6	0.5	1.375	282	0.559017	1.58853	359	0.625	0.625	369	0.625	0.625	62	0.728553	1.60355	466	0.728553	1.60355	29	0.75	0.75	
104	-7	1	4	-1	-2	8	43	0.25	0.25	159	0.375	1.25	184	0.478553	1.28033	123	0.5	0.5	471	0.5	0.5	143	0.625	1.375	195	0.625	0.625	66	0.625	0.625	328	0.625	0.875	450	0.75	1.125	
105	13	0	4	2	1	0	349	0.125	0.125	364	0.5	0.5	329	0.625	0.625	181	0.75	1.25	14	0.75	0.90533	155	0.853553	1.60355	247	0.875	1.125	165	1	0.75	410	1	1.25	269	1	0.625	
106	18	2	4	-1	2	0	84	0.375	0.375	236	0.625	0.625	406	0.625	0.625	325	0.75	0.625	208	1	1	430	1	1	28	1.125	1.125	277	1.15533	1.15533	491	1.22855	0.963526	370	1.25	1	
107	-6	-3	4	0	-1	5	59	0.5	0.875	442	0.5	0.5	432	0.625	0.78033	178	0.75	0.90533	2	0.75	0.90533	264	1	0.625	345	1	1	169	1.10355	0.875	0	1.10355	1.375	58	1.10355	1.35355	
108	-13	-2	4	0	1	0	41	0.25	1.125	75	0.375	0.375	196	0.375	0.375	153	0.5	0.5	372	0.625	0.625	500	0.728553	1.71353	296	0.853553	1.47855	95	0.853553	1.33853	55	0.875	1.125	368	0.963526	0.963526	
109	-11	-4	4	0	-1	0	478	0.5	0.5	38	0.625	0.625	377	0.75	0.75	83	0.75	0.75	283	0.875	0.875	409	0.875	1.125	314	1.10355	1.10355	51	1.125	1.22855	246	1.21353	0.978553	423	1.35355	1.47855	
110	12	2	4	-1	-2	2	231	0.25	0.25	13	0.5	0.5	170	0.603553	1.5	259	0.625	0.625	280	0.625	1.375	269	0.75	0.90533	311	0.875	0.75	67	0.934017	2.08211	396	0.978553	1.22855	72	1	0.75	
111	10	3	4	2	-1	1	130	0.25	0.25	438	0.375	0.375	311	0.478553	1.28033	396	0.625	0.625	118	0.65533	0.65533	259	0.875	1.28033	200	0.875	0.75	151	0.963526	0.963526	299	0.978553	1.47855	4	1.00888	0.875	
112	6	0	4	0	1	0	474	0.375	1	150	0.603553	1.58853	167	0.728553	1.46353	460	0.728553	1.71353	379	0.728553	1.25	399	0.728553	1.375	498	0.75	0.625	286	0.75	0.75	230	0.75	0.625	36	0.809017	1.83211	
113	-1	1	4	1	-1	0	310	0.125	0.125	336	0.5	0.5	414	0.625	0.625	307	0.883883	1.125	92	0.963526	0.963526	449	0.978553	1.71353	137	0.978553	1.46353	227	0.978553	1.22855	284	1	1	180	1.03033	0.603553	
114	8	2	4	1	2	0	47	0.478553	1.375	20	0.478553	1.40533	111	0.728553	1.60355	218	0.728553	1.375	118	0.75	1.25	228	0.75	0.65533	391	0.75	0.625	460	0.875	0.5	36	0.875	0.78033	130	0.978553	1.58853	
115	-14	1	4	-1	0	17	154	0.375	0.375	321	0.375	1	312	0.603553	1.375	417	0.728553	1.375	168	0.75	0.90533	22	0.853553	1.47855	355	0.875	1.58853	26	0.963526	0.963526	405	0.978553	1.47855	425	1.08853	1.08853	
116	-15	-3	4	-1	0	15	381	0.25	0.25	368	0.375	0.375	224	0.5	0.5	316	0.5	0.5	152	1	1	64	1.125	1.125	455	1.20711	1.20711	202	1.21353	0.978553	196	1.25	1.03033	256	1.30902	1.25	
117	4	3	4	-1	0	6	281	0.25	1.125	439	0.5	0.875	87	0.625	0.625	298	0.75	0.90533	164	0.75	1.25	232	0.875	0.875	79	0.875	1.375	357	1	0.883883	148	1	0.625	92	1.10355	1.58211	
118	9	2	4	1	-1	0	4	0.353553	1.28033	151	0.5	0.875	360	0.603553	1.40533	47	0.625	0.625	200	0.625	1.25	393	0.625	1.375	396	0.853553	1.25	20	0.875	0.875	438	0.875	1.03033	416	0.875	1.03033	
119	3	-2	4	1	1	1	279	0.125	0.125	188	0.375	0.375	303	0.478553	1.15533	361	0.5	1.25	402	0.625	1	213	0.625	0.75	11	0.65533	0.65533	162	0.728553	1.03033	226	0.75	0.75	16	0.75	0.75	
120	-4	-6	4	1	-1	8	161	0.25	0.25	342	0.78033	0.625	446	0.875	0.875	149	0.875	0.875	395	1	0.90533	238	1.125	0.875	214	1.22855	1.35355	206	1.22855	1.10355	32	1.25	0.75	5	1.40533	0.478553	
121	-5	-2	4	-2	-1	8	21	0.375	0.375	193	0.5	1.125	107	0.603553	1.375	264	0.625	0.625	169	0.684017	1.71353	143	1	1.21353	216	1.08211	1.72855	94	1.08853	1.05902	178	1.125	1.25	58	1.125	1	
122	15	2	4	1	-2	0	53	0.478553	1.28033	435	0.5	0.5	463	0.625	0.625	454	0.625	0.625	265	0.75	0.90533	338	0.75	0.75	100	0.838526	0.838526	485	0.853553	1.28033	410	0.853553	1.25	366	0.934017	2.08211	
123	-7	1	4	2	-1	15	43	0.25	0.25	195	0.5	0.875	104	0.5	0.5	326	0.5	1.375	450	0.625	0.625	74	0.625	0.625	295	0.75	0.625	146	0.75	0.90533	159	0.75	1	495	0.875	1.03033	
124	5	1	4	0	-1	1	128	0.375	0.375	255	0.5	0.5	379	0.5	0.5	73	0.603553	1.58853	286	0.625	1.28033	232	0.75	1	357	0.875	1.125	160	0.90533	0.728553	361	0.978553	1.75	239	0.978553	1.70711	
125	2	-3	4	-1	0	16	129	0.375	0.375	470	0.5	0.5	245	0.684017	1.71353	226	0.875	0.75	7	0.875	0.75	493	0.875	0.5	371	1.05902	1.95711	183	1.05902	2.20711	251	1.16257	1.70711	433	1.25	1.125	
126	-6	3	4	-1	2	0	147	0.25	0.25	302	0.5	0.5	23	0.625	0.625	291	0.75	1.25	453	0.875	0.875	39	0.978553	1.21353	91	1	1.03033	146	1	0.75	61	1	1.5	127	1.00888	0.875	
127	-8	3	4	0	1	0	33	0.25	0.25	61	0.625	0.625	156	0.75	0.75	350	0.78033	0.78033	126	0.875	0.875	39	0.875	0.75	297	1	0.875	174	1	0.875	242	1.03033	0.603553	146	1.10355	1.33853	
128	6	1	4	0	-1	0	124	0.375	0.375	286	0.375	1.125	412	0.625	0.78033	474	0.625	0.625	223	0.728553	1.25	399	0.75	0.75	73	0.853553	1.60355	162	0.853553	1.35355	379	0.875	0.875	160	0.963526	0.963526	
129	2	-2	4	-1	0	1	226	0.375	0.375	125	0.375	0.375	260	0.853553	1.95711	190	0.875	1	11	0.875	1.125	470	0.875	0.5	433	0.875	0.75	501	0.978553	1.83211	483	0.978553	1.35355	354	1	1	
130	10	3	4	2	1	0	438	0.125	0.125	111	0.25	0.25	396	0.375	0.375	110	0.853553	1.35355	311	0.875	1.03033	200	0.875	0.5	72	0.875	1.625	4	0.875	0.875	118	0.90533	0.853553	270	1.125	2	
131	8	-3	4	0	1	0	96	0.25	1.25	103	0.5	0.5	363	0.625	0.625	275	0.625	0.625	323	0.625	0.625	158	0.625	0.78033	359	0.875	0.875	6	0.875	0.90533	37	0.90533	0.728553	498	0.978553	1.83211	
132	20	3	4	0	-1	1	319	0.25	0.25	490	0.375	0.375	233	0.603553	1.25	34	0.625	1.15533	1	0.75	0.875	234	0.75	1.125	271	0.875	0.5	430	0.875	0.875	491	1	1	84	1.10355	1.58853	
133	6	2	4	2	-1	0	460	0.375	1.375	391	0.5	1.25	412	0.728553	1.47855	496	0.75	0.65533	399	0.75	1.28033	128	0.75	1	228	0.853553	1.15533	379	0.978553	1.22855	150	1	0.75	47	1.10355	2	
134	16	-1	4	-1	2	0	448	0.5	0.5	346	0.75	1.15533	398	0.75	1.28033	175	0.853553	1.83853	366	0.875	0.875	367	0.875	1.125	35	0.875	1.03033	392	0.875	0.875	217	0.90533	0.625	54	1	0.90533	
135	-15	3	4	2	1	0	22	0.25	0.25	243	0.5	1.125	136	0.5	0.5	80	0.625	0.625	497	0.853553	1.60355	417	0.875	0.5	211	1.08853	1.05902	404	1.125	1.75	278	1.15533	0.853553	276	1.22855	1.125	
136	-15	3	4	1	-2	1	135	0.5	0.5	209	0.5	0.5	252	0.625	0.625	80	0.625	0.875	243	0.625	0.625	154	0.728553	1.58853	22	0.75	0.75	304	0.75	0.625	278	0.875	1.125	380	1	1.25	
137	-2	-1	4	-1	-2	2	227	0.5	0.5	229	0.625	1.25	427	0.728553	1.60355	9	0.728553	1.60355	210	0.75	0.625	288	0.75	0.90533	141	0.838526	0.838526	307	0.875	0.875	142	1.10355	1.68566	86	1.10355	1.08853	
138	4	-5	4	-1	-1	10	201	0.53033	0.53033	300	0.875	0.78033	479	0.875	1.03033	322	1	1.125	493	1.05902	1.35355	98	1.125	0.75	257	1.125	1.125	125	1.35355	1.31066	207	1.375	1.22855	68	1.375	0.978553	
139	17	-2	4	-1	2	0	289	0.125	0.125	134	0.478553	1.28033	35	0.625	1.75	392	0.625	1.125	434	0.75	0.75	317	0.78033	0.75	54	0.875	1.625	320	0.875	0.875	337	1	1	90	1	0.5	
140	18	-4	4	0	1	0	225	0.75	0.90533	221	0.75	1	90	0.75	1.28033	308	0.853553	1.375	237	1	0.963526	317	1.10355	1.21353	444	1.10355	1.58853	378	1.125	1.125	139	1.125	1.875	456	1.25	1.5	
141	0	-2	4	-1	-2	0	198	0.25	0.25	142	0.5	1.25	437	0.625	0.625	210	0.65533	0.65533	245	0.75	0.75	137	0.838526	0.838526	183	0.853553	1.46353	427	0.875	1.03033	31	0.875	1.125	452	0.934017	1.375	
142	0	-3	4	1	-1	2	437	0.625	0.625	452	0.78033	0.625	31	0.978553	1.03033	354	1.00888	1.71353	493	1.05902	1.35355	183	1.125	1.25	294	1.18566	1.18566	473	1.21353	0.978553	467	1.24303	2.33211	141	1.28033	0.375	
143	-7	-1	4	-1	-1	1	397	0.125	0.125	176	0.53033	0.53033	373	0.625	1.25	193	0.65533	0.65533	184	0.65533	0.65533	293	0.78033	0.625	48	0.853553	1.35355	107	0.853553	1.33853	328	0.963526	0.963526	169	1.00888	1	
144	3	0	4	-1	-2	3	361	0.728553	1.60355	129	0.853553	1.46353	303	0.875	1.28033	468	0.875	0.875	285	0.875	0.75	294	0.875	1.03033	258	0.875	1.125	433	1	1.25	250	1	1.125	215	1	1.33853	
145	-5	3	4	-1	-1	16	126	0.625	1.25	418	0.625	1.125	365	0.728553	1.83853	195	0.728553	1.71353	45	0.75	0.75	91	0.853553	1.71353	147	0.875	1.125	69	0.875	1.03033	484	0.963526	0.963526	146	0.978553	1.125	
146	-6	2	4	1	0	0	495	0.125	0.125	23	0.375	0.375	326	0.5	0.5	302	0.5	0.5	147	0.75	0.75	81	0.853553	1.95711	126	0.875	1	195	0.875	0.75	123	0.90533	0.728553	45	1	1.21353	
147	-6	3	4	1	2	0	302	0.25	0.25	126	0.25	0.25	23	0.375	0.375	146	0.75	0.75	127	0.875	0.875	495	0.875	0.625	69	0.978553	1.46353	291	1	1	45	1	1.35355	453	1.00888	0.875	
148	4	3	4	1	-2	0	387	0.478553	1.40533	160	0.5	1.375	439	0.5	0.5	407	0.603553	1.28033	385	0.625	1.25	133	0.728553	1.58853	487	0.728553	1.71353	281	0.75	0.75	87	0.75	0.75	46	0.75	0.75	
149	-4	-6	4	-1	2	12	446	0.25	0.25	187	0.603553	1.5	238	0.625	0.875	161	0.625	0.625	395	0.728553	1.28033	0	0.728553	1.60355	235	0.728553	1.58853	32	0.75	0.75	120	0.875	0.875	206	0.978553	1.21353	
150	5	2	4	0	1	0	167	0.125	0.125	403	0.25	1.125	407	0.375	0.375	241	0.625	0.625	117	0.728553	1.25	387	0.75	0.75	87	0.75	0.90533	357	0.78033	0.78033	379	0.875	0.75	160	0.875	1.125	
151	9	1	4	1	-1	0	393	0.5	0.5	360	0.5	1	358	0.625	1	4	0.75	1.125	458	0.853553	1.58853	111	0.963526	0.963526	311	0.978553	1.21353	177	0.978553	1.35355	200	1	1.15533	47	1	1	
152	-16	-3	4	1	0	3	64	0.125	0.125	267	0.5	0.5	376	0.875	0.5	224	0.875	1.125	108	0.934017	1.70711	377	0.978553	1.85355	116	1	1	202	1.10355	1.72855	368	1.10355	1	256	1.10355	0.875	
153	-13	-2	4	1	0	1	108	0.5	0.5	41	0.75	1.125	222	0.809017	2	56	0.853553	2.125	49	0.875	0.875	196	0.875	0.75	109	0.978553	1.60355	19	0.978553	1.625	55	1	0.875	95	1.08853	1.08853	
154	-14	1	4	-1	-2	2	115	0.375	0.375	312	0.478553	1.28033	465	0.5	0.5	405	0.559017	1.58853	321	0.625	0.625	388	0.838526	0.838526	3	0.838526	0.838526	95	0.875	1.125	318	0.875	0.875	380	0.978553	1.33853	
155	14	2	4	-1	2	0	306	0.5	1.125	203	0.5	0.5	263	0.5	1	463	0.75	0.75	485	0.875	0.875	435	0.875	0.875	338	0.875	0.5	454	1	0.375	270	1	1	333	1	1.03033	
156	-8	3	4	1	-1	0	295	0.478553	1.53033	341	0.53033	0.53033	495	0.603553	1.71353	74	0.603553	1.40533	61	0.625	0.625	146	0.728553	1.83853	104	0.728553	1.71353	291	0.75	0.75	297	0.75	0.75	475	0.875	0.78033	
157	-11	2	4	-2	1	3	199	0.375	1.25	348	0.5	0.5	428	0.603553	1.5	204	0.603553	1.28033	457	0.625	0.625	375	0.684017	1.71353	408	0.75	0.75	276	0.853553	1.46353	26	0.853553	1.83853	404	0.875	1.15533	
158	7	-2	4	1	1	0	6	0.125	0.125	62	0.478553	1.40533	272	0.5	0.5	477	0.5	1.25	96	0.625	0.75	131	0.78033	0.625	112	0.853553	1.33853	282	0.875	0.65533	29	1.03033	0.853553	186	1.08211	1.58211	
159	-7	0	4	0	-1	1	143	0.25	1.125	293	0.375	0.375	184	0.5	0.5	397	0.5	1.25	450	0.625	0.625	176	0.75	0.625	195	0.90533	0.728553	212	0.978553	1.56066	471	1	0.875	123	1	0.625	
160	4	2	4	-1	-2	3	385	0.125	0.125	255	0.5	1.125	63	0.603553	1.5	281	0.65533	0.65533	232	0.75	0.875	387	0.75	0.75	298	0.75	1.25	124	0.75	0.90533	117	0.75	0.75	407	0.875	1.125	
161	-4	-6	4	1	0	3	120	0.25	0.25	149	0.625	0.625	395	0.75	1.15533	206	0.853553	1.35355	446	0.875	0.875	187	1.10355	1.22855	5	1.15533	0.478553	447	1.21353	0.978553	191	1.31066	1.20711	214	1.35355	1.58853	
162	4	-1	4	-1	1	0	73	0.25	0.25	468	0.478553	1.28033	250	0.5	1.375	230	0.53033	0.53033	239	0.625	0.625	258	0.625	1.25	223	0.78033	0.625	303	0.875	0.875	357	0.875	1.25	433	0.883883	1.125	
163	14	1	4	-1	-1	1	485	0.125	0.125	265	0.25	0.25	410	0.375	0.375	333	0.5	1	364	0.603553	1.15533	77	0.603553	1.71353	181	0.625	1.25	269	0.625	0.625	247	0.75	1.125	110	0.963526	0.963526	
164	2	3	4	0	-1	3	79	0.125	0.125	439	0.375	0.375	166	0.375	0.375	240	0.603553	1.25	76	0.625	0.78033	281	0.625	0.625	92	0.75	0.90533	70	0.75	1.375	241	0.853553	1.35355	487	0.875	1.33853	
165	12	0	4	0	-1	0	280	0.25	0.25	77	0.375	0.375	382	0.375	1	489	0.375	1.375	205	0.375	0.375	60	0.5	0.5	364	0.5	0.5	105	0.75	1	299	0.78033	0.78033	82	0.853553	1.60355	
166	2	3	4	2	-1	13	79	0.25	0.25	164	0.375	0.375	70	0.478553	1.28033	439	0.625	0.75	76	0.65533	0.65533	241	0.684017	1.46353	148	0.75	1.25	281	0.875	1	240	0.875	1.15533	487	0.978553	1.47855	
167	5	2	4	1	2	0	150	0.125	0.125	407	0.25	0.25	403	0.5	1.25	133	0.625	1.125	387	0.625	0.625	117	0.728553	1.375	241	0.75	0.625	357	0.90533	0.853553	281	0.978553	1.22855	36	0.978553	1.58853	
168	-15	0	4	-1	2	2	278	0.728553	1.71353	312	0.75	0.75	95	0.75	0.75	355	0.853553	1.46353	455	1	0.625	321	1	1	318	1.05902	1.35355	65	1.125	0.963526	465	1.125	0.875	135	1.16257	1.70711	
169	-7	-3	4	-1	0	8	83	0.603553	1.58853	283	0.728553	1.71353	445	0.875	0.75	499	0.963526	0.963526	0	0.963526	0.963526	314	0.978553	1.25	143	1	0.883883	442	1	0.625	59	1.03033	0.603553	472	1.10355	1.375	
170	11	1	4	-2	-1	14	299	0.125	0.125	416	0.375	1	12	0.478553	1.28033	393	0.625	1.375	60	0.625	0.875	280	0.65533	0.65533	77	0.78033	0.75	382	0.838526	0.838526	259	0.875	0.5	489	0.978553	1.21353	
171	-3	3	4	-1	-2	6	362	0.5	0.5	45	0.625	0.625	394	0.625	1.25	179	0.728553	1.71353	69	0.75	0.90533	414	0.853553	1.46353	453	0.875	1.125	305	0.875	0.5	309	1	0.90533	244	1	1	
172	-4	-3	4	1	1	0	9	0.625	1.25	58	0.625	0.875	214	0.78033	0.625	229	0.853553	1.58853	288	0.875	1.03033	10	0.91257	1.97855	395	0.963526	0.963526	121	1	1.125	264	1	1	324	1	1.375	
173	-11	0	4	-1	1	0	476	0.625	0.625	273	0.75	0.75	49	0.853553	1.25	253	0.875	1.03033	268	0.875	0.875	332	0.90533	0.728553	24	0.90533	0.728553	26	0.91257	2.22855	185	0.934017	1.33853	425	0.934017	1.58853	
174	-9	3	4	-1	0	5	457	0.625	1.625	350	0.625	0.625	157	0.728553	1.46353	287	0.75	0.75	127	0.875	0.75	242	0.875	0.5	328	0.963526	0.963526	348	0.978553	1.75	374	1	0.883883	39	1.03033	0.603553	
175	15	1	4	-1	2	0	203	0.375	1.25	155	0.478553	1.28033	435	0.5	1.125	338	0.5	0.875	97	0.5	0.5	454	0.625	0.75	410	0.625	0.875	163	0.625	1.25	263	0.728553	1.71353	306	0.809017	1.33853	
176	-8	0	4	-1	-1	1	184	0.125	0.125	293	0.25	0.25	143	0.53033	0.53033	57	0.603553	1.15533	159	0.625	0.625	48	0.75	1.125	212	0.853553	1.83853	332	0.978553	1.21353	15	0.978553	1.47855	39	1	1	
177	11	0	4	0	1	0	200	0.728553	1.46353	438	0.853553	1.875	396	0.853553	2.125	4	0.875	0.875	60	0.875	0.875	72	0.934017	1.70711	130	0.978553	1.75	205	1	1	77	1	0.625	360	1	0.978553	
178	-5	-4	4	-1	-2	8	5	0.5	1.125	235	0.603553	1.28033	0	0.603553	1.5	161	0.728553	1.47855	120	0.728553	1.71353	264	0.875	0.875	59	0.875	1	345	0.875	1.125	107	0.90533	0.625	169	0.978553	1.21353	
179	-4	1	4	-1	-1	3	484	0.125	0.125	86	0.625	0.75	418	0.78033	0.625	81	0.875	0.875	414	1	1	94	1.03033	0.75	397	1.03757	2.22855	27	1.10355	1.10355	85	1.125	1.15533	143	1.16257	2.35355	
180	-2	0	4	1	1	0	10	0.375	0.375	310	0.478553	1.15533	25	0.478553	1.28033	336	0.603553	1.53033	284	0.875	1.125	113	0.875	1.03033	331	0.91257	2.22855	340	1	0.78033	137	1	1.125	219	1.00888	1	
181	13	1	4	-2	1	1	247	0.125	0.125	333	0.25	0.25	13	0.478553	1.28033	269	0.625	0.625	299	0.625	1.625	329	0.75	0.625	259	0.809017	1.33853	280	0.853553	1.15533	60	0.853553	1.60355	110	0.875	1.03033	
182	5	-2	4	2	1	0	282	0.478553	1.5	102	0.5	0.875	424	0.625	0.625	272	0.625	1.625	8	0.75	0.625	258	0.838526	0.838526	359	0.875	0.78033	411	0.875	1.03033	250	0.963526	0.963526	99	0.978553	1.22855	
183	-1	-4	4	-1	0	2	371	0.25	0.25	356	0.25	1.125	206	0.625	1.5	342	0.728553	1.90533	260	0.75	0.625	451	0.853553	1.83853	214	0.875	1.25	501	0.875	0.75	238	0.978553	2.08211	452	1	1	
184	-8	0	4	-1	-2	5	293	0.125	0.125	176	0.125	0.125	159	0.5	0.5	212	0.684017	1.71353	143	0.75	0.65533	71	0.875	1.25	57	0.875	1.03033	328	0.875	0.625	216	0.875	0.875	397	0.875	0.78033	
185	-13	-1	4	-1	0	5	41	0.25	0.25	425	0.25	0.25	469	0.5	0.5	55	0.603553	1.375	168	0.728553	1.71353	481	0.75	1	316	0.875	1.46353	196	0.875	0.875	49	0.875	0.75	376	0.978553	1.70711	
186	10	-2	4	1	-2	0	248	0.375	1	30	0.5	0.875	82	0.625	0.625	197	0.625	0.75	261	0.728553	1.71353	266	0.728553	1.60355	426	0.728553	1.58853	415	0.75	1	443	1.00888	0.875	344	1.10355	1.60355	
187	-5	-5	4	-2	1	1	235	0.375	1.125	0	0.375	1.375	345	0.478553	1.375	59	0.478553	1.15533	447	0.875	0.875	178	0.875	0.75	5	1	1	191	1	1.15533	292	1	1.03033	172	1.10355	1.46353	
188	3	-2	4	2	-1	0	279	0.25	0.25	119	0.375	0.375	467	0.478553	1.28033	361	0.5	1.125	213	0.5	1.125	402	0.5	1.375	424	0.559017	1.58853	16	0.625	0.625	8	0.684017	1.46353	215	0.75	0.875	
189	-10	2	4	1	1	0	341	0.5	1.375	242	0.625	0.625	156	0.728553	1.58853	475	0.75	1.125	204	0.963526	0.963526	157	1	1	436	1	0.78033	374	1.03033	0.603553	440	1.03033	0.853553	350	1.03033	0.875	
190	2	-1	4	1	2	0	11	0.25	0.25	433	0.25	0.25	294	0.5	0.5	119	0.65533	0.65533	258	0.728553	1.58853	285	0.75	0.875	468	0.75	1.15533	213	0.838526	0.838526	129	1	0.75	63	1.05902	1.35355	
191	-6	-4	4	1	1	0	345	0.25	0.25	59	0.75	0.75	264	0.853553	1.15533	21	0.853553	1.58853	292	0.883883	1.125	352	0.91257	2.22855	423	0.963526	0.963526	169	0.978553	1.25	445	0.978553	1.46353	5	1.10355	0.90533	
192	3	-3	4	-1	0	10	125	0.375	1.375	479	0.625	0.625	226	0.728553	1.375	129	0.75	1.03033	119	0.75	1.125	493	0.875	0.875	279	0.875	1.125	245	0.934017	1.83211	190	0.978553	1.47855	354	1	1	
193	-6	-2	4	-2	-1	6	445	0.5	1.125	499	0.625	0.625	169	0.75	1.15533	143	0.75	0.65533	107	0.75	1	373	0.853553	1.60355	397	0.875	0.78033	472	0.978553	1.95711	432	0.978553	1.47855	71	1	1	
194	6	-4	4	0	-1	2	99	0.25	0.25	254	0.5	0.875	68	0.75	0.625	300	0.809017	1.58853	201	0.853553	1.83853	50	1	0.978553	344	1.125	0.875	466	1.21353	0.978553	207	1.22855	0.875	257	1.22855	1.10355	
195	-6	1	4	1	-2	0	326	0.5	0.5	43	0.625	0.625	104	0.625	0.625	397	0.728553	1.58853	159	0.75	0.90533	146	0.75	0.75	66	0.875	1.125	123	0.875	0.5	495	0.875	0.875	418	0.90533	0.625	
196	-14	-2	4	0	1	0	108	0.375	0.375	41	0.625	0.78033	168	0.728553	1.71353	75	0.75	0.75	381	0.78033	0.78033	153	0.875	0.875	55	0.875	0.875	316	0.875	0.75	368	0.90533	0.728553	500	0.978553	1.72855	
197	10	-3	4	1	0	0	30	0.125	0.125	248	0.25	0.25	492	0.5	0.5	413	0.603553	1.83853	415	0.625	1.03033	347	0.75	1.15533	186	0.75	0.625	262	0.809017	1.83211	426	0.978553	1.625	266	0.978553	1.625	
198	0	-2	4	1	-2	0	141	0.25	0.25	142	0.375	1	437	0.375	0.375	31	0.625	1.25	210	0.90533	0.853553	354	0.934017	1.71353	245	1	1	137	1.08853	1.05902	11	1.10355	1.33853	294	1.10355	1.08853	
199	-12	2	4	-1	-1	5	459	0.5	1	408	0.53033	0.53033	386	0.625	1	115	0.728553	1.83853	318	0.853553	1.15533	440	0.875	1.03033	26	0.875	0.90533	401	0.875	1.25	65	0.875	1.03033	276	0.978553	1.25	
200	10	2	4	1	2	0	438	0.375	1	130	0.5	0.875	311	0.625	1.125	396	0.625	1.25	111	0.75	0.875	20	0.75	0.65533	4	0.75	0.75	72	0.853553	1.71353	360	0.875	0.875	114	1	1	
201	5	-6	4	-1	-1	6	300	0.25	0.25	138	0.53033	0.53033	322	1.10355	1.22855	98	1.125	1.125	257	1.22855	1.35355	50	1.25	0.875	254	1.28033	0.603553	207	1.375	1.375	493	1.55902	1.60355	479	1.58211	1.56066	
202	-13	-4	4	-1	-2	1	377	0.125	0.125	220	0.25	0.25	89	0.75	1.25	109	0.875	0.875	368	0.978553	1.35355	224	1.25	1.25	409	1.375	0.625	381	1.375	1.46353	372	1.46353	1.10355	153	1.47855	1	
203	15	2	4	0	1	0	435	0.375	0.375	338	0.375	0.375	454	0.5	0.5	155	0.5	0.5	306	0.75	0.90533	236	0.875	0.875	122	0.875	0.875	463	0.875	1.125	208	0.978553	1.58853	97	1.03033	0.603553	
204	-12	3	4	1	2	0	404	0.125	0.125	421	0.25	0.25	428	0.25	0.25	276	0.5	0.5	375	0.875	1	348	1	0.625	26	1	0.875	189	1.22855	0.963526	341	1.22855	1.70711	457	1.25	0.75	
205	12	0	4	2	-1	0	349	0.375	1.25	165	0.375	0.375	364	0.5	0.875	105	0.5	1.375	280	0.625	0.625	14	0.684017	1.71353	382	0.75	1.25	77	0.75	0.75	489	0.75	1	329	0.875	1.125	
206	-3	-4	4	-1	1	0	214	0.25	0.25	451	0.625	0.875	172	0.728553	1.03033	58	0.853553	1.58853	59	0.957107	1.875	501	0.963526	0.963526	446	0.963526	0.963526	264	0.978553	1.71353	324	1	1.15533	292	1.03033	0.75	
207	5	-4	4	1	2	0	68	0.5	0.5	8	0.5	1	257	0.5	0.5	322	0.625	0.625	424	0.625	0.875	323	0.728553	1.46353	359	0.75	1.28033	29	0.75	0.90533	102	0.853553	1.83853	369	0.875	1.03033	
208	17	3	4	1	0	0	430	0.375	1	100	0.375	0.375	277	0.75	0.75	106	1	0.978553	34	1	1.46353	132	1.125	1.625	234	1.125	2.25	1	1.125	2.5	53	1.21353	1.21353	122	1.21353	0.978553	
209	-16	3	4	0	-1	0	252	0.125	0.125	304	0.25	0.25	388	0.5	1.25	136	0.5	0.5	80	0.75	1.375	135	0.75	1	465	0.875	1.58853	243	0.875	0.875	455	0.934017	1.70711	154	1.05902	1.43566	
210	-1	-1	4	-1	-1	2	227	0.625	1.25	307	0.625	0.625	137	0.75	0.75	449	0.75	0.75	284	0.963526	0.963526	142	0.978553	1.58853	10	1	1.15533	494	1.03033	0.853553	245	1.15533	0.728553	452	1.20711	1.45711	
211	-16	1	4	2	-1	11	465	0.625	0.75	95	0.684017	1.46353	455	0.75	1.15533	321	0.75	0.875	417	0.875	1.28033	80	0.875	0.78033	55	1.03757	1.85355	481	1.05902	1.70711	304	1.125	0.875	388	1.125	0.5	
212	-9	-2	4	0	-1	14	472	0.5	1.25	52	0.75	0.75	246	0.75	0.625	56	0.875	0.875	2	0.978553	1.72855	109	0.978553	1.56066	432	1.10355	1.81066	283	1.10355	1.625	409	1.18402	1.60355	71	1.22855	1.46353	
213	4	-2	4	1	2	0	402	0.25	0.25	162	0.375	1.25	361	0.5	0.5	239	0.625	0.625	182	0.625	0.875	8	0.65533	0.65533	230	0.684017	1.46353	119	0.75	0.625	303	0.75	0.875	359	0.838526	0.838526	
214	-3	-4	4	0	1	0	451	0.25	1.125	206	0.25	0.25	292	0.5	0.5	324	0.603553	1.375	172	0.625	0.78033	9	0.728553	1.71353	58	0.875	1.33853	427	0.934017	1.47855	121	0.978553	1.47855	501	1	0.963526	
215	4	-2	4	-1	-2	4	239	0.375	0.375	192	0.478553	1.375	361	0.5	0.5	467	0.5	1.125	68	0.728553	1.60355	73	0.75	0.75	7	0.75	1.15533	402	0.75	0.75	424	0.853553	1.25	125	0.853553	1.71353	
216	-8	0	4	0	1	0	48	0.375	0.375	88	0.375	0.375	313	0.5	0.5	242	0.603553	1.58853	350	0.603553	1.83853	66	0.625	0.78033	287	0.728553	1.25	123	0.728553	1.375	464	0.75	0.90533	471	0.75	0.90533	
217	15	-2	4	0	1	0	448	0.375	1.375	482	0.5	0.5	134	0.75	0.90533	101	0.75	1.125	289	0.75	0.75	97	0.809017	2.125	329	0.853553	1.81066	14	0.875	0.875	262	0.875	0.875	139	0.875	0.875	
218	7	3	4	-1	0	3	46	0.5	1.5	228	0.75	0.75	160	0.853553	1.83211	36	0.875	0.875	420	0.978553	1.75	385	0.978553	1.70711	387	1	1.35355	474	1.125	0.963526	391	1.125	0.75	496	1.125	0.75	
219	0	0	4	0	1	0	494	0.25	0.25	343	0.603553	1.25	336	0.625	0.78033	431	0.75	1.125	25	0.875	1.03033	190	0.963526	0.963526	389	0.978553	1.58853	284	0.978553	1.47855	461	0.978553	2	310	1	0.978553	
220	-13	-4	4	-2	-1	5	202	0.25	0.25	377	0.375	0.375	89	0.5	1.125	116	0.728553	1.46353	381	0.728553	1.71353	368	0.853553	1.60355	109	1.125	1	372	1.21353	1.18402	316	1.22855	1.56066	55	1.25	1.03033	
221	17	-4	4	-2	-1	16	456	0.375	1	441	0.5	1.125	308	0.625	0.625	90	0.75	0.75	392	0.838526	0.838526	378	0.875	1.375	237	0.875	1.25	444	0.875	0.90533	217	1.10355	1.47855	317	1.125	1.28033	
222	-10	-1	4	2	-1	5	351	0.25	0.25	57	0.5	0.875	212	0.603553	1.375	246	0.625	0.625	88	0.728553	1.58853	52	0.75	0.90533	268	0.75	0.75	216	0.853553	1.47855	472	0.853553	1.60355	273	0.875	0.875	
223	5	0	4	-1	0	2	230	0.25	0.25	379	0.375	0.375	73	0.625	1.03033	357	0.625	1.28033	162	0.625	0.78033	255	0.75	0.90533	487	0.875	1.33853	124	0.875	0.5	112	0.875	0.75	474	0.90533	0.728553	
224	-15	-4	4	-2	-1	5	116	0.5	0.5	256	0.625	0.75	381	0.75	0.75	377	1.125	1	368	1.25	0.875	202	1.25	0.875	316	1.25888	1	376	1.375	0.90533	64	1.47855	1	220	1.5	0.625	
225	17	-3	4	2	1	0	434	0.625	0.625	90	0.625	0.625	139	0.625	1.125	289	0.75	1	337	0.875	0.75	317	0.875	0.875	320	1	0.625	308	1	1	221	1	1	78	1.03033	0.603553	
226	2	-2	4	-1	2	0	129	0.375	0.375	433	0.5	1.125	11	0.5	1.125	190	0.5	1.375	468	0.728553	1.46353	119	0.75	0.75	294	0.75	1.125	125	0.75	0.75	31	0.75	0.75	279	0.875	0.875	
227	-2	-1	4	-2	1	3	229	0.375	1	137	0.5	0.5	86	0.559017	1.58853	180	0.625	1.25	10	0.625	0.875	27	0.875	1	25	0.978553	1.21353	336	0.978553	1.46353	340	0.978553	1.71353	94	1	1.83853	
228	7	3	4	1	1	0	36	0.125	0.125	496	0.5	0.5	114	0.65533	0.65533	460	0.75	0.625	218	0.75	0.75	391	0.875	0.5	118	0.978553	1.58853	47	1.125	1.5	133	1.15533	0.728553	151	1.22855	1.56066	
229	-3	-1	4	-1	1	0	86	0.478553	1.15533	94	0.478553	1.40533	27	0.5	0.5	180	0.978553	1.03033	288	1	1	10	1	0.65533	58	1.03033	0.603553	499	1.08211	1.75	113	1.10355	1.10355	264	1.18566	1.18566	
230	5	0	4	-1	1	0	223	0.25	0.25	232	0.478553	1.40533	162	0.53033	0.53033	357	0.603553	1.53033	487	0.603553	1.58853	379	0.625	0.625	112	0.625	0.625	474	0.65533	0.65533	63	0.728553	1.71353	241	0.853553	1.58853	
231	12	2	4	-2	-1	12	110	0.25	0.25	13	0.25	0.25	299	0.478553	1.40533	259	0.5	0.875	416	0.728553	1.71353	486	0.75	0.75	170	0.75	1.28033	333	0.78033	0.75	396	0.853553	1.47855	247	0.90533	0.625	
232	4	1	4	-2	1	1	357	0.125	0.125	487	0.375	1.25	298	0.478553	1.5	63	0.5	1.375	255	0.5	0.5	241	0.625	1.25	144	0.728553	1.28033	73	0.875	0.875	160	0.875	0.75	403	0.963526	0.963526	
233	19	2	4	-1	0	6	325	0.25	0.25	34	0.375	0.375	84	0.375	1.375	106	0.5	1	28	0.603553	1.40533	406	0.625	0.625	236	0.75	1.375	277	0.78033	1.33853	327	0.90533	0.90533	430	1	0.978553	
234	21	3	4	1	1	0	1	0.25	0.25	491	0.625	0.625	271	0.75	0.75	490	0.75	0.75	319	1	1	132	1.25	0.75	233	1.47855	1.35355	325	1.53033	1.10355	106	1.58853	1.22855	84	1.72855	1.60355	
235	-6	-5	4	-2	1	0	0	0.25	0.25	59	0.5	0.5	447	0.5	0.5	345	0.75	1	264	0.838526	0.838526	423	0.934017	1.60355	314	1.03757	1.97855	5	1.125	1.125	187	1.125	0.375	51	1.18402	1.70711	
236	17	2	4	-1	2	0	208	0.625	1	106	0.625	0.625	175	0.838526	0.838526	97	0.90533	0.625	100	1	1	203	1.00888	0.875	325	1.125	0.875	338	1.125	1.25	430	1.125	1	163	1.18402	1.70711	
237	16	-3	4	1	2	0	317	0.25	0.25	434	0.603553	1.28033	225	0.625	0.875	217	0.75	0.90533	392	0.75	1.125	78	0.75	0.875	90	0.75	0.75	289	0.75	1.15533	482	0.838526	0.838526	101	0.875	1	
238	-4	-5	4	-2	1	0	32	0.125	0.125	187	0.375	1.125	446	0.625	0.625	292	0.625	1.125	206	0.65533	0.65533	345	0.853553	1.46353	178	0.875	1.03033	149	0.875	0.5	451	0.963526	0.963526	59	0.978553	1.71353	
239	4	-2	4	-1	0	0	215	0.375	0.375	73	0.375	0.375	125	0.603553	1.58853	192	0.625	1.03033	162	0.625	0.625	213	0.625	0.625	433	0.728553	1.71353	7	0.728553	1.25	402	0.875	0.875	361	0.875	0.875	
240	3	2	4	1	0	0	70	0.125	0.125	241	0.375	1.125	124	0.603553	1.58853	298	0.625	0.625	487	0.75	1.125	87	0.75	1.375	148	0.75	0.90533	63	0.875	1.125	285	0.963526	0.963526	128	0.978553	1.70711	
241	4	2	4	1	1	0	407	0.5	1	387	0.5	1.375	150	0.625	0.625	87	0.625	1	298	0.75	0.75	117	0.75	1.125	167	0.75	0.75	128	0.853553	1.35355	403	0.875	1.03033	281	1	1	
242	-9	2	4	0	1	0	350	0.25	0.25	33	0.625	0.78033	189	0.625	0.625	341	0.75	0.75	127	0.875	1.03033	287	0.875	0.75	436	0.875	0.75	15	0.90533	0.728553	457	0.978553	1.47855	61	1	0.978553	
243	-14	3	4	1	-2	0	136	0.625	0.625	465	0.728553	1.46353	497	0.75	1.28033	321	0.853553	1.58853	80	0.875	0.78033	386	0.875	1.03033	209	0.875	0.875	421	1	1.5	252	1	1	375	1	0.625	
244	-1	3	4	1	-2	0	362	0.5	0.5	419	0.625	0.625	414	0.728553	1.46353	461	0.75	0.75	284	0.853553	1.60355	331	0.875	1.25	305	0.875	0.875	309	1	0.90533	171	1	1	44	1.10355	1.60355	
245	0	-2	4	-1	2	0	483	0.375	1.25	437	0.625	0.625	494	0.625	1.375	260	0.65533	0.65533	227	0.728553	1.58853	141	0.75	0.75	31	0.75	0.75	501	0.78033	0.75	433	0.838526	0.838526	473	0.875	1.03033	
246	-10	-2	4	2	-1	16	52	0.375	1.25	56	0.5	0.5	212	0.625	0.75	222	0.625	0.625	351	0.625	0.625	423	0.809017	1.33853	283	0.853553	1.60355	57	0.875	0.78033	442	0.978553	1.95711	109	0.978553	1.21353	
247	13	1	4	-1	0	2	333	0.125	0.125	181	0.125	0.125	269	0.5	0.5	329	0.625	0.625	280	0.728553	1.28033	165	0.728553	1.25	60	0.728553	1.71353	231	0.75	0.90533	110	0.75	0.90533	364	0.75	1	
248	10	-3	4	1	-1	0	30	0.125	0.125	197	0.25	0.25	413	0.603553	1.58853	429	0.625	1.25	347	0.875	0.90533	266	1	1.625	426	1	1.375	261	1	1.03033	415	1	0.78033	492	1.03033	0.75	
249	9	-4	4	0	1	0	37	0.125	0.125	363	0.375	1.125	197	0.603553	1.25	96	0.728553	1.46353	30	0.728553	1.375	492	0.75	0.75	261	0.75	0.75	131	0.875	1.03033	347	0.978553	1.72855	274	1	1	
250	4	0	4	1	1	0	258	0.125	0.125	357	0.5	1.375	232	0.625	1.25	468	0.625	0.625	303	0.75	0.75	150	0.853553	1.83853	282	0.963526	0.963526	182	0.963526	0.963526	167	0.978553	1.71353	379	0.978553	1.125	
251	-1	-3	4	0	1	0	501	0.125	0.125	260	0.25	0.25	427	0.625	0.625	483	0.728553	1.83853	227	0.728553	1.71353	245	0.75	0.90533	142	0.75	1.125	324	0.75	0.625	180	0.853553	1.875	183	0.875	0.75	
252	-16	3	4	-1	-2	5	209	0.125	0.125	304	0.375	0.375	388	0.5	1.125	355	0.625	0.75	136	0.625	0.625	380	0.75	0.875	465	0.853553	1.46353	278	0.875	1	80	0.875	1.28033	135	0.875	1.125	
253	-12	-1	4	-1	-1	3	49	0.25	0.25	41	0.5	1.375	425	0.625	0.875	185	0.75	1.125	469	0.875	0.90533	196	0.978553	1.35355	481	1	1.125	19	1	1.125	296	1	1	173	1.03033	0.853553	
254	6	-5	4	-1	0	3	99	0.625	0.625	207	0.728553	1.375	201	0.728553	1.28033	194	0.875	0.5	98	0.875	0.875	479	0.978553	1.95711	300	1	1.53033	138	1.10355	1.5	274	1.10355	1.28033	29	1.125	1	
255	4	1	4	-1	-2	4	144	0.478553	1.28033	232	0.5	0.5	124	0.5	0.5	357	0.625	0.625	63	0.625	0.875	258	0.75	1.125	487	0.75	0.75	128	0.875	0.875	250	0.875	1.125	387	0.90533	0.853553	
256	-16	-4	4	0	-1	0	224	0.75	0.625	152	0.875	0.75	64	1	0.875	116	1.25	0.603553	381	1.28033	0.853553	89	1.375	1.08211	267	1.375	0.875	153	1.45711	1.70711	196	1.47855	1.35355	55	1.68566	0.832107	
257	4	-4	4	0	1	0	322	0.125	0.125	207	0.5	0.5	424	0.603553	1.375	192	0.728553	1.25	479	0.75	0.625	493	0.75	0.75	8	0.75	1.28033	119	0.875	1.33853	68	0.875	1	433	0.957107	2.22855	
258	4	0	4	2	1	0	250	0.125	0.125	303	0.625	0.625	286	0.625	1.625	357	0.625	1.25	411	0.728553	1.60355	232	0.75	1.25	468	0.75	0.75	182	0.838526	0.838526	230	0.875	1	128	0.934017	1.375	
259	11	2	4	-1	-2	2	299	0.375	1	311	0.5	0.5	170	0.5	0.875	110	0.625	0.625	290	0.728553	1.60355	165	0.728553	1.46353	205	0.853553	1.60355	231	0.875	0.5	360	0.875	1.03033	12	0.978553	1.58853	
260	-1	-3	4	-1	1	0	501	0.125	0.125	251	0.25	0.25	183	0.625	0.625	245	0.875	0.65533	437	1	1.25	214	1.08853	1	9	1.10355	2.08211	180	1.10355	1.70711	198	1.125	0.875	356	1.125	1.03033	
261	9	-4	4	-1	-1	0	344	0.5	1	249	0.75	0.75	131	0.853553	1.25	37	0.875	0.875	103	0.978553	1.47855	248	1.03033	0.853553	275	1.15533	0.728553	96	1.22855	1.22855	369	1.35355	1.58211	158	1.35355	1.10355	
262	13	-2	4	1	2	0	14	0.478553	1.375	329	0.625	1.625	482	0.625	0.625	18	0.728553	1.375	334	0.78033	0.75	382	0.853553	1.25	217	1.00888	0.875	247	1.03757	1.58211	175	1.03757	2.10355	410	1.05902	1.70711	
263	14	3	4	-1	1	0	306	0.625	0.625	13	0.934017	1.21353	181	0.963526	0.963526	155	1	0.375	259	1.05902	1.58211	110	1.10355	1.47855	410	1.125	0.875	463	1.25	1	454	1.28033	0.603553	203	1.28033	0.603553	
264	-5	-3	4	-2	1	0	121	0.625	0.625	59	0.75	0.90533	21	0.75	0.75	9	0.78033	0.75	235	0.838526	0.838526	445	0.853553	1.58853	193	0.875	1.03033	187	1	1	345	1	0.75	172	1	1	
265	14	1	4	0	-1	0	163	0.25	0.25	485	0.375	0.375	269	0.375	0.375	410	0.625	0.625	364	0.75	0.90533	181	0.75	1	18	0.853553	1.60355	349	0.875	0.875	247	0.875	0.875	122	0.90533	0.728553	
266	12	-3	4	2	1	0	426	0.25	0.25	262	0.603553	1.5	40	0.625	0.625	339	0.728553	1.71353	390	0.728553	1.58853	413	0.75	0.75	347	0.78033	0.75	415	0.90533	0.625	488	1	1	334	1.10355	1.25	
267	-16	-2	4	2	-1	0	376	0.375	0.375	152	0.5	0.5	64	0.625	0.625	405	0.875	0.78033	108	1.03757	1.58211	377	1.08211	1.97855	168	1.10355	1.35355	224	1.10355	1.35355	95	1.20711	1.68566	55	1.22855	1.25	
268	-10	0	4	1	1	0	273	0.125	0.125	436	0.353553	1.28033	15	0.625	1.25	374	0.728553	1.03033	222	0.75	0.75	48	0.75	0.625	350	0.853553	1.58853	242	0.853553	1.83853	57	0.853553	1.15533	332	0.875	1.125	
269	13	1	4	0	-1	0	364	0.25	1.25	333	0.375	0.375	265	0.375	0.375	247	0.5	0.5	18	0.603553	1.58853	489	0.603553	1.58853	77	0.603553	1.375	163	0.625	0.625	181	0.625	0.625	382	0.728553	1.71353	
270	13	3	4	1	0	0	306	0.375	1.25	435	0.728553	1.46353	122	0.728553	1.71353	463	1	1.375	333	1.10355	1.22855	349	1.125	1.125	110	1.15533	1.15533	208	1.20711	2.45711	265	1.35355	1.58853	53	1.35355	1.97855	
271	21	3	4	-1	0	6	319	0.25	1.125	490	0.5	0.5	233	0.728553	1.90533	234	0.75	0.75	325	0.78033	1.65533	34	1	2.03033	1	1	1	106	1.10355	1.83853	491	1.125	0.875	132	1.125	0.875	
272	7	-2	4	1	-1	0	275	0.478553	1.40533	158	0.5	0.5	477	0.5	1	96	0.625	1.25	6	0.625	0.625	363	0.728553	1.58853	194	0.853553	1.33853	99	0.853553	1.58853	344	0.978553	1.46353	323	1.03033	0.875	
273	-10	0	4	1	2	0	268	0.125	0.125	436	0.478553	1.375	15	0.5	1.375	48	0.5	0.5	350	0.684017	1.46353	242	0.684017	1.71353	157	0.728553	1.60355	374	0.75	0.90533	351	0.875	0.625	222	0.875	0.875	
274	7	-4	4	1	1	0	275	0.478553	1.15533	131	0.478553	1.28033	103	0.5	1.25	363	0.853553	1.58853	29	0.978553	1.03033	96	0.978553	1.71353	30	0.978553	1.97855	359	1	0.65533	249	1	1	492	1.03757	1.75	
275	8	-3	4	2	-1	0	363	0.375	1.25	492	0.559017	1.58853	477	0.625	0.625	344	0.75	1.25	261	0.875	1.15533	37	0.875	1.03033	96	0.875	0.875	158	0.90533	0.853553	6	1.03033	0.978553	197	1.10355	1.625	
276	-13	3	4	0	1	0	26	0.375	0.375	375	0.5	0.5	204	0.5	0.5	428	0.5	0.5	404	0.625	0.625	421	0.875	0.75	22	0.875	0.875	386	1	0.875	135	1.125	0.875	348	1.25	0.75	
277	17	3	4	-1	-1	2	100	0.375	0.375	338	0.603553	1.71353	454	0.728553	1.83853	53	0.728553	1.71353	430	0.75	0.75	208	0.75	0.75	84	0.78033	0.625	42	0.91257	1.97855	28	0.934017	1.21353	34	0.963526	0.963526	
278	-16	2	4	-1	1	9	380	0.125	0.125	355	0.25	0.25	388	0.625	0.625	417	0.75	0.75	135	1	1.15533	80	1	1.125	22	1	0.90533	321	1.15533	0.978553	252	1.15533	0.875	209	1.28033	0.75	
279	3	-2	4	2	1	0	119	0.125	0.125	188	0.25	0.25	361	0.5	1.375	213	0.5	0.875	402	0.5	1.125	16	0.625	0.625	11	0.78033	0.75	162	0.875	1.15533	467	0.875	1.03033	226	0.875	0.875	
280	12	0	4	-1	-1	2	77	0.125	0.125	165	0.25	0.25	299	0.53033	0.53033	67	0.603553	1.53033	382	0.625	0.75	205	0.625	0.625	18	0.75	0.625	177	0.75	1.125	60	0.75	0.75	489	0.75	1.125	
281	3	3	4	-1	-1	1	439	0.25	0.25	148	0.75	0.75	70	0.75	1.25	164	0.75	0.625	79	0.875	0.75	240	0.875	1.125	255	0.934017	1.21353	92	0.978553	1.21353	431	1.03757	1.85355	389	1.10355	1.35355	
282	6	-1	4	1	2	0	384	0.25	0.25	112	0.375	1.25	158	0.65533	0.65533	223	0.728553	1.375	411	0.75	0.75	6	0.78033	0.75	96	0.838526	0.838526	286	0.875	1	498	0.875	1.03033	391	0.934017	2.08211	
283	-9	-4	4	-1	-2	2	83	0.125	0.125	335	0.75	0.75	38	0.75	0.75	51	1	1	109	1.00888	0.875	442	1.08853	1.05902	472	1.125	0.375	19	1.47855	0.978553	409	1.60355	1.58211	445	1.60355	1.22855	
284	-2	1	4	-2	-1	3	414	0.375	0.375	94	0.559017	1.58853	340	0.625	1	179	0.625	1.375	81	0.875	1	10	0.875	0.75	210	0.963526	0.963526	305	1	1	309	1	0.375	113	1	1	
285	2	0	4	2	-1	0	389	0.5	0.5	294	0.625	0.625	11	0.625	0.625	468	0.625	1	144	0.75	0.875	70	0.838526	0.838526	190	0.875	0.75	431	1	0.5	303	1	1.83853	44	1.03033	0.728553	
286	6	0	4	1	-1	2	62	0.603553	1.71353	411	0.625	1	93	0.853553	1.35355	466	0.978553	1.47855	412	1.03033	0.875	133	1.125	0.875	384	1.125	0.875	399	1.125	0.65533	282	1.15533	0.875	128	1.15533	0.25	
287	-9	1	4	-1	0	0	374	0.25	0.25	15	0.5	1	332	0.5	1.25	350	0.625	0.625	174	0.75	0.75	176	0.78033	0.78033	401	0.853553	1.95711	48	0.875	0.5	475	0.875	0.5	242	0.875	0.875	
288	-3	-2	4	1	-1	0	324	0.478553	1.15533	427	0.603553	1.71353	356	0.853553	1.58853	27	0.875	0.875	137	0.90533	0.728553	307	0.978553	1.21353	473	0.978553	1.46353	251	0.978553	1.35355	229	1	1	451	1	1	
289	17	-2	4	0	1	0	139	0.125	0.125	434	0.625	0.625	134	0.625	1.15533	217	0.75	0.75	97	0.853553	2.125	337	0.875	0.875	317	0.90533	0.728553	54	0.978553	1.75	320	1	1	225	1	0.625	
290	9	1	4	-2	1	1	393	0.375	0.375	17	0.5	1.125	93	0.625	0.75	412	0.728553	1.71353	151	0.875	0.875	396	0.978553	1.21353	438	0.978553	1.46353	358	1	1.125	12	1.03033	0.728553	128	1.03757	1.58211	
291	-7	3	4	-1	-2	7	39	0.478553	1.375	91	0.5	0.875	295	0.5	1.25	365	0.625	0.75	74	0.625	1.125	33	0.625	1.25	61	0.625	0.875	146	0.728553	1.375	156	0.75	0.75	495	0.853553	1.25	
292	-4	-4	4	1	2	0	214	0.5	0.5	172	0.5	1	324	0.728553	1.58853	451	0.75	0.90533	206	0.75	0.75	345	0.875	0.875	264	0.875	1.28033	27	0.934017	2.08211	342	0.978553	1.22855	395	1	0.78033	
293	-8	0	4	0	-1	0	184	0.125	0.125	176	0.25	0.25	159	0.375	0.375	313	0.5	0.5	212	0.603553	1.58853	88	0.625	0.625	143	0.625	0.78033	71	0.728553	1.375	397	0.75	0.90533	57	0.75	0.90533	
294	2	-1	4	2	-1	0	11	0.25	0.25	190	0.5	0.5	285	0.625	0.625	402	0.728553	1.58853	7	0.728553	1.71353	188	0.75	1.28033	119	0.75	0.90533	433	0.75	0.75	361	0.853553	1.83853	279	0.875	1.03033	
295	-7	2	4	1	-1	0	74	0.125	0.125	195	0.353553	1.40533	326	0.478553	1.15533	104	0.5	1.25	91	0.625	0.625	495	0.625	1.25	123	0.75	0.75	146	0.75	1.125	43	0.75	1	365	0.75	0.75	
296	-11	-1	4	2	-1	15	246	0.478553	1.28033	222	0.5	1.125	351	0.5	1.375	19	0.625	0.625	52	0.684017	1.46353	49	0.75	0.75	462	0.838526	0.838526	48	0.853553	1.47855	273	0.875	1.28033	253	1	1	
297	-8	2	4	2	-1	13	295	0.375	1	74	0.5	1.125	43	0.603553	1.5	104	0.603553	1.28033	326	0.728553	1.58853	159	0.728553	1.71353	123	0.75	1.28033	475	0.75	0.75	156	0.75	0.625	23	0.853553	1.46353	
298	3	2	4	-1	2	0	241	0.75	0.75	87	0.75	1.03033	63	0.875	0.875	150	0.875	0.875	240	1	0.625	487	1.125	1	166	1.125	1.10355	439	1.125	0.875	70	1.125	0.75	148	1.125	1	
299	11	1	4	-1	-1	0	170	0.125	0.125	12	0.478553	1.40533	280	0.53033	0.53033	60	0.625	1	416	0.625	0.875	77	0.65533	0.65533	489	0.853553	1.33853	382	0.963526	0.963526	205	1	1.15533	290	1	1.625	
300	5	-6	4	0	-1	16	201	0.25	0.25	138	0.78033	0.78033	50	1	0.875	68	1.375	0.875	322	1.47855	1.22855	98	1.5	1.25	254	1.53033	0.603553	479	1.58211	1.60355	274	1.60355	1.60355	103	1.66257	1.47855	
301	0	2	4	0	1	0	331	0.25	1.25	461	0.75	0.90533	76	0.75	1.125	166	0.853553	1.47855	92	0.875	1.125	305	0.978553	1.47855	25	1.03033	0.603553	79	1.10355	1.22855	389	1.10355	1.33853	414	1.10355	1.10355	
302	-6	3	4	2	1	0	23	0.125	0.125	147	0.25	0.25	126	0.5	0.5	146	0.5	0.5	495	0.625	0.625	69	0.728553	1.71353	45	0.75	1.5	145	0.875	1.125	295	0.90533	0.853553	418	1	1.375	
303	4	-1	4	2	-1	0	361	0.625	0.625	402	0.625	0.625	258	0.625	0.625	250	0.75	0.75	188	0.78033	0.75	102	0.809017	1.33853	16	0.838526	0.838526	112	0.853553	1.47855	182	0.875	1.03033	239	0.875	1.125	
304	-16	3	4	1	-1	0	209	0.25	0.25	252	0.375	0.375	388	0.5	1.25	80	0.603553	1.40533	22	0.625	1.25	135	0.625	1.25	321	0.728553	1.71353	136	0.75	0.75	465	0.853553	1.83853	417	1	1.15533	
305	-2	3	4	-2	-1	18	362	0.375	0.375	171	0.5	0.875	394	0.603553	1.375	309	0.875	1	81	0.978553	1.47855	418	0.978553	1.83211	113	0.978553	1.46353	45	1	1.25	310	1.10355	1.35355	145	1.125	1.75	
306	14	3	4	2	1	0	263	0.625	0.625	435	0.875	0.78033	122	0.875	1.28033	53	0.978553	1.60355	203	1	0.75	454	1.125	0.875	208	1.125	2	163	1.22855	1.35355	338	1.25	0.853553	485	1.35355	1.22855	
307	-1	-1	4	2	-1	0	473	0.25	0.25	483	0.375	1.25	198	0.478553	1.5	449	0.5	0.875	210	0.625	0.625	31	0.684017	1.46353	437	0.75	1.15533	137	0.875	0.875	180	0.90533	0.853553	431	1	1.21353	
308	17	-3	4	-2	-1	7	90	0.375	0.375	444	0.375	1.25	456	0.478553	1.40533	317	0.5	1.125	221	0.625	0.625	441	0.75	1.28033	392	0.875	0.78033	378	0.934017	1.375	139	1	0.875	225	1	1	
309	-2	2	4	0	-1	1	284	0.375	1	414	0.375	1.375	394	0.375	0.375	113	0.625	1.28033	81	0.625	0.78033	171	0.90533	0.728553	244	0.90533	0.728553	307	0.934017	1.83211	305	1	0.625	69	1	0.883883	
310	-1	1	4	2	-1	0	113	0.125	0.125	336	0.375	0.375	431	0.728553	1.71353	414	0.75	0.75	25	1	0.625	76	1	1.21353	11	1.03757	2.10355	227	1.10355	1.10355	284	1.125	1.125	473	1.13388	1	
311	11	2	4	2	-1	0	259	0.5	0.5	280	0.728553	1.47855	165	0.728553	1.71353	110	0.75	0.875	360	0.78033	0.75	269	0.853553	1.46353	270	0.853553	1.46353	4	0.90533	0.625	438	0.90533	0.853553	489	0.978553	1.83211	
312	-15	0	4	-1	-2	1	405	0.5	1.375	376	0.684017	1.71353	168	0.75	0.75	267	0.809017	1.33853	455	1	0.625	153	1.10355	1.47855	425	1.125	0.963526	152	1.18402	1.58211	211	1.28033	0.603553	154	1.28033	0.478553	
313	-8	0	4	1	0	0	88	0.125	0.125	450	0.25	1.25	216	0.5	0.5	293	0.5	0.5	184	0.625	0.625	464	0.728553	1.375	123	0.75	0.90533	71	0.75	0.90533	43	0.75	0.90533	176	0.75	0.75	
314	-9	-3	4	0	1	0	52	0.375	1.125	423	0.5	0.5	216	0.809017	2.125	268	0.853553	1.875	373	0.875	1.46353	472	0.875	0.875	88	0.934017	1.83211	476	0.934017	1.60355	71	0.978553	1.72855	273	0.978553	2	
315	13	-4	4	-1	2	0	488	0.603553	1.28033	482	0.853553	1.58853	266	0.875	1.03033	339	0.875	1.125	378	0.875	0.875	480	1.10355	1.71353	262	1.10355	1.75	334	1.125	1.03033	40	1.125	0.75	429	1.20711	1.875	
316	-15	-2	4	-2	1	1	116	0.5	0.5	196	0.75	0.75	381	0.75	0.625	368	0.875	0.5	95	0.978553	1.46353	376	1.10355	1	405	1.125	0.75	108	1.125	1	55	1.125	0.625	455	1.22855	1.22855	
317	16	-3	4	-1	2	0	237	0.25	0.25	444	0.375	0.375	217	0.478553	1.15533	90	0.75	0.625	392	0.75	0.875	330	0.853553	1.60355	139	0.875	0.78033	78	0.875	1.125	441	0.875	0.875	225	0.875	0.875	
318	-13	1	4	2	-1	12	440	0.625	1.375	459	0.75	0.875	500	0.875	1.03033	497	0.875	0.5	481	0.875	0.75	154	0.875	0.875	422	0.875	0.875	268	0.934017	1.83211	49	0.978553	1.71353	253	0.978553	1.47855	
319	20	3	4	-1	-1	2	132	0.25	0.25	34	0.353553	1.40533	233	0.353553	1.28033	490	0.625	0.625	491	0.75	0.75	106	0.853553	1.46353	327	0.957107	1.68566	325	1.03033	1.03033	271	1.125	0.25	1	1.125	1.125	
320	17	-2	4	0	-1	0	337	0.125	0.125	308	0.375	1	434	0.375	0.375	456	0.603553	1.83853	221	0.625	1.375	101	0.625	0.625	225	0.625	1	444	0.728553	1.25	441	0.728553	1.71353	78	0.75	0.625	
321	-15	1	4	-1	-2	2	465	0.125	0.125	312	0.5	1.125	455	0.625	1	154	0.625	0.625	388	0.78033	0.75	211	0.875	0.75	376	0.934017	2.08211	380	1	1.03033	95	1	1.125	115	1	0.375	
322	4	-4	4	1	2	0	257	0.125	0.125	424	0.603553	1.5	207	0.625	0.625	467	0.75	0.875	479	0.75	0.75	182	0.853553	1.58853	8	0.875	1.40533	493	0.875	0.875	98	0.90533	0.625	50	1	0.78033	
323	7	-3	4	1	1	0	96	0.353553	1.40533	103	0.375	0.375	477	0.478553	1.15533	6	0.5	1	275	0.625	1.25	158	0.625	0.875	131	0.75	0.625	369	0.75	0.75	29	0.875	0.875	37	0.963526	0.963526	
324	-2	-3	4	2	1	0	427	0.5	1.375	198	0.853553	1.33853	437	0.853553	1.71353	27	0.963526	0.963526	229	0.978553	1.46353	452	1	0.90533	356	1	1.125	451	1	1	141	1.10355	1.35355	206	1.15533	0.853553	
325	19	2	4	-1	1	0	233	0.25	0.25	406	0.375	0.375	34	0.625	0.625	327	0.65533	0.65533	277	0.728553	1.58853	84	0.75	1.125	491	0.78033	0.78033	236	0.883883	1.125	319	1.03033	0.603553	106	1.03033	0.75	
326	-6	1	4	2	1	0	195	0.5	0.5	146	0.5	0.5	495	0.625	0.625	69	0.684017	1.46353	464	0.875	0.875	365	0.978553	1.22855	23	1.00888	0.875	74	1.03033	0.603553	43	1.125	0.625	471	1.125	1.125	
327	18	1	4	-2	1	2	28	0.5	0.5	84	0.5	0.5	236	0.603553	1.5	106	0.625	0.875	325	0.65533	0.65533	370	0.875	0.875	54	0.90533	0.90533	233	0.90533	0.728553	454	0.934017	2.08211	35	1.03033	0.853553	
328	-8	1	4	-2	-1	3	287	0.375	1.25	374	0.375	1.25	39	0.5	0.5	184	0.625	0.875	293	0.75	1	176	0.75	0.75	57	0.853553	1.60355	313	0.875	1.125	43	0.875	0.875	173	0.934017	1.83211	
329	13	0	4	-1	1	0	77	0.5	1.25	299	0.603553	1.58853	247	0.625	0.625	105	0.625	0.625	410	0.65533	0.65533	170	0.728553	1.71353	333	0.75	0.75	181	0.75	0.75	349	0.75	0.75	489	0.853553	1.25	
330	14	-2	4	-2	-1	16	390	0.75	0.75	482	0.75	0.75	353	0.978553	1.33853	217	1	0.75	443	1.10355	1.125	334	1.125	0.75	14	1.125	0.875	77	1.18402	1.31066	413	1.18402	1.47855	456	1.18566	1.18566	
331	0	3	4	1	2	0	461	0.625	0.625	419	1	1	79	1	1.35355	166	1	1.5	44	1.08853	1.05902	164	1.125	1.22855	305	1.25	1.47855	310	1.33853	0.978553	309	1.35355	1.10355	70	1.35355	1.83211	
332	-10	1	4	-2	-1	2	408	0.375	1	15	0.5	0.5	401	0.728553	1.71353	173	0.75	0.90533	457	0.838526	0.838526	3	0.853553	1.58853	157	0.875	1.03033	440	0.875	1	350	0.90533	0.853553	199	1	1.21353	
333	13	1	4	-2	-1	13	247	0.125	0.125	181	0.25	0.25	269	0.375	0.375	77	0.478553	1.28033	165	0.603553	1.375	299	0.625	1.375	265	0.75	0.75	329	0.75	0.75	60	0.853553	1.58853	13	0.875	1.03033	
334	14	-3	4	1	2	0	482	0.5	1.125	448	0.684017	1.71353	101	0.728553	1.47855	390	0.75	0.875	217	0.75	1.15533	78	0.853553	1.60355	262	0.875	0.78033	378	0.90533	0.625	434	0.978553	1.70711	339	1	1	
335	-9	-4	4	-1	2	0	51	0.25	0.25	314	0.625	1.25	283	0.75	0.75	472	1	1	476	1.08211	1.97855	83	1.125	0.875	423	1.125	1.03033	445	1.18402	1.31066	246	1.22855	1.35355	345	1.25	1.25	
336	-1	1	4	1	1	0	25	0.25	0.25	310	0.375	0.375	301	0.478553	1.28033	113	0.5	0.5	76	0.603553	1.58853	219	0.78033	0.625	389	0.957107	1.875	331	0.978553	1.71353	284	1	1.125	461	1	1.375	
337	17	-2	4	1	-2	0	320	0.125	0.125	434	0.25	0.25	308	0.5	1.125	456	0.728553	1.71353	221	0.75	1.5	101	0.75	0.625	225	0.75	0.875	441	0.853553	1.60355	90	0.875	1.125	78	0.875	0.5	
338	15	2	4	-2	1	2	454	0.125	0.125	203	0.375	0.375	263	0.478553	1.40533	463	0.5	1.125	155	0.5	0.875	269	0.728553	1.47855	333	0.728553	1.58853	435	0.75	0.75	175	0.875	0.5	410	0.875	0.78033	
339	14	-4	4	1	-1	0	353	0.75	0.75	237	0.978553	1.47855	101	1.06066	1.06066	390	1.125	0.875	378	1.125	1.125	78	1.18566	1.18566	317	1.22855	1.22855	217	1.22855	1.35355	315	1.25	0.875	456	1.33853	1.13388	
340	-3	1	4	0	1	0	453	0.603553	1.58853	179	0.75	1.125	81	0.75	0.75	25	0.75	0.75	180	0.78033	0.78033	484	0.875	1	85	0.963526	0.963526	414	1	1	461	1.10355	1.68566	86	1.125	1.15533	
341	-9	2	4	1	-1	0	475	0.25	0.25	297	0.5	1	156	0.53033	0.53033	436	0.625	0.625	184	0.728553	1.71353	242	0.75	0.75	293	0.853553	1.83853	127	0.853553	1.25	326	0.853553	1.83211	176	0.853553	1.58853	
342	-3	-5	4	0	-1	25	395	0.625	0.625	120	0.75	0.78033	446	0.853553	1.375	238	0.875	1	178	0.963526	0.963526	32	1	0.875	149	1.10355	1.125	206	1.125	1	5	1.125	0.875	187	1.25	1.375	
343	1	1	4	1	0	0	44	0.125	0.125	389	0.375	1.375	76	0.625	0.625	92	0.75	0.625	431	0.75	0.625	241	0.809017	1.95711	250	0.853553	1.875	240	0.875	1.58853	258	0.978553	2	303	1.08211	2.22855	
344	8	-4	4	-2	-1	3	254	0.728553	1.97855	29	0.728553	1.71353	369	0.853553	1.60355	103	0.853553	1.28033	158	0.978553	1.22855	131	1	1	249	1	0.75	201	1.08211	2.47855	300	1.08211	2.31066	194	1.10355	1.125	
345	-6	-4	4	0	1	0	191	0.25	0.25	59	0.5	0.5	169	0.728553	1.25	264	0.75	0.90533	21	0.809017	1.33853	373	0.957107	2.22855	71	0.978553	1.75	235	1	0.625	423	1	0.963526	0	1	0.875	
346	17	0	4	1	1	0	35	0.125	0.125	54	0.25	0.25	383	0.375	0.375	106	0.728553	1.71353	327	0.853553	1.15533	370	0.875	1.03033	400	0.875	0.875	97	0.875	0.78033	406	0.957107	1.93566	366	1.03033	0.853553	
347	11	-2	4	2	1	0	415	0.125	0.125	266	0.875	0.78033	426	0.875	1.03033	248	0.90533	0.853553	14	0.934017	2.08211	30	1.03033	0.728553	443	1.10355	1	18	1.125	1.125	480	1.125	0.875	186	1.125	0.625	
348	-11	3	4	-1	0	3	457	0.125	0.125	428	0.375	1	157	0.5	0.5	386	0.728553	1.71353	497	0.728553	1.46353	199	0.875	1.28033	332	0.963526	0.963526	375	0.978553	1.75	26	1.10355	1.625	204	1.10355	1	
349	13	0	4	1	0	0	105	0.125	0.125	364	0.375	0.375	14	0.625	1.03033	329	0.75	0.75	155	0.853553	1.47855	366	0.853553	1.95711	269	0.875	0.5	181	0.875	1.125	165	0.875	0.75	78	0.957107	2.22855	
350	-9	2	4	-1	1	0	242	0.25	0.25	33	0.53033	0.53033	457	0.603553	1.71353	174	0.625	0.625	287	0.625	0.625	15	0.65533	0.65533	408	0.853553	1.58853	332	0.875	0.90533	61	0.90533	0.728553	348	0.978553	1.83853	
351	-10	-1	4	2	1	0	222	0.25	0.25	57	0.5	1.125	48	0.603553	1.375	246	0.625	0.625	273	0.625	0.875	313	0.684017	1.71353	212	0.728553	1.375	52	0.75	0.65533	268	0.75	0.75	56	0.875	0.875	
352	-4	-1	4	2	1	0	27	0.375	1	180	0.728553	1.71353	94	0.75	1.25	58	0.75	0.625	229	0.875	1	340	0.978553	1.71353	86	1	1	310	1.03757	2.10355	85	1.125	1.03033	172	1.125	0.875	
353	15	-4	4	1	-2	0	339	0.75	0.625	456	0.75	0.75	441	0.875	0.75	78	1.08853	1.05902	225	1.10355	1.33853	237	1.125	1.28033	139	1.22855	1.22855	337	1.31066	1.18402	434	1.31066	1.31066	289	1.35355	1.35355	
354	2	-3	4	1	0	0	16	0.5	1.25	470	0.5	0.5	119	0.625	1.28033	213	0.728553	1.71353	226	0.75	1	188	0.75	0.90533	31	0.78033	0.78033	68	0.853553	2.22855	493	0.875	0.5	294	0.875	0.875	
355	-16	2	4	-1	0	4	380	0.125	0.125	278	0.25	0.25	388	0.375	0.375	252	0.75	0.625	209	0.875	0.5	211	1	1.125	417	1	0.875	22	1.125	1.15533	304	1.125	0.75	312	1.21353	1.21353	
356	-2	-4	4	-1	-1	2	342	0.478553	1.28033	206	0.5	1.375	238	0.603553	1.71353	446	0.957107	1.68566	452	1	1.125	451	1	1.03033	260	1.03033	0.853553	214	1.125	1.125	187	1.18402	1.83211	32	1.20711	1.83853	
357	4	1	4	-1	1	0	232	0.125	0.125	298	0.353553	1.40533	241	0.5	1.375	63	0.5	1.25	255	0.625	0.625	468	0.78033	0.625	144	0.853553	1.15533	150	0.875	0.78033	240	0.978553	1.125	387	1	1	
358	9	0	4	1	-2	0	12	0.875	0.75	248	0.934017	2.08211	82	0.934017	1.375	4	1	0.90533	151	1	0.5	186	1	1.83853	30	1.05902	1.95711	290	1.125	0.875	60	1.13388	1	416	1.15533	0.478553	
359	6	-3	4	1	2	0	369	0.25	0.25	29	0.375	0.375	6	0.478553	1.28033	102	0.5	1.125	103	0.625	0.625	274	0.65533	0.65533	8	0.75	0.625	323	0.75	0.75	213	0.838526	0.838526	466	0.853553	1.25	
360	10	1	4	2	-1	0	4	0.125	0.125	416	0.625	0.625	12	0.75	1.25	299	0.875	1	200	0.875	0.875	311	0.875	0.78033	349	0.934017	2.08211	67	0.978553	1.47855	111	1	1	393	1	1	
361	4	-2	4	2	-1	0	402	0.25	0.25	213	0.5	0.5	215	0.5	0.5	182	0.5	1.375	467	0.625	0.625	303	0.625	0.625	282	0.728553	1.60355	8	0.75	0.90533	16	0.78033	0.75	359	0.809017	1.33853	
362	-2	3	4	0	-1	0	305	0.375	0.375	309	0.375	1.375	171	0.5	0.5	244	0.5	0.5	310	0.728553	1.71353	81	0.853553	1.33853	45	0.875	0.875	419	0.875	0.875	394	0.875	1.03033	284	1.10355	1.375	
363	9	-3	4	1	1	0	248	0.5	1.375	30	0.625	1.25	131	0.625	0.625	415	0.728553	1.83853	197	0.75	1.125	347	0.853553	1.71353	477	0.90533	0.728553	6	0.963526	0.963526	62	0.963526	0.963526	82	0.978553	1.125	
364	13	0	4	1	-2	0	349	0.375	0.375	14	0.478553	1.375	165	0.5	0.5	105	0.5	0.5	18	0.728553	1.375	489	0.75	0.90533	330	0.809017	1.33853	382	0.853553	1.28033	390	0.853553	1.58853	77	0.875	0.875	
365	-7	2	4	-1	0	1	91	0.125	0.125	39	0.375	1.375	471	0.5	0.5	287	0.603553	1.58853	127	0.603553	1.25	66	0.625	0.625	328	0.625	1.15533	33	0.625	1.28033	43	0.75	1	464	0.75	0.625	
366	16	-1	4	1	-1	0	337	0.353553	1.40533	320	0.478553	1.28033	101	0.5	0.875	434	0.603553	1.40533	400	0.625	0.875	392	0.625	1.25	78	0.625	0.75	54	0.853553	1.25	134	0.875	0.875	308	0.978553	1.46353	
367	16	0	4	2	-1	0	383	0.375	1.125	346	0.375	1.25	400	0.478553	1.40533	35	0.5	1.125	54	0.625	1	320	0.728553	1.71353	366	0.75	0.75	42	0.875	0.625	53	0.875	0.5	106	0.978553	1.35355	
368	-15	-3	4	-1	2	0	381	0.125	0.125	116	0.375	0.375	316	0.5	0.875	196	0.75	0.90533	64	0.875	0.75	224	0.875	0.875	152	1	0.625	455	1.03757	1.58211	153	1.10355	1.46353	89	1.28033	0.478553	
369	6	-3	4	-1	2	0	29	0.125	0.125	359	0.25	0.25	102	0.5	1.375	466	0.603553	1.28033	103	0.625	0.625	323	0.75	0.75	8	0.75	0.75	6	0.875	1.03033	131	0.875	0.875	424	0.875	0.75	
370	18	1	4	1	-1	0	28	0.375	0.375	383	0.65533	0.65533	327	0.875	0.875	34	0.90533	0.728553	406	1	1.15533	346	1.03033	0.603553	366	1.06066	1.06066	400	1.08853	1.08853	84	1.125	0.75	106	1.125	1.125	
371	-1	-4	4	-1	1	0	183	0.25	0.25	260	0.5	0.875	451	0.603553	1.58853	501	0.625	1	251	0.75	1.125	452	0.75	0.75	437	0.853553	1.35355	206	0.875	1.25	245	0.978553	1.21353	324	1	1.15533	
372	-12	-2	4	-1	1	0	75	0.25	0.25	185	0.353553	1.28033	41	0.603553	1.53033	481	0.728553	1.71353	24	0.75	1.25	108	0.75	0.625	476	0.78033	0.625	425	0.875	1.03033	19	1	1	196	1.00888	1	
373	-8	-1	4	-1	2	0	216	0.375	1.25	88	0.5	1.125	313	0.625	1	374	0.728553	1.71353	48	0.75	1.15533	287	0.853553	1.46353	450	0.875	1.28033	176	0.875	1	71	0.875	0.875	436	0.934017	1.375	
374	-9	1	4	-1	1	0	287	0.25	0.25	332	0.5	1.25	350	0.625	0.875	15	0.625	0.75	242	0.625	1.125	189	0.728553	1.03033	39	0.78033	0.625	127	0.853553	1.33853	273	0.90533	0.728553	157	0.978553	1.71353	
375	-13	3	4	-1	0	2	26	0.125	0.125	386	0.5	0.5	276	0.5	0.5	243	0.625	1	199	0.78033	0.78033	321	0.853553	1.72855	278	0.853553	1.875	355	0.853553	2.125	388	0.853553	1.83211	136	0.875	1.375	
376	-16	-2	4	0	-1	0	267	0.375	0.375	116	0.875	0.875	55	0.875	0.875	405	0.90533	0.728553	381	1.125	0.853553	256	1.22855	1.75	368	1.25	0.978553	95	1.35355	1.60355	224	1.35355	1.21353	316	1.375	0.625	
377	-13	-4	4	0	-1	0	202	0.125	0.125	220	0.375	0.375	109	0.75	0.75	89	1	1.125	409	1.125	0.75	368	1.22855	1.22855	153	1.25	1	478	1.25	1.25	116	1.35355	1.33853	381	1.35355	1.35355	
378	15	-4	4	0	1	0	482	0.728553	1.46353	334	0.75	0.90533	317	0.75	0.90533	353	0.875	0.875	315	0.875	0.875	289	0.978553	1.56066	441	1	0.625	262	1.05902	1.43566	434	1.10355	1.47855	139	1.10355	1.43566	
379	5	1	4	-1	0	1	232	0.25	1.25	255	0.375	1	223	0.375	0.375	357	0.375	1.125	124	0.5	0.5	230	0.625	0.625	298	0.728553	1.71353	144	0.728553	1.71353	160	0.75	0.90533	167	0.75	1	
380	-16	2	4	-2	1	0	355	0.125	0.125	278	0.125	0.125	388	0.5	0.5	252	0.875	0.75	417	0.875	0.875	209	1	0.625	321	1.03033	0.978553	80	1.125	1.125	304	1.25	0.875	154	1.33853	0.978553	
381	-15	-3	4	-1	1	0	368	0.125	0.125	116	0.25	0.25	316	0.75	0.75	224	0.75	0.75	196	1	0.78033	41	1.06066	1.06066	267	1.10355	1.22855	376	1.125	1.125	55	1.15533	0.728553	64	1.28033	0.875	
382	12	-1	4	-2	-1	17	18	0.125	0.125	67	0.375	1	489	0.375	0.375	77	0.625	0.625	82	0.684017	1.71353	280	0.75	0.625	443	0.75	1	170	0.838526	0.838526	60	0.875	0.78033	329	0.90533	0.853553	
383	17	0	4	2	-1	0	346	0.375	0.375	35	0.5	0.5	54	0.625	0.625	366	0.65533	0.65533	370	0.75	0.65533	400	0.75	0.75	78	0.838526	0.838526	101	0.963526	0.963526	392	1.10355	1.35355	320	1.125	1.375	
384	6	-1	4	-1	2	0	282	0.25	0.25	112	0.375	1.25	223	0.478553	1.375	379	0.853553	1.46353	286	0.875	1.125	158	0.90533	0.853553	239	0.978553	1.21353	411	1	1	466	1	1.03033	6	1.03033	0.728553	
385	4	2	4	0	-1	1	160	0.125	0.125	255	0.5	1.25	387	0.625	0.625	124	0.625	1.03033	63	0.728553	1.375	144	0.728553	1.71353	70	0.75	0.625	407	0.75	1	241	0.75	0.75	281	0.78033	0.78033	
386	-13	2	4	-2	-1	1	115	0.478553	1.15533	497	0.5	0.5	375	0.5	0.5	154	0.603553	1.5	26	0.625	0.625	65	0.75	0.75	422	0.75	0.75	318	0.75	1.25	465	0.853553	1.46353	276	0.875	1	
387	5	2	4	1	-1	0	407	0.375	0.375	128	0.478553	1.28033	133	0.5	1	167	0.625	0.625	124	0.625	1.125	385	0.625	0.625	150	0.75	0.75	160	0.75	0.75	228	0.853553	1.58853	36	0.978553	1.46353	
388	-16	2	4	-1	-2	1	355	0.375	0.375	211	0.5	1.125	380	0.5	0.5	278	0.625	0.625	465	0.75	0.90533	154	0.838526	0.838526	80	0.875	0.875	321	0.875	0.78033	136	1.03033	0.728553	243	1.08853	1.05902	
389	2	1	4	1	0	0	285	0.5	0.5	240	0.625	1.03033	298	0.728553	1.375	70	0.75	0.90533	431	0.78033	0.78033	258	0.875	1.46353	166	0.875	0.875	11	0.875	0.875	167	0.934017	1.83211	87	0.978553	1.72855	
390	14	-2	4	2	-1	0	482	0.5	0.5	14	0.5	0.5	101	0.625	1.375	330	0.75	0.75	237	0.809017	1.33853	448	0.853553	1.375	334	0.875	0.75	339	1	1.125	289	1.03757	1.58211	225	1.05902	1.95711	
391	7	2	4	1	1	0	460	0.125	0.125	228	0.5	0.875	20	0.603553	1.58853	399	0.75	0.75	218	0.75	1.125	114	0.75	0.75	36	0.75	0.75	93	0.78033	0.625	151	0.853553	1.58853	47	0.978553	1.83853	
392	16	-2	4	-2	-1	2	444	0.5	0.5	101	0.625	0.625	78	0.75	0.75	320	0.75	0.75	308	0.78033	0.75	221	0.838526	0.838526	353	0.853553	1.60355	337	0.875	0.875	317	0.875	0.75	134	0.875	0.875	
393	9	1	4	-1	-1	0	290	0.375	0.375	151	0.5	0.5	498	0.603553	1.71353	17	0.625	1.25	358	0.625	1.25	12	0.65533	0.65533	93	0.75	1.125	60	0.963526	0.963526	360	1	1	272	1.03757	1.85355	
394	-3	2	4	0	-1	5	309	0.375	0.375	81	0.375	1.125	69	0.625	0.625	414	0.625	1.03033	484	0.728553	1.375	86	0.728553	1.71353	418	0.75	0.75	284	0.75	0.90533	137	0.934017	2	244	0.963526	0.963526	
395	-3	-5	4	2	1	0	342	0.625	0.625	206	0.625	1.25	214	0.875	1	120	0.90533	0.853553	172	0.963526	0.963526	292	1	0.78033	452	1	1.875	371	1.10355	1.47855	501	1.10355	1.60355	238	1.125	1.125	
396	10	3	4	0	1	0	438	0.25	0.25	130	0.375	0.375	111	0.625	0.625	20	0.625	0.625	47	0.875	0.5	486	1	0.883883	290	1.21353	0.978553	110	1.22855	0.978553	4	1.25	1	259	1.25	0.978553	
397	-7	-1	4	-1	-2	5	143	0.125	0.125	176	0.65533	0.65533	373	0.75	1.25	184	0.78033	0.75	293	0.90533	0.625	48	0.978553	1.22855	445	1	1	283	1.08211	2.35355	328	1.08853	1.05902	499	1.125	0.5	
398	15	0	4	-1	2	0	175	0.5	1.125	485	0.603553	1.28033	410	0.603553	1.5	333	0.728553	1.60355	181	0.728553	1.58853	97	0.75	0.90533	54	0.875	0.875	263	0.934017	2.08211	329	1.00888	1.125	306	1.05902	1.70711	
399	7	1	4	2	-1	1	93	0.625	1	151	0.625	1.375	412	0.625	1.25	460	0.625	0.625	286	0.65533	0.65533	128	0.75	0.75	391	0.75	0.75	358	0.853553	1.58853	114	0.875	1.28033	458	0.978553	1.47855	
400	17	-1	4	1	-1	0	320	0.5	1.125	101	0.53033	0.53033	337	0.625	1	78	0.65533	0.65533	434	0.75	0.75	444	0.853553	1.35355	308	0.875	1.47855	366	0.875	0.5	346	1	0.875	456	1.10355	1.70711	
401	-12	0	4	-1	-1	0	3	0.125	0.125	185	0.353553	1.28033	253	0.5	0.875	425	0.603553	1.53033	469	0.625	1.25	49	0.75	1.125	476	0.78033	0.625	115	0.853553	1.33853	481	0.875	1.125	154	0.963526	0.963526	
402	4	-2	4	2	1	0	213	0.25	0.25	361	0.25	0.25	182	0.5	1.125	467	0.625	0.625	303	0.625	0.625	162	0.625	1.25	215	0.75	0.75	8	0.75	0.65533	411	0.809017	1.33853	282	0.853553	1.58853	
403	5	3	4	-1	1	0	420	0.25	0.25	46	0.5	0.5	117	0.75	1.125	385	0.853553	1.25	298	0.963526	0.963526	232	0.963526	0.963526	160	1	1.15533	379	1	1	87	1.03033	0.75	241	1.03033	0.603553	
404	-12	3	4	1	1	0	421	0.125	0.125	204	0.125	0.125	428	0.375	0.375	276	0.625	0.625	26	1	1	375	1.125	1.125	157	1.15533	0.728553	497	1.15533	0.978553	318	1.21353	0.978553	457	1.25	0.875	
405	-15	-1	4	1	-2	0	376	0.75	0.90533	455	0.75	0.75	55	0.875	1.03033	153	0.978553	1.71353	202	1.03757	2.10355	224	1.16257	1.70711	381	1.18402	1.22855	377	1.20711	2.22855	220	1.28757	1.85355	368	1.30902	1.25	
406	19	2	4	1	2	0	325	0.375	0.375	491	0.478553	1.15533	233	0.625	0.625	1	0.728553	2.03033	234	0.728553	1.78033	490	0.978553	1.60355	34	1	1	106	1	0.625	327	1.03033	0.978553	277	1.22855	1.22855	
407	5	2	4	2	1	0	167	0.25	0.25	387	0.375	0.375	150	0.375	0.375	133	0.5	1.375	403	0.625	1.25	496	0.684017	1.46353	228	0.728553	1.71353	399	0.728553	1.58853	36	0.853553	1.83853	117	0.978553	1.22855	
408	-11	1	4	-1	-1	0	3	0.353553	1.40533	440	0.5	0.5	199	0.53033	0.53033	401	0.603553	1.53033	469	0.603553	1.71353	157	0.75	0.75	459	0.75	0.75	49	0.853553	1.83853	386	0.978553	1.21353	422	0.978553	1.22855	
409	-12	-4	4	-1	1	0	202	0.625	1.25	220	0.625	1.25	108	0.728553	1.83853	377	0.75	1.125	381	0.978553	1.96353	224	1.08211	2	89	1.125	1.125	462	1.22855	1.125	153	1.22855	1.35355	196	1.22855	1.81066	
410	14	1	4	-2	1	1	485	0.25	0.25	163	0.375	0.375	247	0.375	1.25	333	0.5	1.375	181	0.5	1.125	231	0.559017	1.58853	265	0.625	0.625	155	0.625	0.875	280	0.728553	1.71353	165	0.728553	1.47855	
411	6	-1	4	1	-2	0	477	0.728553	1.58853	282	0.75	0.75	466	0.853553	1.28033	272	0.875	1.40533	158	0.875	1.15533	6	1	1.25	102	1	1	286	1	0.5	384	1	1	399	1.08853	1.05902	
412	7	0	4	-1	-1	0	498	0.375	0.375	458	0.53033	0.53033	411	0.603553	1.15533	112	0.75	1.125	128	0.78033	0.625	379	0.853553	1.33853	474	0.875	0.90533	477	0.978553	1.47855	286	1.03033	0.875	215	1.03757	2.22855	
413	12	-4	4	1	-1	0	40	0.125	0.125	266	0.75	0.75	426	0.75	0.625	334	0.978553	1.47855	390	1.18566	1.18566	347	1.21353	0.978553	315	1.25	1.125	488	1.25	0.625	482	1.35355	1.47855	448	1.53757	1.70711	
414	-2	1	4	0	-1	0	284	0.375	0.375	113	0.625	0.625	81	0.625	0.625	307	0.728553	1.71353	310	0.75	0.75	288	0.853553	1.875	210	0.875	1.33853	336	0.875	1.125	94	0.978553	1.47855	394	1.03033	0.603553	
415	11	-2	4	1	0	0	347	0.125	0.125	266	0.75	0.90533	248	0.78033	0.78033	489	0.875	0.875	30	0.90533	0.728553	105	0.978553	1.68566	334	0.978553	1.75	186	1	0.625	197	1.03033	0.603553	429	1.10355	1.22855	
416	10	1	4	-1	-1	1	358	0.603553	1.15533	290	0.625	1.25	12	0.625	0.75	360	0.625	0.625	393	0.625	0.875	114	0.978553	1.22855	17	1	1.625	151	1.03033	0.875	118	1.03033	0.603553	67	1.10355	1.08853	
417	-15	2	4	1	2	0	80	0.5	0.5	135	0.5	0.875	22	0.5	1.125	380	0.875	0.875	136	1	1	355	1	1	278	1	0.75	455	1.125	1	422	1.13388	1	321	1.25	1.125	
418	-5	2	4	0	-1	0	69	0.625	0.625	179	0.625	0.78033	394	0.75	0.75	484	0.75	0.90533	471	0.853553	1.47855	195	0.875	0.90533	45	0.90533	0.728553	291	0.963526	0.963526	159	0.978553	1.56066	326	1	0.978553	
419	0	3	4	-1	-2	4	244	0.625	0.625	76	0.75	1.15533	113	0.853553	1.46353	362	0.875	0.875	164	0.875	0.875	310	0.978553	1.33853	461	1	1	79	1	1	331	1	1	92	1.125	1.03033	
420	5	3	4	-1	0	1	403	0.25	0.25	117	0.25	1.375	46	0.25	0.25	281	0.5	1.5	148	0.625	1	160	0.75	1.375	439	0.75	1.25	379	0.75	0.75	150	0.875	0.5	385	0.875	1.25	
421	-12	3	4	2	1	0	404	0.125	0.125	204	0.25	0.25	428	0.5	0.5	276	0.75	0.75	341	0.978553	1.83211	457	1	1	497	1.03033	0.978553	318	1.08853	1.05902	375	1.125	1.25	332	1.22855	1.10355	
422	-13	2	4	1	2	0	404	0.478553	1.40533	421	0.603553	1.5	26	0.625	1.125	276	0.625	1.25	497	0.75	0.75	386	0.75	0.75	204	0.75	1.28033	22	0.838526	0.838526	318	0.875	0.875	428	0.875	1.03033	
423	-8	-3	4	1	2	0	314	0.5	0.5	52	0.75	0.65533	445	0.875	1.03033	191	0.963526	0.963526	432	1	1.15533	472	1	1	169	1	0.625	335	1.03033	0.728553	450	1.05902	1.95711	143	1.18402	1.22855	
424	5	-3	4	2	1	0	8	0.125	0.125	102	0.478553	1.5	359	0.5	0.875	68	0.625	0.625	182	0.625	0.625	272	0.684017	1.46353	158	0.728553	1.71353	194	0.728553	1.375	369	0.75	0.875	402	0.78033	0.75	
425	-13	-1	4	-1	-1	1	185	0.25	0.25	55	0.353553	1.40533	41	0.5	0.5	316	0.603553	1.71353	49	0.625	0.625	469	0.75	0.75	153	0.75	1.125	312	0.963526	0.963526	168	0.978553	1.47855	462	0.978553	1.47855	
426	12	-3	4	2	-1	0	266	0.25	0.25	40	0.625	0.625	339	0.728553	1.71353	413	0.75	0.75	488	0.75	0.75	482	0.853553	1.60355	443	1	0.375	347	1.03033	0.728553	353	1.05902	1.96353	14	1.10355	1.43566	
427	-1	-3	4	2	-1	0	142	0.375	1	452	0.5	0.5	251	0.625	0.625	31	0.728553	1.71353	501	0.75	0.75	437	0.75	0.90533	198	0.875	0.78033	260	0.875	0.875	307	1	1	141	1.125	0.853553	
428	-12	3	4	-1	2	0	204	0.25	0.25	404	0.375	0.375	276	0.5	0.5	421	0.5	0.5	375	0.625	1	26	0.875	0.875	386	1	1.03033	348	1	0.375	199	1	1	422	1.03033	0.603553	
429	10	-4	4	-2	-1	4	261	0.375	1	249	0.625	1	131	0.728553	1.47855	37	0.75	1.125	82	0.875	0.875	492	1	1	103	1.10355	1.70711	96	1.10355	1.35355	480	1.15533	0.603553	248	1.25	0.625	
430	18	3	4	1	-2	0	28	0.625	1.75	84	0.625	1	100	0.625	0.625	277	0.75	0.75	34	0.875	1.03033	132	0.875	0.875	208	1	0.375	236	1	1	106	1	1	319	1.125	1.125	
431	1	0	4	1	-1	0	11	0.478553	1.15533	294	0.478553	1.40533	285	0.5	1	343	0.625	0.625	44	0.75	0.75	141	0.853553	1.46353	198	0.934017	1.21353	389	1	0.78033	190	1	1.15533	483	1.03033	0.603553	
432	-7	-4	4	1	-1	0	2	0.125	0.125	191	0.5	1.375	5	0.603553	1.71353	107	0.78033	0.625	0	1	1.15533	442	1	0.375	83	1	1	169	1.125	0.75	345	1.125	1.125	447	1.15533	1.15533	
433	2	-1	4	-1	2	0	190	0.25	0.25	11	0.5	0.5	294	0.75	0.75	129	0.75	0.75	468	0.75	0.90533	44	0.809017	1.33853	245	0.838526	0.838526	119	0.90533	0.853553	343	0.934017	1.375	213	1.08853	1.05902	
434	17	-2	4	2	-1	0	337	0.25	0.25	320	0.375	0.375	225	0.625	0.625	289	0.625	0.625	139	0.75	0.75	400	0.75	0.625	308	0.75	1.25	456	0.978553	1.46353	101	1	0.5	383	1	1	
435	15	2	4	2	1	0	203	0.375	0.375	122	0.5	0.5	208	0.684017	1.71353	338	0.75	0.75	306	0.78033	0.75	100	0.809017	1.33853	454	0.875	0.875	155	0.875	0.875	97	1	0.75	430	1.05902	1.70711	
436	-9	1	4	1	0	0	159	0.603553	1.58853	313	0.625	1.03033	341	0.625	0.625	293	0.728553	1.25	374	0.75	0.75	88	0.75	0.90533	297	0.75	0.90533	350	0.75	1.125	189	0.78033	0.78033	397	0.853553	1.47855	
437	0	-2	4	1	0	0	198	0.375	0.375	31	0.375	1.125	354	0.603553	1.58853	142	0.625	0.625	141	0.625	0.625	245	0.625	0.625	294	0.684017	1.46353	11	0.728553	1.71353	449	0.75	0.625	483	0.75	0.625	
438	10	3	4	1	1	0	130	0.125	0.125	396	0.25	0.25	111	0.375	0.375	311	0.875	0.90533	4	1	1	200	1	0.375	118	1.03033	0.853553	110	1.10355	1.22855	72	1.125	1.5	299	1.30902	1.10355	
439	3	3	4	0	-1	0	281	0.25	0.25	164	0.375	0.375	70	0.5	1	79	0.5	0.5	148	0.5	0.5	385	0.625	1.03033	160	0.75	0.90533	166	0.75	0.625	117	0.875	0.5	407	0.978553	1.47855	
440	-11	1	4	1	-1	0	408	0.5	0.5	459	0.75	0.75	242	0.853553	1.35355	49	0.853553	1.33853	253	0.853553	1.58853	15	0.875	1.125	268	0.875	1.03033	296	0.883883	1.125	500	0.90533	0.728553	48	0.978553	1.35355	
441	16	-4	4	-2	-1	8	456	0.125	0.125	444	0.5	0.5	378	0.625	1	353	0.75	0.875	334	0.853553	1.35355	90	0.90533	0.853553	392	1	1	482	1.10355	1.35355	330	1.18402	1.31066	317	1.25	0.875	
442	-7	-3	4	1	-2	0	432	0.5	1	107	0.5	0.5	169	0.625	0.625	2	0.625	0.875	0	0.809017	1.33853	191	1	1.15533	235	1.05902	1.35355	445	1.125	1.125	5	1.22855	1.85355	345	1.25	1.125	
443	12	-2	4	0	-1	0	488	0.375	1	426	0.5	1	480	0.603553	1.25	67	0.78033	0.78033	262	0.875	1.125	186	0.875	0.875	18	0.875	0.75	382	1	0.625	248	1	1.08853	429	1.05902	1.72855	
444	16	-3	4	-1	0	1	317	0.375	0.375	441	0.5	0.5	392	0.5	0.5	217	0.603553	1.25	456	0.625	0.625	237	0.625	0.625	378	0.875	0.875	221	0.90533	0.728553	315	1.10355	1.75	334	1.10355	1.375	
445	-7	-2	4	-1	2	0	373	0.478553	1.28033	71	0.5	1.125	216	0.684017	1.71353	169	0.75	0.75	88	0.809017	1.33853	143	0.875	1	313	0.934017	1.375	397	1	1	423	1.03033	0.603553	48	1.05902	1.68566	
446	-4	-6	4	-2	1	1	149	0.25	0.25	187	0.478553	1.28033	32	0.5	0.5	0	0.559017	1.58853	238	0.625	0.625	161	0.875	0.875	120	0.875	0.875	395	0.978553	1.28033	235	1	1.83853	447	1.10355	1.33853	
447	-6	-5	4	1	2	0	345	0.375	1.25	191	0.375	1	235	0.5	0.5	5	0.625	1.125	0	0.75	0.75	264	0.809017	1.33853	187	0.875	0.75	21	0.934017	1.83211	2	1.03033	0.853553	59	1.10355	1	
448	15	-1	4	0	1	0	134	0.5	0.5	398	0.5	1.25	410	0.728553	1.71353	367	0.728553	1.375	366	0.75	1.125	383	0.853553	1.47855	333	0.853553	1.47855	97	0.875	1.58853	155	0.978553	2.08211	181	0.978553	1.72855	
449	0	-1	4	1	-2	0	141	0.375	1.375	198	0.5	1.125	483	0.625	0.625	437	0.625	0.75	431	0.65533	0.65533	210	0.75	0.75	307	0.875	0.5	31	0.875	1.15533	294	1	1.25	183	1.05902	1.58211	
450	-7	0	4	2	1	0	326	0.478553	1.28033	71	0.625	0.625	159	0.625	0.625	123	0.625	0.625	66	0.625	1.25	471	0.75	1.25	464	0.75	1.125	216	0.75	0.75	43	0.875	0.75	195	0.875	1.03033	
451	-3	-3	4	-1	1	0	9	0.478553	1.40533	121	0.728553	1.71353	58	0.728553	1.03033	292	0.90533	0.728553	85	0.91257	2.22855	178	0.934017	1.47855	227	0.963526	0.963526	238	0.963526	0.963526	352	0.978553	1.46353	324	1	1	
452	-1	-4	4	1	0	0	427	0.5	0.5	142	0.625	0.78033	371	0.75	0.75	260	0.75	1.125	501	0.875	1	324	0.90533	0.728553	354	0.934017	2.20711	470	0.934017	1.70711	245	0.978553	1.47855	251	1	0.875	
453	-4	3	4	0	1	0	145	0.75	1.125	147	0.875	0.875	45	0.875	0.875	309	1.10355	1.10355	69	1.125	1	171	1.125	0.875	302	1.125	0.875	362	1.25	1.10355	23	1.25	0.75	414	1.35355	1.35355	
454	15	2	4	-1	0	3	338	0.125	0.125	463	0.375	1	155	0.5	1	203	0.5	0.5	269	0.603553	1.58853	247	0.603553	1.58853	485	0.625	1.15533	122	0.625	0.625	263	0.625	1.28033	181	0.728553	1.46353	
455	-15	0	4	1	0	0	95	0.375	1.125	168	0.625	0.625	312	0.625	0.625	465	0.875	0.5	80	0.875	0.875	405	0.875	0.75	267	0.963526	0.963526	55	0.978553	1.47855	422	0.978553	1.72855	24	0.978553	1.75	
456	16	-4	4	-1	-1	0	441	0.125	0.125	444	0.625	0.625	378	0.75	1.125	353	0.75	0.75	90	1.03033	0.853553	334	1.10355	1.22855	392	1.125	0.875	330	1.18566	1.18566	482	1.22855	1.22855	339	1.33853	1.13388	
457	-11	3	4	-2	-1	2	348	0.125	0.125	428	0.5	1.125	157	0.625	0.625	332	0.838526	0.838526	386	0.853553	1.83853	375	0.875	1.625	422	1.05902	1.35355	401	1.22855	1.83853	154	1.22855	2.10355	436	1.22855	1.35355	
458	8	-1	4	-1	-1	0	412	0.53033	0.53033	477	0.625	1.25	112	0.853553	1.35355	498	0.875	0.90533	272	0.875	1.03033	194	1.03757	2.10355	102	1.10355	1.22855	363	1.10355	1.10355	30	1.10355	1.47855	358	1.15533	0.728553	
459	-12	1	4	-1	-2	1	401	0.375	1	3	0.5	1.125	469	0.603553	1.28033	253	0.625	1.375	65	0.625	1.25	425	0.728553	1.71353	296	0.728553	1.60355	500	0.75	1.125	408	0.75	0.625	440	0.75	0.75	
460	7	2	4	2	1	0	391	0.125	0.125	114	0.5	0.875	399	0.625	0.625	36	0.625	0.625	47	0.684017	1.71353	20	0.728553	1.71353	496	0.75	0.75	228	0.75	0.75	438	0.934017	2.08853	358	0.978553	1.60355	
461	-1	3	4	1	2	0	331	0.625	0.625	244	0.75	0.75	301	0.90533	0.625	76	0.978553	1.46353	419	1	1	305	1	1.125	92	1.10355	1.35355	171	1.25	1.22855	44	1.31066	1.31066	394	1.35355	1.10355	
462	-12	-3	4	2	-1	0	109	0.478553	1.375	38	0.728553	1.71353	296	0.838526	0.838526	377	1	0.90533	478	1	1.15533	314	1.03757	1.58211	51	1.05902	1.70711	56	1.10355	1.625	409	1.125	0.875	153	1.15533	0.603553	
463	14	2	4	-1	-2	1	265	0.375	1.25	163	0.375	1	247	0.478553	1.375	485	0.5	0.875	364	0.559017	1.58853	181	0.603553	1.28033	333	0.603553	1.5	122	0.625	0.625	410	0.75	0.875	155	0.75	0.75	
464	-7	1	4	-1	2	0	66	0.125	0.125	471	0.25	0.25	39	0.478553	1.375	365	0.625	0.75	127	0.684017	1.71353	147	0.728553	1.58853	33	0.728553	1.71353	302	0.728553	1.60355	146	0.728553	1.375	123	0.75	0.75	
465	-15	1	4	0	-1	0	321	0.125	0.125	154	0.5	0.5	312	0.5	1.25	211	0.75	0.625	376	0.853553	2.125	115	0.875	0.5	388	0.90533	0.728553	497	0.963526	0.963526	267	0.978553	1.75	405	0.978553	1.625	
466	5	-2	4	-2	-1	3	239	0.375	1.25	215	0.5	0.875	192	0.684017	1.71353	73	0.75	0.90533	213	0.75	1.125	223	0.875	0.875	162	0.875	1.15533	99	0.963526	0.963526	194	0.978553	1.21353	182	1	1	
467	4	-3	4	2	-1	0	424	0.375	1.375	8	0.5	1.25	361	0.625	0.625	402	0.625	0.625	68	0.75	1.28033	7	0.75	0.75	102	0.853553	1.60355	194	0.853553	1.46353	207	0.875	1.03033	322	0.875	0.75	
468	3	0	4	0	1	0	250	0.625	0.625	357	0.625	0.78033	232	0.75	0.90533	258	0.75	0.75	87	0.809017	2.08211	389	0.875	0.875	144	0.875	0.875	433	0.90533	0.728553	240	0.978553	1.25	407	0.978553	1.72855	
469	-13	0	4	-2	1	0	185	0.5	0.5	481	0.5	0.5	115	0.75	1.15533	65	0.75	0.75	41	0.75	0.625	321	0.809017	1.33853	95	0.875	1	154	0.875	1.03033	425	0.875	0.75	253	0.90533	0.853553	
470	2	-3	4	0	1	0	354	0.5	0.5	125	0.5	0.5	226	0.5	1.25	279	0.603553	1.375	11	0.75	1.375	190	0.75	1.625	31	0.78033	0.78033	188	0.853553	1.375	16	0.875	1	192	0.875	0.5	
471	-7	1	4	-2	1	1	66	0.125	0.125	464	0.25	0.25	328	0.5	1.375	104	0.5	0.5	365	0.5	0.5	91	0.625	0.625	350	0.728553	1.71353	184	0.728553	1.28033	39	0.75	1.15533	43	0.75	0.75	
472	-9	-3	4	-1	-2	6	283	0.375	1.125	83	0.625	1.25	38	0.75	0.90533	51	1	1	107	1.25	1.25	109	1.25888	1.21353	246	1.28033	0.603553	2	1.30902	1.33853	423	1.35355	1	409	1.35355	1.58211	
473	-1	-1	4	2	1	0	307	0.25	0.25	483	0.375	1	449	0.5	1.125	219	0.603553	1.375	180	0.65533	0.65533	431	0.684017	1.46353	437	0.75	0.90533	198	0.853553	1.28033	141	0.853553	1.25	494	0.875	1.15533	
474	6	1	4	-2	1	1	379	0.375	1.25	150	0.603553	1.375	128	0.625	0.625	223	0.75	0.90533	230	0.75	0.65533	160	0.809017	1.33853	286	0.875	1.125	412	0.90533	0.853553	385	0.934017	1.375	228	0.978553	1.46353	
475	-9	2	4	0	-1	0	341	0.25	0.25	332	0.728553	1.375	350	0.75	0.75	297	0.75	0.75	328	0.75	0.90533	156	0.78033	0.78033	184	0.875	1.46353	174	0.875	0.75	222	0.978553	1.75	440	1	1.08853	
476	-11	-1	4	-1	0	2	253	0.25	1.125	173	0.625	0.625	401	0.625	0.78033	372	0.625	0.78033	3	0.75	0.90533	75	0.875	0.875	296	0.875	0.875	408	1	0.883883	41	1.10355	1.5	196	1.10355	1.625	
477	8	-2	4	2	-1	0	96	0.5	0.5	275	0.625	0.625	62	0.625	0.625	197	0.684017	1.71353	248	0.728553	1.71353	363	0.75	0.90533	261	0.978553	1.47855	131	1	0.625	6	1.125	0.625	323	1.15533	0.478553	
478	-11	-4	4	1	0	3	38	0.25	1.125	56	0.75	1.03033	314	0.853553	1.58853	75	1.10355	1.33853	372	1.10355	1.35355	246	1.125	0.963526	409	1.125	1	462	1.15533	0.478553	109	1.25	0.5	2	1.28757	2.375	
479	3	-4	4	-1	1	0	125	0.353553	1.28033	470	0.478553	1.28033	257	0.625	0.625	192	0.625	0.625	322	0.75	0.75	493	0.75	0.625	16	0.875	1.125	354	0.978553	1.125	226	0.978553	1.71353	467	1	1.125	
480	11	-3	4	-1	0	0	261	0.603553	1.83853	82	0.625	1.03033	429	0.75	1.15533	248	0.75	1.125	344	0.853553	2.22855	30	0.875	1.125	197	1	1	67	1	0.883883	249	1.125	1.25	266	1.25	1.125	
481	-13	0	4	1	2	0	65	0.375	1.25	469	0.5	0.5	500	0.625	0.875	115	0.728553	1.375	318	0.75	0.875	95	0.75	0.625	24	0.78033	0.75	440	0.853553	1.47855	404	0.934017	2.08211	185	1	0.75	
482	14	-2	4	1	2	0	390	0.5	0.5	217	0.5	0.5	398	0.559017	1.58853	262	0.625	0.625	14	0.625	0.75	330	0.75	0.75	448	0.75	1.15533	237	0.838526	0.838526	366	0.853553	1.47855	382	0.978553	1.35355	
483	0	-1	4	1	1	0	31	0.53033	0.53033	285	0.603553	1.71353	437	0.625	0.625	449	0.625	0.625	219	0.625	1.125	494	0.625	1.375	431	0.875	1.03033	190	0.883883	1.125	11	1	1.375	336	1.08853	1.08853	
484	-4	1	4	-2	-1	0	179	0.125	0.125	86	0.625	0.625	94	0.625	0.625	85	0.875	1.03033	159	0.978553	1.83211	81	1	1	193	1.03757	2.11886	147	1.10355	1.35355	328	1.11803	2.25	145	1.125	0.963526	
485	14	1	4	-2	-1	15	163	0.125	0.125	410	0.25	0.25	247	0.375	1.25	265	0.375	0.375	333	0.5	1.125	181	0.5	1.375	269	0.625	0.75	13	0.728553	1.58853	280	0.728553	1.71353	329	0.75	0.90533	
486	12	3	4	-1	1	0	72	0.75	0.75	231	0.75	0.75	13	0.75	0.625	259	1	1.15533	270	1	1.125	200	1.21353	1.10355	333	1.21353	0.978553	110	1.25	1	263	1.25	0.75	438	1.33853	1.13388	
487	3	1	4	-1	-1	0	63	0.125	0.125	144	0.625	1	294	0.978553	1.46353	303	0.978553	1.47855	258	1	1.125	285	1	1.15533	124	1	1	298	1	1	73	1.08853	1	250	1.125	1	
488	12	-3	4	-2	-1	5	480	0.375	1.25	413	0.625	1.25	82	0.728553	1.46353	426	0.75	0.75	40	0.75	1.25	429	0.853553	1.83853	18	0.875	0.875	261	0.934017	2.08853	266	1	1	382	1	1	
489	12	-1	4	0	-1	0	382	0.375	0.375	443	0.375	1.375	18	0.5	0.5	480	0.603553	1.58853	67	0.75	0.625	415	0.875	0.875	60	0.90533	0.728553	364	0.90533	0.728553	77	1	0.625	205	1	0.625	
490	21	3	4	0	-1	0	132	0.375	0.375	1	0.5	0.5	271	0.5	0.5	234	0.75	0.75	319	0.75	0.625	233	1.10355	1.60355	491	1.125	1	34	1.22855	1.53033	430	1.25	1.25	325	1.35355	1.35355	
491	20	3	4	0	1	0	319	0.75	0.75	325	0.78033	0.78033	1	0.875	0.875	271	0.875	0.5	234	0.875	0.625	106	0.963526	0.963526	490	1	1	233	1.03033	1.03033	406	1.15533	0.478553	34	1.375	1.22855	
492	10	-4	4	2	1	0	197	0.5	0.5	426	0.559017	1.58853	30	0.625	0.625	363	0.65533	0.65533	249	0.75	0.75	248	0.75	0.75	266	0.853553	1.83853	37	0.875	0.625	429	1	1	261	1.125	1	
493	2	-4	4	0	1	0	470	0.375	1.375	479	0.625	0.625	279	0.728553	1.71353	16	0.728553	1.375	257	0.75	0.75	31	0.853553	1.33853	119	0.853553	1.83853	467	0.853553	1.47855	192	0.875	0.875	354	0.875	0.875	
494	0	0	4	-1	1	0	219	0.25	0.25	25	0.478553	1.28033	284	0.728553	1.71353	336	0.728553	1.03033	44	0.853553	1.15533	210	0.875	1.03033	10	0.883883	1.125	343	0.978553	1.25	227	1.05902	1.21353	310	1.10355	1.22855	
495	-6	2	4	2	1	0	146	0.125	0.125	23	0.5	0.5	418	0.625	1	326	0.625	0.625	302	0.625	0.625	147	0.625	0.875	126	0.75	1.125	45	0.809017	1.33853	453	0.853553	1.46353	195	0.875	0.875	
496	7	3	4	1	-1	0	36	0.375	0.375	228	0.5	0.5	133	0.65533	0.65533	460	0.75	0.75	218	0.75	0.75	358	0.91257	2.22855	118	0.978553	1.58853	114	1	1.15533	391	1.03033	0.875	111	1.03757	1.75	
497	-13	2	4	1	-2	1	386	0.5	0.5	318	0.5	0.875	3	0.559017	1.58853	401	0.684017	1.46353	115	0.728553	1.375	199	0.75	0.75	422	0.75	0.75	459	0.875	1.03033	253	0.934017	1.83211	49	0.934017	2.08211	
498	7	0	4	-2	1	0	412	0.375	0.375	474	0.478553	1.28033	112	0.625	0.75	379	0.684017	1.71353	17	0.78033	0.75	411	0.853553	1.25	458	0.90533	0.853553	124	0.934017	1.375	357	0.934017	2.08211	93	1	0.90533	
499	-6	-1	4	-2	1	1	143	0.375	1.25	397	0.5	1.125	193	0.625	0.625	176	0.684017	1.46353	184	0.809017	1.33853	293	0.934017	1.375	442	0.978553	1.35355	216	0.978553	1.46353	450	1	1.25	71	1	1	
500	-12	0	4	2	1	0	222	0.728553	1.58853	3	0.75	0.75	440	0.75	0.90533	19	0.838526	0.838526	296	0.875	1.03033	401	0.875	0.875	24	0.875	0.5	173	0.875	1	436	0.934017	2.08211	49	1	1	
501	-1	-3	4	-1	2	0	251	0.125	0.125	260	0.125	0.125	183	0.75	0.75	324	0.875	0.75	245	0.875	0.78033	10	0.934017	2.20711	206	0.963526	0.963526	227	0.978553	1.58853	371	1	0.5	180	1.05902	1.83211	
